0.00069488172256674
0.0007102206820722124
0.0002951091816693063
0.00011964933885349559
0.0001769239579229376
0.00016344437952340007
6.896022307510077e-05
2.140999894488414e-05
2.169445413265891e-05
2.0017837444099315e-05
1.768043213911256e-05
1.6284250077779826e-05
1.515073072645046e-05
1.426635982435451e-05
1.3150771521215905e-05
1.2261285589323788e-05
1.1296216433233359e-05
1.056325735325648e-05
9.751014743773487e-06
9.134604394019286e-06
8.433095218601343e-06
7.905354564680116e-06
7.294206541068401e-06
6.8412648929656745e-06
6.3085553547975185e-06
5.920345832379452e-06
5.456107525331665e-06
5.1237437678407656e-06
4.719024701809479e-06
4.434675370825821e-06
4.081628477998226e-06
3.838533205676398e-06
3.5303710201015686e-06
3.3227228945822117e-06
3.0535774501324035e-06
2.876382683380829e-06
2.6411713289533453e-06
2.4901305973563027e-06
2.2844461348544898e-06
2.155857274582362e-06
1.9758764549288893e-06
1.8665517975944473e-06
1.7089567347662421e-06
1.6161520373623248e-06
1.4780624458874607e-06
1.3994155742622116e-06
1.2783300523927614e-06
1.2118082593858025e-06
1.1055536784911226e-06
1.0494081008912324e-06
9.997281674111074e-07
9.998664914935973e-07
9.999685241110142e-07
9.995498122349811e-07
9.957878256717025e-07
9.971912555399978e-07
9.990730686889698e-07
9.951891645635699e-07
9.982353872204587e-07
9.985792918343842e-07
9.818262461157782e-07
9.66927596188537e-07
9.715627752680085e-07
9.588489839751661e-07
9.647447685973916e-07
9.565576634137992e-07
9.603184896787423e-07
9.553267135243466e-07
9.572528051118786e-07
9.54135448946495e-07
9.54893835138682e-07
9.528254503994913e-07
9.529029779378012e-07
9.514179693570766e-07
9.511163764342637e-07
9.499593860148619e-07
9.494551431410929e-07
9.484867227382367e-07
9.478797586716496e-07
9.470234841036089e-07
9.463689414957225e-07
9.455824527832502e-07
9.44910188322979e-07
9.441697431076319e-07
9.434953827044866e-07
9.427873449297164e-07
9.421187681323574e-07
9.414351196145178e-07
9.407761186255109e-07
9.401118628812317e-07
9.39463886039938e-07
9.388158361756753e-07
9.381792892586647e-07
9.375452298282076e-07
9.369198654578641e-07
9.362981908536153e-07
9.356835173753344e-07
9.350730146417178e-07
9.34468362719386e-07
9.338680617926017e-07
9.332728429736431e-07
9.326818766634989e-07
9.320954623447876e-07
9.315131215308766e-07
9.309349652486173e-07
9.303606353021528e-07
9.297901482376714e-07
9.292232645934018e-07
9.286599865831113e-07
9.281000764641686e-07
9.275435298760429e-07
9.269901580783781e-07
9.264398920738731e-07
9.258926680744648e-07
9.253483607798106e-07
9.248068540041146e-07
9.242681431111579e-07
9.237320701751863e-07
9.231986313835612e-07
9.226676691859446e-07
9.221391841520894e-07
9.216130994439926e-07
9.210893053048728e-07
9.20567781237453e-07
9.200484477859715e-07
9.195312747501872e-07
9.19016150125295e-07
9.185030805348483e-07
9.17991995797462e-07
9.174828303430336e-07
9.169755607951123e-07
9.164701191282382e-07
9.159664902250474e-07
9.154645634629432e-07
9.149644055134076e-07
9.144658681428723e-07
9.13968992512457e-07
9.134737152813253e-07
9.129799894315295e-07
9.124877670234284e-07
9.119970662673986e-07
9.115078011743056e-07
9.110199879038787e-07
9.105335375627854e-07
9.100484762170369e-07
9.095647502352985e-07
9.090823476147411e-07
9.086012045437214e-07
9.08121320303367e-07
9.0764269302943e-07
9.071652711787697e-07
9.066890041174344e-07
9.062139321398851e-07
9.057399899908155e-07
9.052671665813393e-07
9.047954079341523e-07
9.043247666038602e-07
9.038551721277265e-07
9.033866204054963e-07
9.029190638287073e-07
9.024525146003132e-07
9.019869589084298e-07
9.015223810676364e-07
9.010587041851419e-07
9.005960059615793e-07
9.001341875233909e-07
8.996732846425404e-07
8.992132450306408e-07
8.987541267086719e-07
8.982958333130572e-07
8.978383384504263e-07
8.973817505711965e-07
8.969259334842956e-07
8.964708930865795e-07
8.960166823220797e-07
8.955632480862304e-07
8.951105585700588e-07
8.946586108748438e-07
8.942074329452439e-07
8.937569630704406e-07
8.933072197363226e-07
8.928581748697481e-07
8.924098260928442e-07
8.91962197211474e-07
8.915151999167918e-07
8.910689015128523e-07
8.906232227971161e-07
8.90178231511571e-07
8.897338532587386e-07
8.892901314296136e-07
8.88847013404309e-07
8.884044910346789e-07
8.879626170332498e-07
8.875213026301113e-07
8.87080569195614e-07
8.866404581620086e-07
8.862008841749977e-07
8.857619020923222e-07
8.853234385615015e-07
8.848855604324493e-07
8.844482333624247e-07
