6.073828286562719e-14
3.817826435189895e-14
3.262501073540361e-14
7.978830422694947e-14
4.251524457008224e-14
7.138980323395724e-14
4.4676793496386523e-14
7.754147796812018e-14
4.3787822016951904e-14
3.685753049954234e-14
1.4445550907496578e-13
5.718290614036142e-14
7.044853886612264e-14
7.38596211336775e-14
6.258644823528523e-14
1.0376784519739018e-13
2.5258571922524187e-14
5.0052173211422736e-14
3.859812397522958e-14
4.0628983246418065e-14
4.849455523380053e-14
3.548349490427137e-14
8.164509644526212e-14
7.887163917111769e-14
4.4878394817778166e-14
5.823715165402803e-14
6.031399575771885e-14
9.826189053062032e-14
3.6463848337124704e-14
7.59591144485773e-14
6.28028940238866e-14
7.881234560413762e-14
7.958069500703213e-14
8.715068754152506e-14
4.425650780202219e-14
1.1268228997674023e-13
4.327721081060056e-14
6.148050221021979e-14
9.78129550904973e-14
4.9692165384117184e-14
8.114214234751176e-14
5.190116601776891e-14
6.936986578086445e-14
4.768293166965828e-14
5.6494697697849336e-14
3.1378212163913635e-14
8.194583183167691e-14
3.60785116125026e-14
7.006627522536792e-14
8.551373951212669e-14
4.7110691717137384e-14
3.341979862260117e-14
4.901555548601952e-14
5.854964439667083e-14
7.054443113985726e-14
3.660553839662426e-14
3.787657026214614e-14
4.6415823128839155e-14
4.9160992669968586e-14
6.67271798945234e-14
8.043085261621452e-14
1.311044840827431e-13
1.1069613780296507e-13
2.258213718260028e-13
1.7911358825816556e-13
8.865671522595344e-14
9.26758146807655e-14
1.5395700619671576e-13
1.0835607981231669e-13
8.757392486611412e-14
8.304907047301193e-14
7.131895474654787e-14
1.3181535476912033e-13
1.165053552231001e-13
8.684536916197346e-14
7.9477372913897e-14
7.263965527822398e-14
5.292715920974478e-14
1.0503562111717887e-13
1.223979761434205e-13
7.058505963193279e-14
5.262112594039322e-14
6.848303920074914e-14
1.2304516028191602e-13
8.810573047490578e-14
9.321819645979417e-14
1.0529886848709362e-13
5.154731446874742e-14
1.0829343282109954e-13
7.982867656682069e-14
6.212786873791443e-14
1.2635470004973474e-13
1.584253559038512e-13
1.0794788943448503e-13
1.0489940313961233e-13
1.39602691001369e-13
9.910629242946473e-14
1.0390948623164793e-13
1.0584521954801441e-13
1.3450483690022027e-13
1.9276762458395588e-13
1.5394381823666767e-13
1.144454249196252e-13
9.376228650396634e-14
7.709960580126727e-14
1.0076564913492836e-13
6.946099999728975e-14
4.1637068742286195e-14
1.2111242312568685e-13
8.658012553443158e-14
1.1204947385253354e-13
1.6530823004562497e-13
1.0738432211170098e-13
7.496756499651745e-14
8.072213532091111e-14
7.725172967197062e-14
1.8709366596352645e-13
1.9363037588489902e-13
1.4922599057623057e-13
9.240979722546569e-14
8.721068990422396e-14
9.603204474801292e-14
1.3462584075224622e-13
2.076252030629443e-13
1.2338622267816204e-13
8.142133537796171e-14
1.2002222944339256e-13
1.5948219471857579e-13
8.798051706076343e-14
7.516311804281363e-14
6.684732501322798e-14
1.1284402857077341e-13
1.3326774651458168e-13
1.3392967828189889e-13
1.347220360442718e-13
7.970478217151082e-14
1.1257263077671527e-13
1.1646038606391978e-13
1.1878847901826544e-13
1.6560057594229238e-13
1.1519423349779097e-13
1.454434596919888e-13
1.878330937693473e-13
5.866773982320398e-14
1.6393796709779396e-13
1.178036496372132e-13
9.549085169055667e-14
6.483704919164608e-14
1.5249275140074584e-13
8.911802324313289e-14
1.1382859973537602e-13
1.160512042088266e-13
7.543862901907529e-14
1.0317068124212659e-13
6.430482819758801e-14
1.0942498047715914e-13
2.0618444801806052e-13
2.2971211006174696e-13
1.7316433839180566e-13
9.401837615795873e-14
1.0098202190026514e-13
1.334365318924018e-13
1.4024958026745435e-13
9.614718127675592e-14
1.139932511510857e-13
1.1223108927493725e-13
1.4481520644191193e-13
1.9515495833723888e-13
5.45685396183998e-14
6.372361884542518e-14
9.31093823338304e-14
7.646848335117401e-14
1.290872174651292e-13
1.056930283343493e-13
4.341994272888576e-14
1.7960725480489122e-13
1.4213788115820285e-13
9.872433308715671e-14
2.667001863164789e-13
2.6420914285555987e-13
1.7813673895217958e-13
9.768781927019749e-14
7.587428264121513e-14
7.015465223976004e-14
5.4700791112210433e-14
8.369899736872248e-14
1.6885417161928774e-13
1.3979215125410732e-13
1.2780082053852876e-13
7.898404256335566e-14
1.5013665378562324e-13
2.2448834033582536e-13
1.3964678818758308e-13
5.125554170038189e-14
7.321124832580999e-14
6.205762034979881e-14
9.40818678153388e-14
9.563063737887655e-14
8.375229686168838e-14
9.049719098408881e-14
1.0876160018186169e-13
