0.013315376116991967
0.02958466098692642
0.05955903281744256
0.06702653259908631
0.018595817548878832
0.011592262307276736
0.013714222773371101
0.008686925544086326
0.0037321365365078907
0.000776430111746525
0.0006548920655043387
0.0009385123274055741
0.0008084900143691908
0.0005758968956012343
0.0004082514628372072
0.0003036514950210317
0.0002604761355298049
0.00023328108919936627
0.00022535067695037675
0.000209867815351614
0.00020273610369647588
0.00018608569758682314
0.00017769287097055622
0.00016154077717555286
0.0001539424592761644
0.00013956020026778968
0.000133281419683761
0.00012066941225083008
0.00011552276545183135
0.00010440851744852563
0.00010017142626530089
9.033926713039486e-05
8.68590492908591e-05
7.814982296895177e-05
7.531136937246953e-05
6.75919122603441e-05
6.529772201344318e-05
5.8450562764494006e-05
5.6616112353533115e-05
5.053750212486298e-05
4.9090049004818255e-05
4.3688819561938435e-05
4.2566109641358904e-05
3.776226616403439e-05
3.691112657489414e-05
3.263446284255755e-05
3.200953029689849e-05
2.8198406712195013e-05
2.776103575591892e-05
2.4361317590533065e-05
1.5566717601134015e-05
1.1964115995632698e-05
7.290055970766416e-06
4.989423204807863e-06
3.0808459652948056e-06
2.3372730033879187e-06
1.4062755592673102e-06
1.1941749979044776e-06
6.656318416159593e-07
5.801099001424783e-07
2.4794826162546605e-07
2.6919637379106114e-07
1.2795673269351558e-07
1.5891615836496996e-07
8.997673271638482e-08
1.1374253309129642e-07
7.848996311273374e-08
9.422123428576281e-08
7.603692484183355e-08
8.567415546029276e-08
7.62005832198187e-08
8.183766440064421e-08
7.683039703220817e-08
8.003904698985999e-08
7.736236881201266e-08
7.916693049584375e-08
7.773432489449503e-08
7.875354982967216e-08
7.799886390515827e-08
7.85890404151107e-08
7.82103567378287e-08
7.857135743243097e-08
7.840471313829857e-08
7.86463304723805e-08
7.860205700608809e-08
7.878439999210443e-08
7.88132493798078e-08
7.896878361377191e-08
7.904293410360678e-08
7.918905777014371e-08
7.929332720675513e-08
7.943922837969069e-08
7.95644917509922e-08
7.971470464676925e-08
7.985574926712728e-08
8.001246701895461e-08
8.016602516521918e-08
8.032996190489996e-08
8.049415140815856e-08
8.066547207643209e-08
8.083860522410666e-08
8.101713526217081e-08
8.119819808002843e-08
8.138357944938606e-08
8.15715481957761e-08
8.176317093858507e-08
8.195748225416044e-08
8.215499922335268e-08
8.235493706089208e-08
8.255770105102176e-08
8.276272740131966e-08
8.297021755480205e-08
8.317997033665156e-08
8.33917574400654e-08
8.360549745170997e-08
8.382129459461499e-08
8.403875249229546e-08
8.425799526572654e-08
8.447869262583963e-08
8.47010352516274e-08
8.492474460192604e-08
8.514967295567321e-08
8.537591856310207e-08
8.560330291989852e-08
8.583178794663574e-08
8.606118205582665e-08
8.629162880865935e-08
8.652288327578565e-08
8.675487140119154e-08
8.698760779672316e-08
8.722094274134696e-08
8.745488312205816e-08
8.768926361989722e-08
8.7924291215689e-08
8.815954685220227e-08
8.839528537079032e-08
8.863124372214268e-08
8.886738141113026e-08
8.910370423033006e-08
8.934026311141407e-08
8.957681146826391e-08
8.981345180691915e-08
9.004999467917666e-08
9.028658376659506e-08
9.052303646052224e-08
9.075933150238842e-08
9.099537416040523e-08
9.12312669857621e-08
9.146694164846278e-08
9.170221225503401e-08
9.193710277466302e-08
9.217173092140814e-08
9.240585650259732e-08
9.263951761338442e-08
9.287268341627957e-08
9.310548056057845e-08
9.333761337527719e-08
9.356913533156057e-08
9.380000048359473e-08
9.403030801545113e-08
9.425994952211993e-08
9.448884160929451e-08
9.47169033362896e-08
9.494437560907171e-08
9.517093103203309e-08
9.539677151654746e-08
9.562175110289376e-08
9.584595757735944e-08
9.606908017019723e-08
9.629132154594344e-08
9.651285273591369e-08
9.673317676857602e-08
9.695258399885891e-08
9.71711456258782e-08
9.738858638778638e-08
9.760491598702997e-08
9.782024299195524e-08
9.803457816876829e-08
9.824772043329413e-08
9.845980488585906e-08
9.86707496038122e-08
9.888058134875716e-08
9.908928206831477e-08
9.929666852754897e-08
9.950299145148495e-08
9.97080400755215e-08
9.99120054899519e-08
1.0011463783238681e-07
1.0031608312233535e-07
1.0051618238305443e-07
1.0071504432047601e-07
1.0091273048718945e-07
1.011089749717864e-07
1.0130400682855684e-07
1.0149781362241893e-07
1.0169015143214e-07
1.0188124595858243e-07
1.0207091981930057e-07
1.0225939647894783e-07
1.0244643778148873e-07
