5.927756136496678
5.231362297478285
2.788892478261485
1.688610555186975
1.42051880101165
1.1621934546922823
0.45306039645331164
0.19932878187699177
0.14732809670284017
0.12539248542546902
0.10607347698653188
0.09266404817138636
0.08426689953088987
0.07869152790850018
0.07276944405533385
0.0679808368022763
0.06297558356708936
0.05894622966932216
0.054645923822020916
0.05116586315230966
0.04740402745652699
0.044387089766995
0.04109675637771447
0.03848978064288398
0.035617159513206945
0.03336850962929038
0.03086187780297975
0.028923912638158522
0.026736528998929403
0.025067551472328954
0.02315853873599225
0.021722415237276534
0.0200561617026923
0.018821505183424715
0.017366924325967058
0.016306440510795352
0.015036382993707851
0.014126354495511096
0.013017124608742648
0.012236965636066736
0.011267897404089105
0.010599757960369625
0.009752838160414931
0.009181253466907012
0.008440787913405282
0.007952369804955096
0.00730468937095454
0.0068878555578777015
0.006321057913409773
0.005965794954750259
0.0014174227794738613
0.0027322087535643106
0.0005395542048159473
0.0005044235684407022
0.0003962670788469754
0.0003037173875036799
0.00027538419086248
0.00017218047237860232
0.0001587416346655844
4.51693225921952e-05
3.43359855948413e-05
3.447420706387856e-05
3.431009495463925e-05
3.436566878738832e-05
3.4285419672957174e-05
3.430612963125598e-05
3.425914532115732e-05
3.426263706256871e-05
3.4230753206225725e-05
3.4225148728093384e-05
3.420072750098268e-05
3.4190253084507435e-05
3.416968955611869e-05
3.415660909494231e-05
3.4138094836342654e-05
3.412362531893962e-05
3.410622287477371e-05
3.409101911861775e-05
3.407423230463826e-05
3.4058646989259786e-05
3.404220936640549e-05
3.402643246235861e-05
3.401019946089358e-05
3.399433312308217e-05
3.397822562071037e-05
3.396232453729093e-05
3.39462988372404e-05
3.393039203492765e-05
3.3914423720788004e-05
3.389852636466675e-05
3.388260156291435e-05
3.386672134032043e-05
3.385083196411276e-05
3.383497255766871e-05
3.381911372419441e-05
3.380327667422529e-05
3.378744528552732e-05
3.377163101550116e-05
3.3755824981006467e-05
3.374003333666999e-05
3.3724251151711046e-05
3.370848169793614e-05
3.369272220451435e-05
3.3676974378318584e-05
3.3661236632415894e-05
3.36455098286307e-05
3.362979303203604e-05
3.361408664272543e-05
3.3598390091360695e-05
3.358270353292745e-05
3.356702659536555e-05
3.35513593088867e-05
3.353570141696891e-05
3.352005287843681e-05
3.3504413504385866e-05
3.348878322269492e-05
3.347316188319232e-05
3.345754940137349e-05
3.344194564889581e-05
3.342635053701889e-05
3.3410763955508026e-05
3.339518581407163e-05
3.337961601529662e-05
3.3364054472643363e-05
3.334850109729363e-05
3.3332955804069476e-05
3.331741851339346e-05
3.330188914486044e-05
3.328636762436822e-05
3.3270853875713806e-05
3.325534783116358e-05
3.32398494207234e-05
3.322435857525727e-05
3.320887523404496e-05
3.319339933184511e-05
3.317793081056641e-05
3.3162469610682154e-05
3.314701567510919e-05
3.3131568950747326e-05
3.3116129384697054e-05
3.3100696923174544e-05
3.308527151929928e-05
3.306985312306204e-05
3.3054441689446633e-05
3.3039037171782776e-05
3.302363952869411e-05
3.300824871576961e-05
3.29928646934795e-05
3.297748742185426e-05
3.296211686167884e-05
3.29467529774555e-05
3.2931395732526874e-05
3.291604509256294e-05
3.290070102260038e-05
3.288536349162516e-05
3.287003246792532e-05
3.285470791960632e-05
3.2839389818929694e-05
3.282407813526942e-05
3.2808772843742916e-05
3.2793473915702725e-05
3.277818132621693e-05
3.276289505055022e-05
3.2747615063713844e-05
3.273234134351469e-05
3.2717073867424695e-05
3.2701812611974215e-05
3.268655755851061e-05
3.2671308685191855e-05
3.2656065973364305e-05
3.264082940375111e-05
3.262559895785547e-05
3.26103746197498e-05
3.259515637120395e-05
3.257994419553288e-05
3.2564738078024156e-05
3.254953800514666e-05
3.253434396012485e-05
3.2519155928353005e-05
3.250397390058286e-05
3.248879785945412e-05
3.2473627794309253e-05
3.245846369441968e-05
3.244330554692797e-05
3.242815334094631e-05
3.241300706867452e-05
3.2397866716761236e-05
3.238273227750011e-05
3.2367603740904754e-05
3.235248109983436e-05
3.233736434489898e-05
3.232225346896696e-05
3.230714846377213e-05
3.229204932255728e-05
3.227695603982918e-05
3.226186860740287e-05
3.224678701951318e-05
3.223171127181748e-05
3.2216641359123794e-05
3.2201577274418425e-05
