0.26502438625667746
1.1199832340254698
0.05830231599493768
0.0039450830223988894
0.0016390578613426853
0.000997756932279816
0.0006767128911356854
0.000492991056774492
0.0003784373359812581
0.00030213589713902017
0.0002480558834529828
0.00020840406399217403
0.0001784383286302361
0.00015517073261270194
0.00013669391387262123
0.00012174116886253546
0.00010944270693340808
9.918397236600999e-05
9.052004570688211e-05
8.312211063988345e-05
7.674272033020625e-05
7.11927006007667e-05
6.632538357020499e-05
6.202562375492205e-05
5.820199428726749e-05
5.478114808396869e-05
5.1703686947137584e-05
4.892109457721974e-05
4.63934473504918e-05
4.4087644240075377e-05
4.1976032864300554e-05
4.003536365151034e-05
3.824599362351575e-05
3.659121931925622e-05
3.5056753847820896e-05
3.363030755296269e-05
3.230124999517642e-05
3.106033489896573e-05
2.9899478495541888e-05
2.8811600644234988e-05
2.779043517582199e-05
2.683038448010884e-05
2.592648642000489e-05
2.507429909932129e-05
2.4269834352872617e-05
2.350949988528966e-05
2.279004842818486e-05
2.2108538795616774e-05
2.1462317518148485e-05
2.0848928515430332e-05
2.0266157742502514e-05
1.9711983377470303e-05
1.9184553746757593e-05
1.868214712262161e-05
1.8203200471024396e-05
1.7746277346821398e-05
1.7310053276938856e-05
1.6893312415270397e-05
1.6494933170296852e-05
1.61138788531411e-05
1.574919115725601e-05
1.5399983341142254e-05
1.5065450715358674e-05
1.4744831653474727e-05
1.4437402927349976e-05
1.414250622325567e-05
1.3859526690062996e-05
1.3587894192567495e-05
1.3327075825541117e-05
1.3076572543867807e-05
1.283591685755319e-05
1.2604684323700804e-05
1.238245166571943e-05
1.2168837745483798e-05
1.1963483330761358e-05
1.1766032973325443e-05
1.1576164679588195e-05
1.1393571621564247e-05
1.1217962901553174e-05
1.1049062998283231e-05
1.0886610018612706e-05
1.0730354807065212e-05
1.0580059235972603e-05
1.0435496894543926e-05
1.0296452520307688e-05
1.0162729340731388e-05
1.0034137916019406e-05
9.91047049283873e-06
9.791548358605609e-06
9.677197574453882e-06
9.567251074445199e-06
9.461548319441436e-06
9.359935255048502e-06
9.262263217542084e-06
9.168388850767708e-06
9.078175582746178e-06
8.991497664873833e-06
8.908238127559351e-06
8.828258002050438e-06
8.751436594511066e-06
8.677661556998136e-06
8.606822762714506e-06
8.538813815448773e-06
8.473532066927387e-06
8.410878240161604e-06
8.350756790137347e-06
8.293075442877877e-06
8.237747834312924e-06
8.184702957639985e-06
8.13384172621751e-06
8.08508263325859e-06
8.038348448704601e-06
7.993564191521226e-06
7.950657395612802e-06
7.909556501597652e-06
7.87019533963531e-06
7.832508464555696e-06
7.79643252437801e-06
7.761907057440128e-06
7.728882246436347e-06
7.697291026226732e-06
7.667077581762239e-06
7.638188298384438e-06
7.610571306816038e-06
7.5841766059737625e-06
7.558955607366275e-06
7.534860736843889e-06
7.511852062204583e-06
7.489884948717664e-06
7.468912649568166e-06
7.4489019039885465e-06
7.429806662859507e-06
7.411586479467979e-06
7.394203852030808e-06
7.377622208449263e-06
7.361806416187916e-06
7.346722571488124e-06
7.332337665399131e-06
7.318619959335146e-06
7.305538557450523e-06
7.293068614118804e-06
7.28118749063925e-06
7.269857581305204e-06
7.2590504599240075e-06
7.248739765769719e-06
7.2389000164327715e-06
7.2295066058365544e-06
7.2205356816750386e-06
7.2119641804602114e-06
7.203772859102472e-06
7.1959426847212835e-06
7.188447435623234e-06
7.181273478516839e-06
7.1743967549909914e-06
7.167796433175839e-06
7.161454480554759e-06
7.1553533091194105e-06
7.14947592689506e-06
7.143805918957372e-06
7.1383274421183484e-06
7.133031440707636e-06
7.127899209995983e-06
7.122914428688115e-06
7.118070639147448e-06
7.113348398733468e-06
7.108734334645442e-06
7.10421624605859e-06
7.0997822868504445e-06
7.095421068398981e-06
7.091121623528458e-06
7.086873403084701e-06
7.082666254180584e-06
7.078490309306139e-06
7.074336902549925e-06
7.070204826142255e-06
7.0660816618597455e-06
7.0619544598338594e-06
7.057815112283813e-06
7.053655698167839e-06
7.049468800410619e-06
7.045247183617316e-06
7.040983977068181e-06
7.03667254688521e-06
7.032313027972073e-06
7.02789981511577e-06
7.023426113763043e-06
7.018880720985828e-06
7.014258423078386e-06
7.009559004324533e-06
7.004776506070248e-06
6.999902530386797e-06
6.994932743068072e-06
6.989863019455445e-06
6.984695062468892e-06
6.979420122987864e-06
6.9740342686691804e-06
6.96853549404883e-06
6.9629242299909426e-06
6.9571930439653655e-06
6.9513393209313595e-06
6.945360670180074e-06
6.9392548820147505e-06
6.933019946571553e-06
6.926654049734495e-06
6.920155568593653e-06
6.913523066487645e-06
6.906758537603268e-06
6.899858764441641e-06
6.892821905057809e-06
6.885647331425842e-06
6.878339610153949e-06
6.8708931621084025e-06
6.863307672785545e-06
6.855582957092822e-06
6.847718948803774e-06
6.839715693300366e-06
6.831573338307561e-06
6.823292124229736e-06
6.814872374357678e-06
6.806314485122011e-06
6.797618932963409e-06
6.788786314375365e-06
6.779818753154366e-06
6.770715689122306e-06
6.761478711590439e-06
6.752110585234367e-06
6.742608562537221e-06
6.732973304679071e-06
6.723205479846029e-06
6.713305759716715e-06
6.703274797854775e-06
6.693113230047921e-06
6.682821702288895e-06
6.672400864279921e-06
6.6618513351650925e-06
6.651173861558985e-06
6.640372792205225e-06
6.6294486922995486e-06
6.61839848698439e-06
6.607223270644953e-06
6.595923307477963e-06
6.584499152184952e-06
6.572952289751721e-06
6.561283751372442e-06
6.549493273205374e-06
6.537581810898983e-06
6.525550840716897e-06
6.513405872422091e-06
6.501145629455338e-06
6.488770069047358e-06
6.476278956257501e-06
6.463673540293157e-06
6.450955136264827e-06
6.438125155881483e-06
6.425185028381546e-06
6.412136270248125e-06
6.398982530210813e-06
6.385725805700497e-06
6.372365395128267e-06
6.35890299607913e-06
6.345340364795846e-06
6.331679289047379e-06
6.317921580907867e-06
6.304069069685002e-06
6.2901235952901565e-06
6.276087002667094e-06
6.261961135882546e-06
6.247747830152504e-06
6.233448921833082e-06
6.219069932184835e-06
6.204609132056175e-06
6.19006813613846e-06
6.175448510168609e-06
6.160752832259368e-06
6.145982875041823e-06
6.131139538431533e-06
6.116224535956715e-06
6.101239530646853e-06
6.0861861497822535e-06
6.071066008033372e-06
6.0558806886799635e-06
6.040631762436883e-06
6.0253207611746006e-06
6.009949222956674e-06
5.994518814846446e-06
5.979033962842209e-06
5.963493115237168e-06
5.947897796614026e-06
5.932249454591301e-06
5.916549563178544e-06
5.900799566731113e-06
5.885000908064383e-06
5.869155094338331e-06
5.85326356620341e-06
5.8373277747421865e-06
5.821349106774966e-06
5.805328959243136e-06
5.789268709185451e-06
5.773170839450859e-06
5.757037016443197e-06
5.740867027679052e-06
5.724662143475922e-06
5.708423601187703e-06
5.692152629756059e-06
5.6758503443722985e-06
5.659518597400433e-06
5.643160352672942e-06
5.626775570544317e-06
5.610363655926331e-06
5.593925543942901e-06
5.577462111614655e-06
5.560974193653235e-06
5.544462624088694e-06
5.527928137501577e-06
5.5113715033980055e-06
5.494793362527323e-06
5.478194368686854e-06
5.4615751429648436e-06
5.444936259771031e-06
5.428278298063025e-06
5.4116017986037015e-06
5.394907445625962e-06
5.378197412226097e-06
5.3614703346662655e-06
5.344726632375463e-06
5.3279667825536754e-06
5.311191219730522e-06
5.294400392648534e-06
5.277595377502533e-06
5.260776985229847e-06
5.243944628983459e-06
5.227098774252465e-06
5.210239897484518e-06
5.1933685170165546e-06
5.176485114857389e-06
5.159590555039117e-06
5.14268628859987e-06
5.125772063565534e-06
5.108849143392373e-06
5.091916898012386e-06
5.074975938672902e-06
5.0580268975319e-06
5.041070426766633e-06
5.0241081696699245e-06
5.007142754807714e-06
4.99017258008746e-06
4.973198967759734e-06
4.9562213631116345e-06
4.939241691133893e-06
4.922259507384447e-06
4.905276882012476e-06
4.888296986795175e-06
4.87131682241483e-06
4.854337205317604e-06
4.837358940115823e-06
4.820382821826518e-06
4.803409637788944e-06
4.786440168856305e-06
4.769475189954277e-06
4.7525154702123395e-06
4.735562951613733e-06
4.71861833301273e-06
4.7016811715397216e-06
4.684752214564973e-06
4.6678322029735485e-06
4.650921870588504e-06
4.634021944362332e-06
4.617135386751169e-06
4.600261063194012e-06
4.5834005789444775e-06
4.56655334722105e-06
4.54972005950582e-06
4.532901411007778e-06
4.516098092659121e-06
4.499312444047353e-06
4.482544852526801e-06
4.465794619535432e-06
4.449062447214173e-06
4.432349756533045e-06
4.415657960190275e-06
4.398986847038577e-06
4.382337993089341e-06
4.365710557519106e-06
4.3491057935578065e-06
4.332526318348248e-06
4.315971389605951e-06
4.299440718673433e-06
4.28293498273983e-06
4.2664549306133005e-06
4.250001264690596e-06
4.23357472385946e-06
4.217176015453744e-06
4.200805877311796e-06
4.1844650714553915e-06
4.168154298987264e-06
4.1518742861640314e-06
4.135628378887006e-06
4.119415108850377e-06
4.103235441947368e-06
4.087090417219772e-06
4.070981006884212e-06
4.054907670986421e-06
4.0388712253619665e-06
4.022871400903838e-06
4.006908849078127e-06
3.990984250158142e-06
3.975098329326655e-06
3.959251756283483e-06
3.943445148629809e-06
3.927679100302842e-06
3.911954503268205e-06
3.896273068664446e-06
3.8806340058971216e-06
3.865037877586085e-06
3.849485225010447e-06
3.833977842583258e-06
3.818515414584723e-06
3.8030979611354014e-06
3.7877259292427098e-06
3.772400515930017e-06
3.75712183495334e-06
3.741889780557921e-06
3.726704702550031e-06
3.7115669258116638e-06
3.69647772691173e-06
3.6814369676934815e-06
3.6664447932551267e-06
3.6515022650014973e-06
3.6366088822753207e-06
3.6217642704954744e-06
3.606968581042259e-06
3.592221967343644e-06
3.5775251201858315e-06
3.5628785381124865e-06
3.548281322556183e-06
3.5337335364188813e-06
3.5192352427170607e-06
3.504787363107143e-06
3.490389281999457e-06
3.4760407495353377e-06
3.4617343730547203e-06
3.447481372419643e-06
3.433280233338899e-06
3.4191291149263664e-06
3.405027685357957e-06
3.390975838652075e-06
3.3769736431011203e-06
3.363021213912309e-06
3.3491181254442635e-06
3.3352643312420875e-06
3.321460871879238e-06
3.307708362160857e-06
3.2940048909655107e-06
3.2803509058956824e-06
3.2667459176771597e-06
3.2531907420678424e-06
3.239684481862932e-06
3.2262268745078907e-06
3.2128178284480506e-06
3.1994572624097994e-06
3.1861453564225785e-06
3.1728821272529607e-06
3.1596671627232735e-06
3.1465003933247545e-06
3.133381749892898e-06
3.1203111637742397e-06
3.10728856700157e-06
3.094313892433373e-06
3.0813870738394286e-06
3.0685080459337782e-06
3.0556767443674553e-06
3.0428931056880427e-06
3.0301570668930507e-06
3.0174685657546103e-06
3.004827541925378e-06
2.9922339431666015e-06
2.979687708397232e-06
2.967188770588078e-06
2.9547370707105453e-06
2.9423323577908257e-06
2.9299741907387505e-06
2.9176634276365707e-06
2.905399966055542e-06
2.8931843270219247e-06
2.881015612954444e-06
2.8688941569831886e-06
2.8568200682975316e-06
2.844792711161035e-06
2.832812034581647e-06
2.820877970464462e-06
2.8089904688608496e-06
2.7971494861094274e-06
2.7853549218925918e-06
2.773606713569708e-06
2.7619048005676614e-06
2.7502491226926706e-06
2.738639620122858e-06
2.7270762334282147e-06
2.715558922854351e-06
2.704087886778893e-06
2.692662821838664e-06
2.6812835466233945e-06
2.669950905314119e-06
2.6586642632209203e-06
2.6474233221473667e-06
2.636228024860085e-06
2.6250783320457557e-06
2.613974189265329e-06
2.6029155552482644e-06
2.591902556092506e-06
2.580935134305788e-06
2.570012970067203e-06
2.5591360989155237e-06
2.548304506434613e-06
2.537518018339973e-06
2.526776665911962e-06
2.516080406687393e-06
2.505429227575972e-06
2.4948230524478174e-06
2.484261812576561e-06
2.4737461821811703e-06
2.4632756804308074e-06
2.452850208564773e-06
2.442469994372795e-06
2.4321344212458558e-06
2.4218441842503482e-06
2.4115986761840287e-06
2.401397625245083e-06
2.3912409591052584e-06
2.3811285763280057e-06
2.37106042760327e-06
2.3610364244500603e-06
2.3510565005214136e-06
2.3411209421957276e-06
2.331229512847051e-06
2.321381898789945e-06
2.3115780450703113e-06
2.301817978601549e-06
2.2921015106821646e-06
2.28242849246235e-06
2.2727995859388985e-06
2.263213883251336e-06
2.2536713344560414e-06
2.244171747601975e-06
2.2347149813250667e-06
2.2253009971133112e-06
2.2159295984930247e-06
2.206601263229121e-06
2.1973154292723483e-06
2.1880717558580207e-06
2.178870110910371e-06
2.1697110636722817e-06
2.160593922012086e-06
2.151518367624252e-06
2.1424842675492336e-06
2.133491542297801e-06
2.124540145163982e-06
2.1156296690937615e-06
2.1067599535380537e-06
2.0979308256976834e-06
2.089142060283779e-06
2.080393566290054e-06
2.0716851310372055e-06
2.0630166266938012e-06
2.054387867434739e-06
2.0457986709942354e-06
2.037248851933392e-06
2.0287382334829636e-06
2.0202668402703953e-06
2.0118343808238638e-06
2.0034408762891023e-06
1.9950862467145956e-06
1.9867698868420596e-06
1.9784917753577843e-06
1.9702514243159767e-06
1.962048632652198e-06
1.9538832103686443e-06
1.945754960673216e-06
1.9376636658686415e-06
1.92960912053827e-06
1.9215911427487536e-06
1.9136097557909663e-06
1.905664479563299e-06
1.8977551265177575e-06
1.8898814772287156e-06
1.8820433200499025e-06
1.874240445576157e-06
1.8664726443361915e-06
1.858739881063218e-06
1.8510418160797217e-06
1.8433782187821297e-06
1.8357499800453231e-06
1.8281567899656205e-06
1.820597497490411e-06
1.8130718026581876e-06
1.805579980528923e-06
1.798121644960927e-06
1.7906963584641444e-06
1.7833039695320896e-06
1.7759445879624504e-06
1.7686179796242955e-06
1.7613242474182038e-06
1.7540628904740146e-06
1.7468333955607187e-06
1.7396355924714013e-06
1.7324692915240144e-06
1.7253346215398625e-06
1.7182310364438728e-06
1.7111585324174205e-06
1.7041173038587316e-06
1.6971068565256486e-06
1.6901276837166103e-06
1.6831787973089196e-06
1.6762600364718999e-06
1.6693712448336737e-06
1.6625122665445687e-06
1.6556829467388692e-06
1.6488831317632264e-06
1.6421133615388032e-06
1.6353728608831274e-06
1.628661886062752e-06
1.621980113177309e-06
1.6153270966803685e-06
1.6087027077822467e-06
1.6021067770003263e-06
1.5955391599371893e-06
1.5889997269119434e-06
1.5824883370273617e-06
1.5760048338388767e-06
1.5695495440197413e-06
1.5631228540982645e-06
1.5567237414833855e-06
1.5503522371453844e-06
1.5440082099895297e-06
1.5376912308444125e-06
1.5314020120375549e-06
1.5251396488675403e-06
1.5189039228401891e-06
1.512694699025952e-06
1.5065118434137042e-06
1.5003552229793167e-06
1.4942247362867086e-06
1.4881202541445362e-06
1.4820417808120542e-06
1.4759895439531833e-06
1.469962875963592e-06
1.4639616495951632e-06
1.4579857685844613e-06
1.4520350770548582e-06
1.4461096195425575e-06
1.4402092276577917e-06
1.4343336653267925e-06
1.428482807533028e-06
1.4226565365150782e-06
1.4168547694227921e-06
1.4110773602859663e-06
1.405324184653533e-06
1.3995952192021559e-06
1.3938907888713804e-06
1.388210274399246e-06
1.3825540846760481e-06
1.3769219628651067e-06
1.3713134168912653e-06
1.3657283424363846e-06
1.3601666366266384e-06
1.3546281981541135e-06
1.3491129287398795e-06
1.3436207462580376e-06
1.3381516861218375e-06
1.3327059596988516e-06
1.3272830143716022e-06
1.3218827705757266e-06
1.3165051297337013e-06
1.3111499975437793e-06
1.3058175142541972e-06
1.3005075833956357e-06
1.2952199019492436e-06
1.2899547983793251e-06
1.2847119407662576e-06
1.2794910980969674e-06
1.2742921888362268e-06
1.2691151664801989e-06
1.263959982499409e-06
1.258826949097029e-06
1.253715535748091e-06
1.2486256625158752e-06
1.24355725147812e-06
1.2385102298286805e-06
1.233484682078851e-06
1.2284805762647217e-06
1.223497646782919e-06
1.2185358239493932e-06
1.2135950386724742e-06
1.2086752224730657e-06
1.2037763119629472e-06
1.1988982459926798e-06
1.1940409665397384e-06
1.1892043876017207e-06
1.1843884407912211e-06
1.179593062437458e-06
1.1748181992398467e-06
1.1700638011400174e-06
1.1653297914437115e-06
1.1606164311865219e-06
1.1559233158156984e-06
1.1512504137228887e-06
1.146597653438875e-06
1.141964942562309e-06
1.13735221150289e-06
1.1327594296759093e-06
1.1281868550074904e-06
1.1236340853689828e-06
1.1191010607928464e-06
1.1145877160658257e-06
1.1100939897950604e-06
1.1056197764498613e-06
1.1011650576277022e-06
1.0967297849490475e-06
1.0923138846509762e-06
1.087917303268634e-06
1.0835399748886837e-06
1.0791818177915468e-06
1.0748427409952797e-06
1.0705227260922603e-06
1.066221710414019e-06
1.0619398322064463e-06
1.0576770775956473e-06
1.0534331468240859e-06
1.0492079620157441e-06
1.04500146521449e-06
1.0408136058952121e-06
1.0366443124554788e-06
1.0324936419702896e-06
1.0283616601558742e-06
1.0242480325762512e-06
1.0201526953649524e-06
1.0160758010993446e-06
1.0120172644377246e-06
1.007976835608717e-06
1.003954818651499e-06
9.999509433358007e-07
9.959649568976754e-07
9.919968165854227e-07
9.880469530527573e-07
9.841150256316293e-07
9.802006893852965e-07
9.763038674178829e-07
9.724247223129656e-07
9.68562999014817e-07
9.647186055313775e-07
9.608914674396466e-07
9.57081515857128e-07
9.532887517804853e-07
9.495133735004435e-07
9.45754946371838e-07
9.420134719541316e-07
9.382891546939216e-07
9.345815823126994e-07
9.308907148989024e-07
9.272164860488581e-07
9.235587998455716e-07
9.199180067773437e-07
9.162939561746162e-07
9.126863543141764e-07
9.090952645152613e-07
9.055203650121557e-07
9.019615651787695e-07
8.984187816325411e-07
8.948919684619233e-07
8.913810550721349e-07
8.878862476063397e-07
8.8440722159917e-07
8.809438863608945e-07
8.774961578395027e-07
8.740639678899328e-07
8.706472298542831e-07
8.672459128484725e-07
8.638605747592547e-07
8.604905597392478e-07
8.571360221487798e-07
8.537967483253398e-07
8.504729258148351e-07
8.471640357197865e-07
8.438700243262616e-07
8.405908198636518e-07
8.373263393477626e-07
8.340765130139191e-07
8.308412782748785e-07
8.276205537415723e-07
8.244142683476619e-07
8.212223447446903e-07
8.180447266172095e-07
8.148813480368763e-07
8.117321240021511e-07
8.085969875835967e-07
8.054758709531409e-07
8.023686965496049e-07
7.992754014816064e-07
7.961959088553662e-07
7.931301461340054e-07
7.90078040793045e-07
7.870395505089887e-07
7.840145903174249e-07
7.810030807510403e-07
7.780049574267161e-07
7.750201631546517e-07
7.720490143037254e-07
7.690913165175069e-07
7.661467292838583e-07
7.632151866288576e-07
7.602966216001501e-07
7.573909833857706e-07
7.544982264836228e-07
7.51618419435492e-07
7.487513268048566e-07
7.458968762406473e-07
7.430549902541069e-07
7.402256192032933e-07
7.374086871930168e-07
7.346041241625407e-07
7.318118655797076e-07
7.290318427890876e-07
7.262640030935487e-07
7.235082753511681e-07
7.207645963812938e-07
7.180329328767917e-07
7.153134877031408e-07
7.126059154222153e-07
7.099103067042564e-07
7.07226543830972e-07
7.045544588782391e-07
7.018943078679993e-07
6.992458014618505e-07
6.966090392531729e-07
6.939837027460706e-07
6.91369794809323e-07
6.88767448198549e-07
6.861763558480321e-07
6.83596452496777e-07
6.81027733437101e-07
6.784700861481212e-07
6.759234615390258e-07
6.733878003855206e-07
6.708630395862764e-07
6.68349126389662e-07
6.658460487468767e-07
6.63353937319829e-07
6.608724988857911e-07
6.584016784900013e-07
6.559414712809791e-07
6.534917780449104e-07
6.510525386184944e-07
6.486237144323509e-07
6.462052424949854e-07
6.437970618316375e-07
6.413991179313313e-07
6.390113562219415e-07
6.366337247059306e-07
6.342661693114803e-07
6.319086456232368e-07
6.295610953216277e-07
