625243.500681207
258962.75908361183
24945.123883158238
5482.731313172151
662.6468303192028
82.59522368214907
11.749688944239313
2.237017150638221
0.6399378082388784
0.2724007626864456
0.15327238347926989
0.10166254690833866
0.0737213082157131
0.05624263300911208
0.04431753593226013
0.03572909943284306
0.02931499946930523
0.024396141226050216
0.020545117102609797
0.017478673693302294
0.015001904843032586
0.012976743035853734
0.01130303596510491
0.009906680829737243
0.008731897543419864
0.007736060758656101
0.006886158341455519
0.006156314652143557
0.005526029712573367
0.004978903245053874
0.004501696793267987
0.004083637896152341
0.0037158949358176313
0.003391177601956624
0.003103429467291726
0.0028475894521123243
0.0026194049813806084
0.0024152843900342637
0.0022321797177190746
0.0020674927033077534
0.0019189990872215835
0.0017847871299410693
0.0016632074226196449
0.0015528320179827005
0.0014524198804340106
0.0013608903145446477
0.0012772973366686725
0.001200812371069456
0.00113070694345805
0.0010663390482357122
0.0010071411276167505
0.000952610591062835
0.0009023013641255669
0.000855816563859412
0.0008128023643242617
0.0007729427676460807
0.000735954992420581
0.0007015855412192496
0.0006696067725314232
0.0006398139047065876
0.0006120224514169629
0.0005860659688409267
0.0005617940367655346
0.0005390704664156102
0.0005177719007012357
0.0004977863602687242
0.0004790121552979485
0.0004613567047312179
0.00044473569636412064
0.00042907222845556714
0.00041429607528740324
0.0004003430318465627
0.0003871543930210556
0.00037467623361307225
0.0003628591631238768
0.0003516578371292097
0.000341030566045627
0.00033093894004635203
0.00032134758661298376
0.0003122239114952722
0.00030353781803825415
0.0002952614983409559
0.00028736922743633094
0.00027983721020148107
0.0002726433960900249
0.00026576731061267597
0.00025918999126446016
0.0002528938214483631
0.00024686238936580423
0.00024108043500843
0.00023553375984363456
0.00023020913395849953
0.00022509422710500723
0.00022017751886887728
0.0002154482479712631
0.00021089638051574253
0.00020651250064001567
0.00020228782576374414
0.00019821416497546712
0.00019428375696132048
0.00019048939506727803
0.00018682426639609064
0.00018328200853846046
0.00017985667355925058
0.0001765425839907689
0.0001733344640934172
0.0001702273457908609
0.00016721654653452202
0.00016429763735357233
0.00016146652133755578
0.00015871923604358535
0.0001560520810061956
0.00015346155999322968
0.0001509443747658912
0.00014849740299349357
0.00014611770529281536
0.00014380248116951184
0.00014154908941916945
0.00013935502543786224
0.00013721790845356674
0.00013513552961248555
0.00013310572048857557
0.00013112645986506743
0.00012919582589234347
0.00012731199262543932
0.00012547321850827584
0.00012367784783555506
0.00012192431934481605
0.00012021114405079946
0.00011853687588624242
0.00011690013438319132
0.00011529966172808053
0.0001137342099204913
0.0001122025912383803
0.00011070367659001808
0.00010923639488969371
0.00010779972008258797
0.000106392664929351
0.0001050142917545822
0.00010366369781464277
0.00010234001212510349
0.00010104240409445507
9.977013642266451e-05
9.85224133542175e-05
9.729850054712301e-05
9.609770441312691e-05
9.491935940967009e-05
9.376282101008824e-05
9.262748178769735e-05
9.151276252578572e-05
9.041807544025418e-05
8.934287207853966e-05
8.8286593713381e-05
8.724877316648208e-05
8.622891404508005e-05
8.522654130654788e-05
8.424120560217776e-05
8.327247252952904e-05
8.231992234745921e-05
8.138315098445815e-05
8.046176033235155e-05
7.95554023904572e-05
7.866369959945397e-05
7.778627487955113e-05
7.692282976076262e-05
7.607302781621765e-05
7.523655086043071e-05
7.441307624295357e-05
7.360230575442417e-05
7.280395807319196e-05
7.201776198080041e-05
7.124345451604982e-05
7.048076989497656e-05
6.972944823918119e-05
6.898923421151059e-05
6.825993272666888e-05
6.754131476463056e-05
6.683314167294775e-05
6.61351871298939e-05
6.544723938423456e-05
6.476909759914818e-05
6.410056977036697e-05
6.344146351347519e-05
6.279157726794748e-05
6.215075453091493e-05
6.15188246036803e-05
6.089562462890662e-05
6.0280958920546414e-05
5.96746569861669e-05
5.9076585410328254e-05
5.848658773911951e-05
5.7904503971930336e-05
5.7330190103082454e-05
5.676349544951623e-05
5.620431793446056e-05
5.5652495050250646e-05
5.51078887892424e-05
5.4570382655522693e-05
5.4039862287893854e-05
5.351618232266324e-05
5.299922893011804e-05
5.248888691472508e-05
5.1985044032389176e-05
5.1487590060422056e-05
5.0996417071183204e-05
5.05114194431224e-05
5.003248878918902e-05
4.9559541880963885e-05
4.909246818791879e-05
4.8631165975439246e-05
4.817553067639966e-05
4.772550218755682e-05
4.7280967904907984e-05
4.6841840288725944e-05
4.640803321504693e-05
4.5979462211160535e-05
4.555604423854834e-05
4.513769805469269e-05
4.472434391763464e-05
4.4315903669266585e-05
4.391230134278531e-05
4.3513467963812715e-05
4.31193215513736e-05
4.272979787262684e-05
4.234481545267455e-05
4.196430112106736e-05
4.158820745813035e-05
4.121645199511645e-05
4.084897265612226e-05
4.048570959923501e-05
4.012660051880529e-05
3.97715787780344e-05
3.9420577980968986e-05
3.907354467385751e-05
3.873042132574956e-05
3.839114481659897e-05
3.80556474621266e-05
3.7723900773200744e-05
3.739586091022036e-05
3.707143971806864e-05
3.6750621561568625e-05
3.6433332973271116e-05
3.6119513146998313e-05
3.580911850435708e-05
3.550212179263638e-05
3.5198469283371044e-05
3.4898107344438335e-05
3.46009738160997e-05
3.430705350420873e-05
3.401629478461805e-05
3.372865108643632e-05
3.344407320027844e-05
3.3162521714808614e-05
3.288396451321778e-05
3.2608356671691114e-05
3.233565122775326e-05
3.206580470550926e-05
3.1798773135025757e-05
3.153456705133159e-05
3.127311343318206e-05
3.101437655767548e-05
3.075832201217846e-05
3.0504915349545348e-05
3.0254122268235994e-05
3.0005909110461094e-05
2.976024237292765e-05
2.9517089246440772e-05
2.9276416740693433e-05
2.903819466707754e-05
2.8802380170023483e-05
2.8568972056909122e-05
2.8337917677725757e-05
2.810918189512309e-05
2.788274660405011e-05
2.765858600688834e-05
2.7436672371921902e-05
2.7216969444990042e-05
2.6999457637640928e-05
2.6784101414155776e-05
2.657087450199978e-05
2.635974298340463e-05
2.6150683985625207e-05
2.5943672909993418e-05
2.5738686126427528e-05
2.5535701261175965e-05
2.5334685588644983e-05
2.5135639018816922e-05
2.493851790351951e-05
2.4743310787653127e-05
2.4549981665375007e-05
2.4358509482947838e-05
2.416887937249307e-05
2.3981066074767087e-05
2.3795045149466897e-05
2.3610797820970424e-05
2.342830255177022e-05
2.32475379463991e-05
2.306848419830916e-05
2.289111638621375e-05
2.2715414813064606e-05
2.254138098995205e-05
2.2368979288442696e-05
2.2198191380045027e-05
2.2029003181747033e-05
2.186139998454664e-05
2.169534666312772e-05
2.1530823997206614e-05
2.136783186186406e-05
2.1206352751896713e-05
2.1046373792888472e-05
2.0887865055257534e-05
2.0730806174367568e-05
2.05751808873466e-05
2.042097728150256e-05
2.026818207977914e-05
2.0116781821383287e-05
1.996675213551027e-05
1.981808003882725e-05
1.967075098104152e-05
1.952475268751923e-05
1.9380070199009082e-05
1.9236688478270485e-05
1.90945875385657e-05
1.8953775105965444e-05
1.8814225545306376e-05
1.8675918703713625e-05
1.853884578226117e-05
1.840299109328165e-05
1.8268338445109542e-05
1.813487952496905e-05
1.8002609342644255e-05
1.7871506403390642e-05
1.774155912827826e-05
1.7612761688590385e-05
1.7485097897472893e-05
1.735855046212428e-05
1.7233111673605302e-05
1.710877940765228e-05
1.6985523659023747e-05
1.6863349427257553e-05
1.6742236008360885e-05
1.6622173320075097e-05
1.650315116682481e-05
1.6385147470100635e-05
1.6268152256733853e-05
1.6152193628228096e-05
1.603722721409273e-05
1.592325321433927e-05
1.5810255993631572e-05
1.5698237712241297e-05
1.5587167993676304e-05
1.5477028980639822e-05
1.5367866011036002e-05
1.525962791304527e-05
1.5152306816547168e-05
1.5045894323215987e-05
1.4940381778465425e-05
1.4835760281487405e-05
1.4732021081583287e-05
1.4629155360631386e-05
1.4527150041399601e-05
1.4425993485468751e-05
1.4325701235928436e-05
1.4226246265841823e-05
1.4127620531419663e-05
1.4029816093963745e-05
1.3932824920036849e-05
1.3836629758093102e-05
1.3741243420251137e-05
1.3646643373667575e-05
1.3552839947546046e-05
1.3459807322527954e-05
1.3367537372468396e-05
1.3276023992254892e-05
1.3185250849309286e-05
1.3095227763265202e-05
1.3005949309391231e-05
1.2917399617816192e-05
1.2829571022123166e-05
1.2742450111053135e-05
1.2656042412468408e-05
1.257032567076909e-05
1.2485327381775499e-05
1.2401010581440059e-05
1.2317356999518088e-05
1.2234394689833859e-05
1.2152113575629927e-05
1.2070493742221124e-05
1.198953450397715e-05
1.1909221655476103e-05
1.1829553219167868e-05
1.175052188203931e-05
1.1672121264188635e-05
1.1594350449801063e-05
1.1517203782039439e-05
1.1440668408348876e-05
1.136473045684339e-05
1.1289412377686221e-05
1.1214690185155553e-05
1.1140563849620249e-05
1.1067029523561899e-05
1.099407409340711e-05
1.0921691671320014e-05
1.084988347287758e-05
1.07786433635893e-05
1.0707960170892706e-05
1.0637834980234248e-05
1.0568264127447701e-05
1.0499239453203994e-05
1.043075353267324e-05
1.0362797067075928e-05
1.0295364935139943e-05
1.0228464841076702e-05
1.0162083440838808e-05
1.009621672550931e-05
1.0030854823128232e-05
9.966005479644264e-06
9.90165997018121e-06
9.837810868193113e-06
9.77445094342273e-06
9.711582277690153e-06
9.649199807913149e-06
9.58729577929248e-06
9.525866249160879e-06
9.464902391917452e-06
9.40440907181407e-06
9.344379555259102e-06
9.284806302017249e-06
9.225694964811993e-06
9.167040878109917e-06
9.108829479967942e-06
9.051056672073569e-06
8.993718845373404e-06
8.936813395206115e-06
8.880343209841023e-06
8.824297789556801e-06
8.768674049834547e-06
8.71346491007672e-06
8.658677436140937e-06
8.604303215677251e-06
8.550334619011639e-06
8.49677349500092e-06
8.443616075996183e-06
8.390858137116028e-06
8.338492730814819e-06
8.286517695313467e-06
8.234934136059562e-06
8.183734010421401e-06
8.132916806377473e-06
8.082480127951474e-06
8.032410130189535e-06
7.982711910645886e-06
7.933396121400852e-06
7.884439297231824e-06
7.835852085419321e-06
7.787622233154548e-06
7.739753211748614e-06
7.69223593655828e-06
7.645068430675752e-06
7.59824765290335e-06
7.551770029178687e-06
7.5056352700108395e-06
7.459842472498106e-06
7.414385623964513e-06
7.3692624749579425e-06
7.32447058350498e-06
7.280007416066742e-06
7.235870418822824e-06
7.192057007202872e-06
7.148564584782631e-06
7.105390561295941e-06
7.062532393701221e-06
7.019987408323331e-06
6.97775310006999e-06
6.935827146654293e-06
6.894206276060907e-06
6.852890486428752e-06
6.811876739529721e-06
6.771160136419924e-06
6.7307386226662925e-06
6.690613765800244e-06
6.650790737788974e-06
6.6112293881111746e-06
6.57196337067999e-06
6.532993403956033e-06
6.49430195221402e-06
6.455886658059585e-06
6.417745221242003e-06
6.379884108396435e-06
6.342294982215434e-06
6.3049750264733055e-06
6.267926207761128e-06
6.231143797202172e-06
6.194622479917976e-06
6.158361025552996e-06
6.12235788692916e-06
6.086611275177715e-06
6.051119203063208e-06
6.015879934583237e-06
5.980885771956853e-06
5.9461502678341225e-06
5.911656015141493e-06
5.877407807512165e-06
5.843410265882708e-06
5.80965199133956e-06
5.776125867942393e-06
5.742838953915683e-06
5.70978592069717e-06
5.676962046734699e-06
5.644361411674329e-06
5.611989264256435e-06
5.5798488840638555e-06
5.5479382600069365e-06
5.5162498083482145e-06
5.484780392355028e-06
5.453532746590974e-06
5.422499929653681e-06
5.3916787707366335e-06
5.361077873686782e-06
5.330688889158814e-06
5.300503417279676e-06
5.2705268429623585e-06
5.240758287300157e-06
5.211196013575098e-06
5.181839594549556e-06
5.15267763285563e-06
5.123717728096049e-06
5.094955066808574e-06
5.06638691768522e-06
5.038010560018608e-06
5.009827965845797e-06
4.9818354062002735e-06
4.954032434363432e-06
4.926417093898419e-06
4.898989794733901e-06
4.87174888999655e-06
4.844687731208287e-06
4.817803412618772e-06
4.791108419325078e-06
4.764589447457066e-06
4.738242334470777e-06
4.7120771496849e-06
4.686083826753313e-06
4.660263676269845e-06
4.634613944658637e-06
4.609128081876773e-06
4.583811716253966e-06
4.558658123215736e-06
4.533679693904664e-06
4.508865529802187e-06
4.484212314581707e-06
4.459716286619605e-06
4.435386259387893e-06
4.411214421288223e-06
4.387198986165722e-06
4.363337890436258e-06
4.339627506444386e-06
4.316078851476188e-06
4.292683250551617e-06
4.269437112907353e-06
4.2463400272709454e-06
4.223391999810868e-06
4.200587728895724e-06
4.177928352817161e-06
4.155419656028623e-06
4.1330531506247156e-06
4.110828269931688e-06
4.088743189054521e-06
4.066792964136203e-06
4.044989569782589e-06
4.0233249211668995e-06
4.001798244584208e-06
3.980407388020067e-06
3.959147780052435e-06
3.938027469573341e-06
3.917039585313895e-06
3.896181927802169e-06
3.8754547015198354e-06
3.854858332261746e-06
3.8343888734483894e-06
3.814044187789503e-06
3.7938223962870573e-06
3.7737353633128453e-06
3.753770783964783e-06
3.733929886913687e-06
3.714211112178267e-06
3.6946136132391618e-06
3.6751366677481765e-06
3.6557780512946513e-06
3.6365422855151593e-06
3.6174240931355193e-06
3.598410720245034e-06
3.5795215688517794e-06
3.5607643126542804e-06
3.542119904327297e-06
3.523583811614561e-06
3.5051591724987127e-06
3.4868437268484316e-06
3.4686359708438896e-06
3.4505414227956248e-06
3.432556825732412e-06
3.4146793085154983e-06
3.3969158180389635e-06
3.37926028673054e-06
3.3617100189671143e-06
3.344266529505009e-06
3.3269169103796334e-06
3.309684260835879e-06
3.292551621558687e-06
3.2755178234166214e-06
3.2585899401552645e-06
3.241761074458291e-06
3.225036403141878e-06
3.208410326110055e-06
3.191881344888584e-06
3.175449360948582e-06
3.1591139871833115e-06
3.142874811044812e-06
3.1267275024258925e-06
3.1106804777360453e-06
3.094721506191677e-06
3.078862333327762e-06
3.0630982926198656e-06
3.047424916367408e-06
3.0318483563755376e-06
3.0163612047996274e-06
3.0009624308083727e-06
2.9856543071537424e-06
2.9704364409632577e-06
2.9552998247901434e-06
2.9402513532855717e-06
2.925300555886355e-06
2.9104334718928347e-06
2.8956520024055893e-06
2.8809581992087417e-06
2.8663431587528095e-06
2.8518198480037167e-06
2.837380094392617e-06
2.823022631485477e-06
2.808747210622233e-06
2.794553503981954e-06
2.7804379240784298e-06
2.7664037303158193e-06
2.752448689060094e-06
2.738575575014992e-06
2.7247865335037736e-06
2.7110722868661113e-06
2.6974345754965684e-06
2.6838813125891963e-06
2.6704032477488143e-06
2.6570015962397434e-06
2.64367746585448e-06
2.6304292845867895e-06
2.6172559745035125e-06
2.6041539266091475e-06
2.591128213599928e-06
2.5781780480435774e-06
2.565300425010261e-06
2.5524919797432375e-06
2.539758674754163e-06
2.5270985417026253e-06
2.5145131559153286e-06
2.502001168602895e-06
2.489558217669301e-06
2.477184389954634e-06
2.4648796463292654e-06
2.452643458234474e-06
2.440472852602836e-06
2.428372078196249e-06
2.416338592124713e-06
2.404378132746188e-06
2.3924841057441847e-06
2.3806574598703305e-06
2.368896934155725e-06
2.3572000066235605e-06
2.3455693652717584e-06
2.3340051221383423e-06
2.3225007223347814e-06
2.3110650157086862e-06
2.2996964176041727e-06
2.2883904737711808e-06
2.277144975540729e-06
2.2659685809851408e-06
2.2548516008818316e-06
2.2437989050094285e-06
2.2328079766885333e-06
2.221877961045464e-06
2.211008009346508e-06
2.2001970493632906e-06
2.1894464799660156e-06
2.1787575805839196e-06
2.1681278104050807e-06
2.1575569794947695e-06
2.14704487909289e-06
2.1365905237454703e-06
2.1261934582855406e-06
2.115855537339709e-06
2.1055781668555736e-06
2.0953575146184375e-06
2.085193060333458e-06
2.075083760220054e-06
2.065031387977493e-06
2.055035888707171e-06
2.0450945629826045e-06
2.0352120367348435e-06
2.02538098440461e-06
2.0156085882862828e-06
2.005891481515941e-06
1.996220935850461e-06
1.986611335449858e-06
1.977054684335214e-06
1.9675507280939097e-06
1.9581014814293217e-06
1.9487035040978387e-06
1.9393565161811e-06
1.930058594929276e-06
1.9208134130652386e-06
1.911618824151163e-06
1.902477143033065e-06
1.8933847507052724e-06
1.8843428502274587e-06
1.8753504272286393e-06
1.8664061577103468e-06
1.8575124698560407e-06
1.8486675007638143e-06
1.839868949038529e-06
1.8311198810809043e-06
1.822421063191431e-06
1.8137720316506663e-06
1.805169091963589e-06
1.7966115798405619e-06
1.7881043738912067e-06
1.7796426661385994e-06
1.7712259831437131e-06
1.7628575171371728e-06
1.7545337897521885e-06
1.746252724956359e-06
1.73801836963767e-06
1.7298302550005858e-06
1.7216843797972595e-06
1.713587723632259e-06
1.7055351786281416e-06
1.6975260911614137e-06
1.689556383520187e-06
1.6816343952006766e-06
1.6737567543734765e-06
1.6659187658938135e-06
1.6581215405646523e-06
1.6503716921155985e-06
1.6426637639901605e-06
1.6349970949857715e-06
1.6273698241492219e-06
1.6197831852310475e-06
1.6122352788192525e-06
1.604730622350231e-06
1.5972679446237071e-06
1.5898428226754786e-06
1.5824596806850078e-06
1.5751145351320362e-06
1.5678113810649369e-06
1.5605488075472473e-06
1.553322273630375e-06
1.5461355758871117e-06
1.5389908773888002e-06
1.5318818143978005e-06
1.5248130299359017e-06
1.517781621756498e-06
1.5107863144144315e-06
1.5038279898511818e-06
1.4969056174781274e-06
1.4900203007889338e-06
1.483174737119616e-06
1.47636305244394e-06
1.46958671045577e-06
1.4628498871325946e-06
1.4561501058078948e-06
1.4494835702426037e-06
1.4428463102947645e-06
1.4362544473057058e-06
1.4296927182706862e-06
1.423165251647851e-06
1.4166738878100222e-06
1.4102188057386498e-06
1.403799273435445e-06
1.3974140318753922e-06
1.3910623943181634e-06
1.3847425897108223e-06
1.378454479218029e-06
1.3722008292220788e-06
1.36597920575802e-06
1.3597882954202705e-06
1.3536284869192906e-06
1.3475042700756193e-06
1.3414133142796572e-06
1.3353530029923554e-06
1.329323804112822e-06
1.3233265522991202e-06
1.3173595219885185e-06
1.3114221137445527e-06
1.305517977575354e-06
1.299644693588545e-06
1.2938011711755223e-06
1.2879900044199724e-06
1.2822090944834804e-06
1.276456917793248e-06
1.270732385731199e-06
1.265038046999225e-06
1.2593763217014648e-06
1.2537452166669513e-06
1.2481426563144016e-06
1.2425690948044425e-06
1.2370218171735486e-06
1.231506082649506e-06
1.2260171143196588e-06
1.2205578902957891e-06
1.2151271922374024e-06
1.20972547324154e-06
1.2043486181742627e-06
1.1990008355182874e-06
1.1936804656556864e-06
1.1883865611935144e-06
1.1831188406721358e-06
1.1778762381473265e-06
1.1726630309203303e-06
1.1674761837829525e-06
1.1623133134316613e-06
1.1571756929512682e-06
1.1520693834071748e-06
1.146987846085995e-06
1.141932435448979e-06
1.1369035251795948e-06
1.1318970666804896e-06
1.1269184465216882e-06
1.1219650057328307e-06
1.1170382599401308e-06
1.11213332989106e-06
1.107255056329731e-06
1.1024022861887287e-06
1.0975752014609736e-06
1.0927707794234878e-06
1.0879912170161885e-06
1.0832335094102345e-06
1.0785008412025905e-06
1.0737933953369093e-06
1.0691086364358531e-06
1.0644467428763975e-06
1.059806784725051e-06
1.0551937960748868e-06
1.0506031111990677e-06
1.046034183625744e-06
1.0414888685648854e-06
1.0369659875074072e-06
1.0324643361347378e-06
1.0279858778697104e-06
1.023529681248028e-06
1.0190970509150857e-06
1.0146851382953427e-06
1.0102941250053709e-06
1.0059269917183019e-06
1.0015806019207137e-06
9.972565935985333e-07
