0.0005647519605071092
0.00032327801449875547
0.00021944715827021418
0.00012520579471876186
4.3929675686652624e-05
4.377919971299132e-05
4.378236935974231e-05
2.568135259210842e-05
1.576937212532484e-05
1.4607831102360637e-05
1.462332787789962e-05
1.398655532581732e-05
1.3065736943273103e-05
1.2171514343855461e-05
1.1382108119302017e-05
1.0680978679945427e-05
1.0039112232862759e-05
9.437226237505409e-06
8.86604671665327e-06
8.322442699972803e-06
7.806058369478523e-06
7.317226784630049e-06
6.856008025340807e-06
6.42194151337378e-06
6.01412843918791e-06
5.631400424912189e-06
5.272464782964022e-06
4.9359988721175216e-06
4.620701361284219e-06
4.325316247135609e-06
4.048642562909911e-06
3.7895376384573294e-06
3.546917762054541e-06
3.319757735235533e-06
3.1070897981604517e-06
2.9080021422400867e-06
2.721636968011131e-06
2.547188250698634e-06
2.3838992979378387e-06
2.231060258219884e-06
2.088005503534779e-06
1.95411114811967e-06
1.8287925781451922e-06
1.7115021287731784e-06
1.6017267896215624e-06
1.4989861203204673e-06
1.4028302229841382e-06
1.31283780478498e-06
1.2286144354102328e-06
1.1497908203390568e-06
1.0760212197506484e-06
1.0069819790261875e-06
9.99838492727947e-07
9.999562003016518e-07
9.997367141045143e-07
9.997034393494689e-07
9.99700482446823e-07
9.996721925375314e-07
9.99877083883545e-07
9.995494040011174e-07
9.989083721675806e-07
9.980733451613217e-07
9.971237619120278e-07
9.96111738885161e-07
9.950704999966008e-07
9.940205849232922e-07
9.92974312704762e-07
9.919387383197273e-07
9.909176552976272e-07
9.899128700601204e-07
9.889250032116514e-07
9.879540329153803e-07
9.869995376397692e-07
9.860609401284809e-07
9.851375583156373e-07
9.842287111263723e-07
9.833336966092668e-07
9.824518669631976e-07
9.81582587626126e-07
9.807252679815755e-07
9.798793494283188e-07
9.790443008964472e-07
9.782196525031663e-07
9.77404928545328e-07
9.765997144351563e-07
9.758036050519668e-07
9.750162318937806e-07
9.742372481890941e-07
9.734663239538017e-07
9.72703157259984e-07
9.719474592551874e-07
9.711989614654491e-07
9.704574120795836e-07
9.697225715840892e-07
9.689942171052706e-07
9.682721317748407e-07
9.67556116175566e-07
9.668459823462842e-07
9.661415524213361e-07
9.65442639996694e-07
9.647490971248552e-07
9.64060775008998e-07
9.63377511041183e-07
9.626991635415405e-07
9.620256110020457e-07
9.61356714971925e-07
9.606923607894722e-07
9.600324355794313e-07
9.593768050640007e-07
9.587253886225461e-07
9.580780648776473e-07
9.574347439866245e-07
9.56795332102449e-07
9.561597306401099e-07
9.555278551790292e-07
9.54899629999104e-07
9.54274962353237e-07
9.536537840625572e-07
9.530360060412444e-07
9.524215710784644e-07
9.518104021699947e-07
9.512024318562401e-07
9.505975955641368e-07
9.499958286667517e-07
9.493970752430859e-07
9.488012720832998e-07
9.482083623809395e-07
9.476182898962542e-07
9.470310089757568e-07
9.464464591890898e-07
9.458645903879693e-07
9.452853646936173e-07
9.447087201494875e-07
9.441346243919371e-07
9.435630198102181e-07
9.429938772202754e-07
9.424271449814558e-07
9.418627842578714e-07
9.413007563959097e-07
9.407410211174736e-07
9.401835528953934e-07
9.396282955912201e-07
9.390752299539265e-07
9.385243090938005e-07
9.379755047731788e-07
9.374287917904326e-07
9.368841296408616e-07
9.363414805825579e-07
9.358008340730865e-07
9.352621410141781e-07
9.347253805851431e-07
9.341905312984169e-07
9.336575496502179e-07
9.331264230878384e-07
9.325971183356667e-07
9.320696128695648e-07
9.315438790758501e-07
9.310198871733296e-07
9.304976307269225e-07
9.299770667010864e-07
9.294581837062616e-07
9.289409581176722e-07
9.284253616068332e-07
9.279113793524094e-07
9.273989860506816e-07
9.268881626908744e-07
9.263788877871622e-07
9.25871143823786e-07
9.25364913442616e-07
9.248601747909919e-07
9.243569001001497e-07
9.238550874438181e-07
9.23354713590332e-07
9.228557501034957e-07
9.223581961881402e-07
9.218620185305111e-07
9.213672182722667e-07
9.20873761327879e-07
9.203816418507736e-07
9.198908455911003e-07
9.1940134672784e-07
9.189131455167653e-07
9.18426214616911e-07
9.179405416370288e-07
9.174561081976105e-07
9.169729190207174e-07
9.164909365067484e-07
9.160101562560379e-07
9.155305696401074e-07
9.1505215729879e-07
9.145749073832527e-07
9.140988114897104e-07
9.136238461270373e-07
9.1315001654673e-07
9.126772870887174e-07
9.122056698114304e-07
9.117351270098919e-07
9.112656779035634e-07
9.107972809268362e-07
9.103299537687913e-07
9.098636518254894e-07
