6.156557160121446e-11
2.618909803087801e-11
1.0788437667727696e-11
2.7719684989144853e-12
1.9239662818244903e-12
3.9614793224067615e-12
3.292172251030987e-12
1.1789385080867198e-12
3.469429193349493e-13
9.21931978620416e-13
1.0678289771702504e-12
1.0805997228398387e-12
9.527379782636204e-13
8.506730325193153e-13
8.201509927048754e-13
7.423087594717345e-13
6.879865079899199e-13
6.250683863405654e-13
5.506990145026284e-13
5.50408932461456e-13
5.137524951768753e-13
5.294264379149651e-13
4.567350102391972e-13
4.137808279027994e-13
4.492278623710018e-13
4.0362092926698224e-13
3.655235317581989e-13
3.1468910421834035e-13
3.0608841950915683e-13
3.2160208670652837e-13
2.7836620654410833e-13
2.4993246960079215e-13
2.5338312648610324e-13
2.706640657637153e-13
2.355931299009025e-13
2.0548541261465084e-13
1.9450605903543937e-13
1.741010216491665e-13
1.7382513110485678e-13
1.1815035597169758e-13
1.4267269359873268e-13
1.7528124172934925e-13
1.2056340476598254e-13
1.2808114854484158e-13
9.837116475435283e-14
1.0510261413292716e-13
8.616900401945286e-14
1.2718905029082365e-13
1.170329494160609e-13
1.2861932115998145e-13
7.336582071242039e-14
1.0453952290725988e-13
1.1304962868170478e-13
5.433703595028566e-13
5.728911943790771e-13
4.04998036646024e-13
2.854846229123322e-13
2.834420563279766e-13
2.409544545454743e-13
2.169009648206334e-13
2.306801646555253e-13
1.716715629235208e-13
1.3620146050458533e-13
1.5811103750337588e-13
1.1829139906791888e-13
1.5329337464657055e-13
1.1517632293780036e-13
1.7438755786295908e-13
1.5290342264704178e-13
1.6900709461586432e-13
1.5443416529777185e-13
1.3887852641170937e-13
1.3548213364287075e-13
1.4461673971311015e-13
2.0600391936569477e-13
1.5313154959701848e-13
1.9577973444055775e-13
2.0822955515619438e-13
1.9292027856616632e-13
1.7889683968209578e-13
9.471982143528998e-14
8.905872391823741e-14
1.25533913944074e-13
2.073316628340778e-13
1.7520411092980796e-13
1.3202023363361142e-13
1.4459856016754506e-13
1.1937865070513302e-13
1.224639082785395e-13
1.3742940099765664e-13
1.263700666443972e-13
1.565704539744153e-13
2.0211878844516321e-13
8.795447528193201e-14
1.9611518533906345e-13
1.1762397837023849e-13
1.1621522784811985e-13
2.019949722741911e-13
8.997301926734388e-14
1.2491567537621702e-13
1.2506224866462533e-13
1.457970850313005e-13
1.1367846631759738e-13
1.1135488260605415e-13
7.810173903942703e-14
1.231708580518775e-13
1.2541116343415342e-13
1.4998545694993657e-13
1.5632206095471578e-13
1.0993336882846868e-13
1.605003975687104e-13
2.330389223943831e-13
1.2018422318218408e-13
8.718972895559179e-14
1.105760319432412e-13
7.921135346578192e-14
1.118747952302919e-13
1.2142068635353791e-13
1.211878723712651e-13
1.3017334026870334e-13
1.0935834962172839e-13
1.0643832487347438e-13
1.40305766506936e-13
2.1869200667180756e-13
1.7607270473851595e-13
1.0780130436575957e-13
1.23014693314015e-13
1.0317162012424687e-13
1.4255960793756407e-13
1.2125656919042886e-13
2.600023309165914e-13
2.3274967025854076e-13
1.0032448463824187e-13
1.1645592088809283e-13
1.526611756044381e-13
1.1211804045751203e-13
1.4057528524911738e-13
1.2204076094932535e-13
1.3353083280894729e-13
1.7006268823504484e-13
1.3249783181432744e-13
6.754330720383966e-14
8.787967595644801e-14
6.781070306788722e-14
8.782044420960214e-14
1.3535939418606334e-13
1.1263994343324692e-13
1.405493643968066e-13
1.6419465102694694e-13
1.5716035964490848e-13
1.2337769449537004e-13
8.107041851131603e-14
9.217291732864541e-14
1.6101058461505817e-13
1.0656994020205318e-13
1.1183974783286118e-13
1.376615424393464e-13
8.656053962352814e-14
9.347242266675296e-14
8.968761619601486e-14
9.10445138533811e-14
6.901574171784517e-14
1.3497402075229692e-13
1.3915481279034486e-13
1.3132033426798856e-13
1.254777923358434e-13
1.1898351863096493e-13
1.0469483818908297e-13
1.4101853197177615e-13
1.0967527933549483e-13
9.265946099109545e-14
1.9131782003765502e-13
7.771939440074312e-14
1.1209757210015045e-13
1.396728064679181e-13
1.5104113918902782e-13
1.0140339506115341e-13
1.308979519427698e-13
1.1734609521258507e-13
1.560134144032189e-13
1.1838348209359597e-13
8.726681890124765e-14
1.255983099412646e-13
8.443537089596415e-14
7.521621523725782e-14
1.0106171559599894e-13
1.6293953975324117e-13
1.0774984656738833e-13
1.156431231173607e-13
5.574381943488418e-14
1.5446767842891114e-13
1.1462833844106467e-13
1.190878588326913e-13
1.0833218588152649e-13
9.760391620704225e-14
1.4825715901596226e-13
1.1095095319813101e-13
1.4691041695077434e-13
8.792708530019565e-14
1.3862827864915258e-13
1.1685724709580956e-13
