0.004751111780815236
0.01370566022300894
0.024593969963293504
0.04264484605228271
0.04847239820536248
0.02589121293583008
0.007348197776855007
0.0006945250844821581
0.0023680923722695303
0.0020721128282733215
0.0012832089004552274
0.0006566465366706945
0.00031356349409727844
0.00018175676428414795
0.00015902124052812833
0.0001733653519332533
0.00019028438334572412
0.00019849255081570843
0.00019764507590290707
0.00019086152490442108
0.00018121533429818433
0.00017070116763778684
0.00016031432767897634
0.00015042668378869743
0.00014111266678708563
0.00013234367962641712
0.00012407556994094464
0.00011627513272417657
0.00010892080188072078
0.00010199672300046798
9.548784647860949e-05
8.937763233427754e-05
8.364769906443887e-05
7.827839320904135e-05
7.324956565386453e-05
6.85412173705945e-05
6.413392729114924e-05
6.0009091440177615e-05
5.6149033579561583e-05
5.253704040784035e-05
4.915735665288913e-05
4.5995160191194825e-05
4.303652730882682e-05
4.026839302633982e-05
3.7678508892061e-05
3.5255399691660635e-05
3.298832005830342e-05
3.086721175595189e-05
2.888266221838373e-05
2.702586468326502e-05
2.528858021645288e-05
2.3663101718810577e-05
1.3876145355682196e-05
8.379718406666942e-06
5.203584223959407e-06
3.2787220246755146e-06
2.076841373036956e-06
1.3189145931722258e-06
8.343628450492177e-07
5.363245019902747e-07
3.5422984958322633e-07
2.4381462530440607e-07
1.7732120980648187e-07
1.374746282142167e-07
1.1362480691093258e-07
9.927888428344993e-08
9.053079541259891e-08
8.506194626591377e-08
8.151087926938837e-08
7.908395154090991e-08
7.732055149186659e-08
7.595402781922131e-08
7.48301701091056e-08
7.385976895415091e-08
7.299109828624011e-08
7.219402679694374e-08
7.145085020630937e-08
7.075103223345211e-08
7.00881693537953e-08
6.945825469402562e-08
6.885867413837292e-08
6.82876286767395e-08
6.774380895635983e-08
6.722618472964912e-08
6.673390628001187e-08
6.626622864955363e-08
6.582247638095226e-08
6.540201926994497e-08
6.500425568586762e-08
6.462860811423545e-08
6.427451468161871e-08
6.394142872601655e-08
6.362881543869408e-08
6.33361513358455e-08
6.306292433571014e-08
6.280863034249224e-08
6.25727770770377e-08
6.235488201600847e-08
6.215447357269675e-08
6.197108428351322e-08
6.180426282127415e-08
6.165356904624616e-08
6.151856478683466e-08
6.139882324368758e-08
6.129393268024709e-08
6.120348434565483e-08
6.112708313372437e-08
6.10643440900397e-08
6.101488164628065e-08
6.097833167071039e-08
6.09543304679427e-08
6.094252644881709e-08
6.094257657804056e-08
6.095414330766179e-08
6.097689907170753e-08
6.10105280167451e-08
6.10547147812261e-08
6.11091571908892e-08
6.117355621999252e-08
6.124762480702857e-08
6.133108098106324e-08
6.142364874725187e-08
6.152505940580044e-08
6.163505090217591e-08
6.175336921288863e-08
6.187976424864427e-08
6.201399277710672e-08
6.215581776366054e-08
6.23050091229585e-08
6.246134049859662e-08
6.262458982223482e-08
6.279454608528124e-08
6.297099533960453e-08
6.315373721097444e-08
6.334256708944956e-08
6.353729391670325e-08
6.373772485561543e-08
6.394367412164843e-08
6.41549605199349e-08
6.437140556898148e-08
6.459283993253059e-08
6.481908925658174e-08
6.504999153621819e-08
6.5285382046439e-08
6.552510307563809e-08
6.576900328633362e-08
6.601693042780186e-08
6.62687327610585e-08
6.652427199646249e-08
6.678340289469692e-08
6.704598777293084e-08
6.731189469253765e-08
6.758098693740914e-08
6.785313834354307e-08
6.812822114093863e-08
6.840611249745324e-08
6.868669073032141e-08
6.896983555140677e-08
6.925543516435754e-08
6.954337207920731e-08
6.983353757799836e-08
7.012582300961332e-08
7.042012043542888e-08
7.071632672491158e-08
7.101433912359839e-08
7.131405828037252e-08
7.161538551029623e-08
7.191822631251837e-08
7.22224878230735e-08
7.252807824492443e-08
7.28349039621291e-08
7.31428816830561e-08
7.3451925076599e-08
7.376194700460917e-08
7.407286827422098e-08
7.43846054855435e-08
7.469708334425386e-08
7.501022111688666e-08
7.532394474258295e-08
7.563818186311113e-08
7.595285699193594e-08
7.626790354435848e-08
7.65832501884784e-08
7.689882893734045e-08
7.721457265844768e-08
7.753042169677129e-08
7.784630841430052e-08
7.816217129837751e-08
7.847795214486833e-08
7.879359117026986e-08
7.910903032017558e-08
7.942421549979087e-08
7.973908831000135e-08
8.005360016409727e-08
8.036769293138606e-08
8.068132120617825e-08
8.099442898099303e-08
8.130697496310916e-08
8.161890588654022e-08
8.19301819458856e-08
