4.163331999779953
9.38509398629376e-09
4.995685938864877e-09
4.556312750061893e-09
2.07196447468398e-09
3.0450861460670104e-09
1.795110699034445e-09
7.079135392946024e-10
8.60045899728919e-10
5.135946850334278e-10
3.639064097628724e-10
3.640189100727888e-10
3.3521399477087313e-10
2.7098467984762603e-10
2.0441099352644413e-10
1.5375646348030276e-10
1.206761611594569e-10
9.991167555523727e-11
8.624382557653767e-11
7.637058950876055e-11
6.841366572505248e-11
6.186846428275893e-11
5.6333081500299225e-11
5.158895433474418e-11
4.7575397889052744e-11
4.399476579109852e-11
4.079853338297844e-11
3.8012594778811825e-11
3.5388451969156714e-11
3.2976589034753064e-11
3.081041702106022e-11
2.8711592260386723e-11
2.6865795828468286e-11
2.5049754912263855e-11
2.3437311811423107e-11
2.191418778783811e-11
2.050851218834519e-11
1.9123848949949724e-11
1.793556056016715e-11
1.673466613465422e-11
1.5665159656616813e-11
1.465476101204036e-11
1.3710696714173139e-11
1.2833826331400908e-11
1.1998274582569895e-11
1.1255265115814167e-11
1.0501357169792866e-11
9.807722366461514e-12
9.190619525576365e-12
8.620801331902987e-12
8.02640641331109e-12
7.516825081121851e-12
4.322056771516665e-12
4.7246393728957636e-12
3.880143473786227e-12
2.0922095541042236e-12
8.860575633499145e-13
5.530730581255495e-13
2.3183974956142646e-13
2.297246520125255e-13
2.620979629455829e-13
1.7416850276738592e-13
1.2922570339425606e-13
1.6989954624275003e-13
1.2869366712434347e-13
1.7573783204638661e-13
1.1743555840535733e-13
1.6576158278215523e-13
1.5698907465162061e-13
1.8089343870876532e-13
1.4669428812831585e-13
1.4352410383745244e-13
1.4466278730090858e-13
1.2949817412595785e-13
2.210730758773017e-13
1.6999301635070537e-13
2.0294647613322817e-13
1.965459247249446e-13
1.8575376845754035e-13
1.9780583311758193e-13
1.131534323306194e-13
8.44291749296734e-14
1.2456828958307415e-13
2.0788934621329316e-13
1.8158037465800424e-13
1.4029146858400371e-13
1.4471845788870884e-13
1.4518382381185217e-13
1.3688822071960351e-13
1.5020760946800446e-13
1.2725228748990815e-13
1.6903789405990167e-13
2.518900792794665e-13
1.1108534145540879e-13
2.1600905117255004e-13
1.3349179660502057e-13
1.3323410233303298e-13
2.2301640962339432e-13
1.198643694947891e-13
1.1446810953505282e-13
1.4244610433257796e-13
1.5724275002887553e-13
1.2370308989585434e-13
1.1649684572616627e-13
9.274065988330489e-14
1.375634434497849e-13
1.3345503014820853e-13
1.7318635212452142e-13
1.8327779574295902e-13
1.1841093833130347e-13
1.756543510667519e-13
2.3946965957954176e-13
1.2880368463982876e-13
9.73329319425159e-14
1.438512260736489e-13
9.48238926022952e-14
1.3902576562055173e-13
1.2117599365345815e-13
1.366813456278323e-13
1.511542627551093e-13
1.1022583031802886e-13
9.753096678145633e-14
1.6083824168917353e-13
2.5286925664154313e-13
2.032067520467524e-13
1.291863785780197e-13
1.597496993164574e-13
1.4002281663078463e-13
1.5718134158564738e-13
1.3364425657001212e-13
2.774718949688268e-13
2.407299449566017e-13
1.044177819691531e-13
1.2655674213435686e-13
1.6608794553498513e-13
1.3017848545500181e-13
1.3784486717423977e-13
1.361353744003609e-13
1.6106199627346906e-13
2.1974084868979682e-13
1.7639020279018265e-13
8.662827752510043e-14
9.779633901854704e-14
6.77571656782699e-14
8.748941292883869e-14
1.3926123547173142e-13
1.3972909007070428e-13
1.6780683070326265e-13
1.7301741848200194e-13
1.6608594832450577e-13
1.3866659531097325e-13
9.001868549097877e-14
1.0684673754117183e-13
1.7488319210931554e-13
1.4433723703708472e-13
1.0521147386986022e-13
1.499518147754956e-13
9.758307611475691e-14
1.044067271693656e-13
1.0946851099920482e-13
9.087045818904135e-14
8.200540465927372e-14
1.5726431020510863e-13
1.5640605859357951e-13
1.617818227001842e-13
1.6014396537850834e-13
1.251348190833788e-13
1.3060492160012843e-13
1.6238665613973057e-13
1.160451749962038e-13
1.1987852603743037e-13
2.1584862854945101e-13
8.150442755629409e-14
1.3286933881221174e-13
1.5899911573308005e-13
1.4393632885873454e-13
1.17247359585681e-13
1.4238166491243971e-13
1.3990447203465277e-13
1.7587785091231448e-13
1.3392875958487457e-13
1.0461828212280845e-13
1.4454714376610356e-13
1.0888263804644816e-13
7.914035583946398e-14
1.3149204889715261e-13
1.7119943086938377e-13
1.3104667381673048e-13
1.2125730771258514e-13
6.136707545268e-14
1.7541379016526353e-13
1.4865869148198095e-13
1.1462827632496394e-13
1.3818979699625443e-13
1.0365373814433541e-13
1.755439320352276e-13
1.1587605177255558e-13
1.538672695066574e-13
1.0592152971377798e-13
1.5893480147037554e-13
