6.398677968446522
2.058951433267359
1.888546891356867
1.2054157753320938
0.6376060916956406
0.4025660468995618
0.4005824642723169
0.24597021244021144
0.13431679138776711
0.09731659470320238
0.089549523512451
0.08445395929509596
0.07919617349915486
0.07441441462428705
0.0700953787422193
0.06602029108465533
0.062091004562748096
0.05830457636583988
0.05468285662552328
0.051242810868835635
0.0479917935410626
0.044929771291977054
0.04205209471544499
0.03935155853812803
0.03681972430280708
0.034447687357955684
0.032226487274658204
0.030147319958505395
0.028201650842903644
0.02638128015217541
0.024678382359212863
0.02308552862821226
0.02159569628448826
0.02020226814037468
0.018899024255275936
0.017680128473157097
0.01654011169283052
0.015473853360062075
0.014476562231715406
0.013543757110519392
0.012671247988982082
0.011855117866539608
0.011091705387939724
0.010377588378583059
0.009709568303955992
0.009084655651777192
0.008500056216282217
0.007953158251065254
0.007441520451104369
0.006962860720676029
0.0065150456814373975
0.0060960808770458156
0.0006665725947059294
0.0004433730565238976
0.0003134580238284496
0.00019790830263873932
0.00011768919453364659
7.202590858748981e-05
3.787804972043585e-05
3.785504345033776e-05
3.783269776700997e-05
3.781083267485346e-05
3.778940285543e-05
3.776838238371221e-05
3.7747742237877744e-05
3.7727449641302015e-05
3.77074712033722e-05
3.768777528812631e-05
3.7668333323792876e-05
3.7649120219805246e-05
3.7630114264789434e-05
3.761129676722352e-05
3.759265161955974e-05
3.757416489068399e-05
3.755582443699895e-05
3.7537619602150426e-05
3.75195409583573e-05
3.750158010959082e-05
3.748372951567307e-05
3.746598238146583e-05
3.7448332532147364e-05
3.743077434960694e-05
3.7413302685387926e-05
3.739591281735845e-05
3.737860039598973e-05
3.736136140153929e-05
3.734419212015401e-05
3.732708909823716e-05
3.731004912843559e-05
3.7293069225770146e-05
3.7276146602366924e-05
3.725927865728803e-05
3.7242462948954915e-05
3.722569719982842e-05
3.720897926731078e-05
3.7192307138458634e-05
3.71756789219181e-05
3.715909283604208e-05
3.714254720283531e-05
3.712604043913916e-05
3.710957104711101e-05
3.70931376161122e-05
3.707673880821706e-05
3.706037335887078e-05
3.704404006465467e-05
3.7027737794503175e-05
3.701146546374942e-05
3.6995222052569766e-05
3.6979006582085686e-05
3.696281813030271e-05
3.6946655813599446e-05
3.693051879321369e-05
3.6914406271636293e-05
3.689831748319883e-05
3.688225170158533e-05
3.6866208237220337e-05
3.6850186423427335e-05
3.6834185627916264e-05
3.6818205245199456e-05
3.6802244696638004e-05
3.6786303426087393e-05
3.6770380909057085e-05
3.675447663272299e-05
3.673859010844376e-05
3.6722720876362156e-05
3.670686848395292e-05
3.6691032500573106e-05
3.667521251665739e-05
3.665940813631438e-05
3.6643618978498375e-05
3.6627844677367676e-05
3.6612084881047166e-05
3.659633925277693e-05
3.658060746693054e-05
3.6564889209094646e-05
3.65491841808643e-05
3.653349209056978e-05
3.651781265780853e-05
3.6502145614413645e-05
3.648649070271525e-05
3.6470847668821096e-05
3.6455216275114194e-05
3.6439596286490434e-05
3.642398747759538e-05
3.6408389633550475e-05
3.639280254500987e-05
3.637722601143003e-05
3.6361659833989625e-05
3.6346103826691426e-05
3.633055780736463e-05
3.6315021599720365e-05
3.629949503434588e-05
3.628397794478543e-05
3.6268470176679754e-05
3.6252971571542536e-05
3.623748198468799e-05
3.6222001268191464e-05
3.6206529288290393e-05
3.619106590585821e-05
3.6175610993768815e-05
3.616016442573785e-05
3.6144726078378314e-05
3.6129295834867636e-05
3.611387358086866e-05
3.609845920795632e-05
3.608305260460061e-05
3.60676536713267e-05
3.60522623062209e-05
3.603687841082096e-05
3.6021501895339104e-05
3.600613266311702e-05
3.599077063145301e-05
3.5975415711047624e-05
3.596006781998425e-05
3.594472688087924e-05
3.5929392813567536e-05
3.591406554362965e-05
3.5898744998602496e-05
3.588343110896444e-05
3.586812380318287e-05
3.585282301985648e-05
3.583752869153159e-05
3.5822240758286487e-05
3.580695915985507e-05
3.5791683836820744e-05
3.577641473495869e-05
3.5761151800008875e-05
3.574589497846729e-05
3.57306442180066e-05
3.571539947386266e-05
3.570016069339693e-05
3.568492783522112e-05
3.566970084936421e-05
3.565447969852109e-05
3.5639264337577884e-05
3.5624054725647235e-05
3.5608850825999175e-05
3.559365260238138e-05
3.557846001253418e-05
3.556327302690248e-05
