361669.34958268947
173515.4863362015
8756.952432305385
1271.9061991557828
310.7439074486417
96.75782453686162
33.75263221593054
12.788391925817358
6.047458939218631
3.459261505212608
2.0883428684472403
1.2691264244351914
0.7682397545663885
0.46795541031553256
0.29327540640957234
0.19316224932101206
0.13491860961615842
0.09950421609265024
0.07669504799589216
0.061190324943292504
0.05027353661826991
0.04253996674045127
0.03724829702001052
0.033997760229897034
0.032564992027372945
0.03282380637967019
0.03470499094626689
0.03817429471793312
0.043225706923953874
0.04987598641786668
0.05815449122076567
0.06809839909835358
0.07974438542014271
0.09311978014230682
0.10823471022427397
0.12507737390451526
0.14361471859509164
0.16380012032298807
0.185588020932311
0.20895306664638447
0.23389648495008672
0.26048390357154516
0.28883799087627443
0.3191202658801883
0.3515170670492948
0.38621894514170635
0.42340065388740067
0.46320368926617694
0.4841183617775455
0.5128739135586939
0.5353403438222946
0.5873239468274548
0.6456937624576163
0.7045050985833673
0.7605662091921799
0.8123289839477233
0.8593571206701611
0.9015720196758171
0.9387081349822465
0.9702055360883095
0.9952771463959503
1.0130086311488895
1.022467823567716
1.022816639280553
1.0134188838493792
0.9939361918654332
0.9644032593260397
0.9252735899748725
0.8774286985976345
0.8221471888982433
0.7610349639668934
0.6959231897110943
0.6287454031360168
0.5614082349977405
0.4956708487869289
0.4330389242566046
0.37470643855618646
0.32154451320206473
0.2740566436749989
0.23242735606815454
0.1965701049078182
0.16618602471845043
0.14082550723014958
0.11994625269420214
0.10296356021457671
0.089290656156204
0.07836853101704362
0.06968594028187566
0.06279093487099444
0.05729560488154944
0.05287575618649119
0.04926709629592247
0.04625926706929901
0.04368878741512732
0.04143169865137898
0.03939646244388854
0.03751745825493627
0.03578309042095187
0.03398485397788147
0.032540822376204696
0.03070300537451587
0.029544156354209795
0.02760663412476074
0.0267956035551653
0.024704476698925924
0.024334784905958442
0.02203038602488327
0.02222734236537577
0.019640473858749466
0.020572174126415686
0.01762817672806428
0.019528060773330268
0.01616150487970794
0.01936771840722658
0.015554746019870863
0.020577197496864305
0.014540821136230645
0.017413226116713528
0.012030698226791228
0.013440042648121401
0.009848892664540405
0.010199666025468793
0.008746065600456791
0.008601005680392924
0.008054388885448677
0.007652744442523548
0.007256101537770096
0.006891778991186643
0.0065513476578722635
0.006234347563579876
0.005938706452628225
0.005662844590037109
0.005405218096857489
0.005164416426969749
0.004939135703121773
0.0047281773373304805
0.0045304402519929276
0.004344914163645258
0.0041706726535980605
0.004006866517908151
0.0038527174198290017
0.003707511915218754
0.0035705958752030318
0.003441369327832273
0.0033192817349092163
0.0032038275062385374
0.0030945420164867556
0.002990998034666694
0.002892802390171682
0.002799592975668281
0.0027110360341170495
0.0026268237000682576
0.002546553993781793
0.002469956144974352
0.0023969202711463444
0.0023272229788240677
0.002260656966743565
0.0021970300253966292
0.002136163807262399
0.0020778927664013274
0.0020220631701946853
0.001968532192508148
0.0019171670773263105
0.0018678443679161548
0.0018204491961283924
0.0017748746271273011
0.0017310210551488997
0.0016887956463061547
0.0016481118248045348
0.0016088887992624788
0.001571051126124666
0.0015345283074230404
0.0014992544203120523
0.0014651677760377114
0.0014322106061173852
0.0014003287736604622
0.0013694716026079999
0.0013395914775034047
0.001310643636748564
0.0012825858765927163
0.0012553786372579115
0.0012289846661393147
0.0012033688769245749
0.0011784982075108545
0.001154341482032823
0.0011308692806936509
0.0011080538197679299
0.0010858327524816613
0.0010641500806562371
0.0010430503500268998
0.0010225151752062513
0.0010025271981257194
0.0009830632732182043
0.0009641016384771331
0.0009456240903232661
0.0009276144442503692
0.0009100578953032376
0.0008929421192346251
0.0008762619674657623
0.0008600064001216274
0.0008441285286610583
0.0008286050148892054
0.0008133939165713307
0.0007984976317808813
0.0007839153655403133
0.0007696400021926762
0.0007556604482215392
0.0007419500261955321
0.0007285262546374352
0.0007153905826577205
0.0007025385229607552
0.0006899644507875457
0.0006776121017972548
0.0006654947022695702
0.0006536415585885319
0.000642048104317296
0.0006307102674150516
0.0006196244443168676
0.0006087873624842179
0.0005981959157780183
0.0005878470381364596
0.0005777376272996486
0.0005678645029381944
0.0005582243789845081
0.0005488138361842875
0.0005396195708268387
0.0005305785458081078
0.0005217522605576039
0.0005131465009148233
0.0005047558223558943
0.0004965752119455559
0.0004885996824323483
0.0004808047374254491
0.00047318035606717327
0.0004657442105708355
0.0004584899281848248
0.00045138255328802315
0.0004444419771811264
0.0004376686884954414
0.00043105661849526014
0.0004245996575204253
0.00041829166827367186
0.00041212658578783243
0.000406098513022775
0.00040020177877543237
0.00039443096022165526
0.0003887808837559883
0.00038324661615734434
0.0003778234534834752
0.0003725069113540824
0.0003672927179760777
0.0003621768100196375
0.00035715533083093356
0.0003522246302261599
0.00034738126509046554
0.000342622000092772
0.000337943807978825
0.00033334386903809387
0.0003288195694656711
0.0003243684984453382
0.0003199884438553112
0.00031567738658465317
0.0003114334934907572
0.0003072551090993656
0.0003031407461804562
0.00029908907536928665
0.0002950989140303453
0.0002911692145609202
0.0002872990523466
0.0002834876135632325
0.00027973418301592556
0.0002760381321796653
0.0002723989075933995
0.0002688160197307876
0.0002652890324506598
0.00026181755310759376
0.0002584012233800353
0.000255039710855938
0.0002517327013962987
0.00024847989228155335
0.0002452809861331103
0.00024213568559021826
0.00023904368871385394
0.00023600468508186548
0.00023301835253267247
0.0002300843545152475
0.00022720233799445192
0.00022437193186555007
0.0002215882089741273
0.00021884906118598802
0.00021616136957484342
0.00021352468176912942
0.00021093845994003588
0.000208402108005252
0.00020591343301265362
0.00020345790962878168
0.00020105046987550911
0.00019869077104915926
0.00019637827829147673
0.00019411244247034945
0.00019189267238361822
0.0001897183432280253
0.0001875887990009958
0.00018550335667457342
0.00018346131055320305
0.0001814619368944967
0.00017950449857992364
0.00017758824967839372
0.00017571243975461444
0.0001738763178068196
0.00017207913575093475
0.0001703201514030456
0.0001685986309472732
0.00016691385089747822
0.0001652650995829446
0.00016365167820285776
0.00016207290149933916
0.00016052809810916275
0.00015901661064232525
0.00015753779554983786
0.00015609102282396293
0.0001546756755797638
0.00015329114955260173
0.0001519368525485801
0.0001506122038726038
0.00014931663375531088
0.00014804958279785913
0.00014681050144544648
0.00014559884949795588
0.0001444140956629116
0.00014325571715761358
0.00014212319935445533
0.00014101603547344633
0.00013993372632011434
0.00013887578006281908
0.00013784171204625617
0.00013683104464125924
0.00013584330712296635
0.00013487803557174786
0.00013393477279997006
0.000133013068292102
0.00013211247816151747
0.00013123256511693432
0.00013037289843758598
0.00012953305395134112
0.00012871261401981853
0.00012791116752102342
0.0001271283098331692
0.00012636364281600254
0.0001256167747914087
0.00012488732051530628
0.00012417490115053213
0.00012347914423134525
0.00012279968362464072
0.00012213615948402265
0.00012148821820053735
0.00012085551234620647
0.00012023770061565777
0.00011963444775653153
0.00011904542450350041
0.00011847030750117452
0.00011790877922655607
0.00011736052790661057
0.00011682524743424992
0.00011630035601462529
0.00011578445389987185
0.00011528058309078916
0.0001147888532355215
0.00011430899933055028
0.00011384075108556181
0.00011338382132922305
0.00011293790490820339
0.00011250268192714408
0.00011207782227756276
0.00011166299055456111
0.0001112578512002476
0.00011086207367849322
0.00011047533733376491
0.00011009733556248863
0.00010972777901883674
0.00010936639771685848
0.00010901294203249629
0.00010866718270608523
0.00010832891001295972
0.00010799793229481995
0.00010767407404930507
0.00010735717376033634
0.00010704708162019187
0.00010674365727206939
0.0001064467676630775
0.00010615628507606359
0.00010587208536947124
0.00010559404646868389
0.00010532204708263517
0.00010505596566572489
0.00010479567960078101
0.00010454106457769635
0.00010429199416412836
0.00010404833952131187
0.00010380996926765558
0.00010357674944656644
0.00010334854359213597
0.00010312521287041712
0.00010290661626978539
0.00010269261084698436
0.00010248305199252593
0.0001022777937181264
0.0001020766889568972
0.00010187958986224693
0.00010168634810057236
0.00010149681514251076
0.00010131084253221312
0.0001011224231031408
0.00010093692693800732
0.00010075480938521085
0.00010057585409337204
0.00010039985789270325
0.00010022663793992642
0.00010005602612703636
9.988786565003253e-05
9.972200799143719e-05
9.955831082440552e-05
9.939663657843808e-05
9.923685149282317e-05
9.907882499036524e-05
9.892242926661161e-05
9.876753901528275e-05
9.86140312431553e-05
9.846178513979775e-05
9.831068199002386e-05
9.816060510682933e-05
9.801143978022876e-05
9.786307323853018e-05
9.7715394614927e-05
9.756829491668608e-05
9.742166699657588e-05
9.727540552595302e-05
9.71294069683326e-05
9.698356954967057e-05
9.683779323427669e-05
9.669197969150125e-05
9.654603227555401e-05
9.639985598934814e-05
9.625335746140583e-05
9.610644491663377e-05
9.595902814933148e-05
9.581101849545248e-05
9.56623288062558e-05
9.551287342413181e-05
9.536256815449711e-05
9.521133024574859e-05
9.505907836327694e-05
9.490573256680363e-05
9.47512142928768e-05
9.459544633041528e-05
9.443835280390413e-05
9.427985915613522e-05
9.411989212808386e-05
9.395837974752325e-05
9.379525130969421e-05
9.363043736743819e-05
9.346386971518581e-05
9.329548137982182e-05
9.312520660800395e-05
9.295298085900255e-05
9.277874079180528e-05
9.260242426143724e-05
9.242397030886253e-05
9.224331915675367e-05
9.20604122023452e-05
9.187519201354722e-05
9.168760232625424e-05
9.149758803814316e-05
9.130509520946957e-05
9.11100710590552e-05
9.091246396280401e-05
9.07122234559982e-05
9.05093002277257e-05
9.030364612801957e-05
9.009521416262725e-05
8.988395849925853e-05
8.966983446514973e-05
8.9452798553645e-05
8.923280842302252e-05
8.900982290249764e-05
8.878380199336781e-05
8.855470687480372e-05
8.832249990707331e-05
8.808714463516528e-05
8.784860579566347e-05
8.760684931882463e-05
8.736184233634871e-05
8.711355318552201e-05
8.686195141506916e-05
8.660700779076439e-05
8.634869430250823e-05
8.608698416946931e-05
8.582185184678303e-05
8.555327303198631e-05
8.528122467074361e-05
8.500568496640135e-05
8.47266333823086e-05
8.44440506530958e-05
8.41579187887584e-05
8.386822108299329e-05
8.357494211764632e-05
8.327806777441607e-05
8.297758523720138e-05
8.26734830013921e-05
8.236575087977359e-05
8.205438001085656e-05
8.173936286351002e-05
8.14206932456453e-05
8.10983663092363e-05
8.077237855841085e-05
8.044272785401874e-05
8.010941342136295e-05
7.977243585494955e-05
7.943179712663497e-05
7.908750058840686e-05
7.873955097888476e-05
7.838795442949276e-05
7.80327184682036e-05
7.767385202554305e-05
7.731136543731981e-05
7.69452704501332e-05
7.657558022462856e-05
7.62023093386379e-05
7.58254737905209e-05
7.544509100325859e-05
7.506117982274741e-05
7.467376052571026e-05
7.428285481489573e-05
7.388848582514046e-05
7.349067812028997e-05
7.308945769691869e-05
7.268485197780014e-05
7.227688981925419e-05
7.186560150195701e-05
7.145101873411778e-05
7.10331746452248e-05
7.061210378436344e-05
7.018784211739324e-05
6.976042701982776e-05
6.932989727325187e-05
6.889629305980251e-05
6.845965595377291e-05
6.802002891728877e-05
6.757745628845936e-05
6.713198377631824e-05
6.668365844939802e-05
6.623252872565096e-05
6.577864436132792e-05
6.53220564403273e-05
6.486281736041693e-05
6.440098082114535e-05
6.393660180704493e-05
6.346973657626256e-05
6.300044264111831e-05
6.252877875517854e-05
6.205480489064057e-05
6.15785822273367e-05
6.110017312423039e-05
6.0619641107891855e-05
6.0137050846554164e-05
5.9652468129685e-05
5.916595984566711e-05
5.8677593958125245e-05
5.818743948144207e-05
5.7695566456034865e-05
5.720204592041057e-05
5.6706949888903214e-05
5.621035131784257e-05
5.5712324083496867e-05
5.5212942947013724e-05
5.4712283528157286e-05
5.4210422274386056e-05
5.370743642699415e-05
5.320340399128572e-05
5.269840370174092e-05
5.2192514990111114e-05
5.168581794883211e-05
5.117839329913958e-05
5.067032235137967e-05
5.016168697298361e-05
4.96525695482912e-05
4.9143052943837696e-05
4.863322046728025e-05
4.812315583239223e-05
4.7612943117464365e-05
4.710266672898417e-05
4.659241135721745e-05
4.608226194169885e-05
4.5572303625895575e-05
4.5062621720196155e-05
4.4553301657718084e-05
4.404442895519771e-05
4.35360891722024e-05
4.302836786553966e-05
4.252135055127102e-05
4.201512266196878e-05
4.150976950457525e-05
4.100537621690282e-05
4.0502027728016165e-05
3.999980871586577e-05
3.949880356338492e-05
3.899909632005214e-05
3.8500770657864775e-05
3.800390983078409e-05
3.750859663484428e-05
3.701491336526875e-05
3.652294177781423e-05
3.603276304781369e-05
3.554445773066889e-05
3.505810572259541e-05
3.457378622155664e-05
3.409157768918071e-05
3.361155781393957e-05
3.313380347195751e-05
3.2658390691585005e-05
3.218539461769976e-05
3.171488947683362e-05
3.1246948539239747e-05
3.0781644090293526e-05
3.0319047393151848e-05
2.9859228658378263e-05
2.9402257010767836e-05
2.89482004618761e-05
2.849712587594783e-05
2.8049098944414245e-05
2.7604184155525944e-05
2.716244476932169e-05
2.6723942789456105e-05
2.6288738938898985e-05
2.585689263531821e-05
2.5428461969400526e-05
2.500350367981039e-05
2.458207313421268e-05
2.4164224307832627e-05
2.3750009766408176e-05
2.3339480644460974e-05
2.293268663176331e-05
2.2529675956430444e-05
2.2130495367725745e-05
2.1735190126750563e-05
2.1343803989742263e-05
2.0956379198618852e-05
2.0572956469364298e-05
2.0193574984079837e-05
1.981827238092872e-05
1.9447084748567375e-05
1.9080046617576305e-05
1.8717190958939054e-05
1.835854917645664e-05
1.8004151106459884e-05
1.7654025014567814e-05
1.730819759430796e-05
1.6966693969173498e-05
1.6629537692651037e-05
1.629675074932929e-05
1.5968353561561163e-05
1.5644364988211527e-05
1.5324802336362165e-05
1.500968136165086e-05
1.469901627853735e-05
1.4392819767516238e-05
1.4091102983546915e-05
1.3793875566115284e-05
1.3501145649639564e-05
1.3212919875039531e-05
1.2929203401933644e-05
1.2649999921821818e-05
1.2375311670872939e-05
1.2105139446228929e-05
1.1839482619219628e-05
1.1578339153618167e-05
1.1321705619689571e-05
1.1069577214052732e-05
1.082194777549556e-05
1.0578809805011845e-05
1.0340154483685758e-05
1.010597169379896e-05
9.876250037716055e-06
9.650976858889126e-06
9.430138264141884e-06
9.213719143535952e-06
9.001703194142293e-06
8.794072941157475e-06
8.590809762092763e-06
8.391893909016193e-06
8.197304532059539e-06
8.007019704559744e-06
7.821016445668754e-06
7.639270745804702e-06
7.461757590894792e-06
7.288450987271989e-06
7.119323987188872e-06
6.954348713269886e-06
6.79349638429175e-06
6.636737341283892e-06
6.4840410718408484e-06
6.335376236810003e-06
6.190710695916819e-06
6.050011533299592e-06
5.9132450828463674e-06
5.780376955331861e-06
5.651372062570891e-06
5.526194644418106e-06
5.404808293815717e-06
5.287175982240483e-06
5.173260085699736e-06
5.063022409740746e-06
4.956424214814084e-06
4.853426241164557e-06
4.753988734207226e-06
4.658071468782298e-06
4.56563377405711e-06
4.476634557791723e-06
4.391032330352893e-06
4.3087852289594015e-06
4.229851040897473e-06
4.154187227232798e-06
4.081750945966357e-06
4.012499074623583e-06
3.946388233274495e-06
3.88337480636472e-06
3.823414964921935e-06
3.766464688198647e-06
3.712479784974579e-06
3.6614159145269715e-06
3.613228607324883e-06
3.5678732853360804e-06
3.525305282052289e-06
3.4854798619482894e-06
3.4483522398423975e-06
3.4138775997770017e-06
3.382011113356805e-06
3.3527079581355244e-06
3.325923335076819e-06
3.3016124861424655e-06
3.2797307111370155e-06
3.26023338429909e-06
3.2430759705970623e-06
3.228214041398902e-06
3.2156032899882614e-06
3.2051995464979093e-06
3.196958792609454e-06
3.1908371756857044e-06
3.1867910227096607e-06
3.1847768536297874e-06
3.1847513944882883e-06
3.1866715900031853e-06
3.1904946159246176e-06
3.196177890782956e-06
3.2036790875086733e-06
3.2129561444510736e-06
3.2239672761051996e-06
3.236670983569193e-06
3.251026064336595e-06
3.2669916220730974e-06
3.2845270756201396e-06
3.3035921681834275e-06
3.3241469754718663e-06
3.3461519141075733e-06
3.3695677492698957e-06
3.39435560219514e-06
3.4204769573217237e-06
3.4478936687904e-06
3.4765679673011654e-06
3.506462465663634e-06
3.5375401651162776e-06
3.569764460226434e-06
3.603099144466952e-06
3.637508414762459e-06
3.672956876096651e-06
3.7094095455842653e-06
3.7468318566776312e-06
3.785189662395382e-06
3.824449239003571e-06
3.8645772889411874e-06
3.905540943595054e-06
3.947307765773631e-06
3.989845752256269e-06
4.033123335282902e-06
4.077109384908639e-06
4.1217732100053415e-06
4.16708455989768e-06
4.213013625240263e-06
4.259531038898513e-06
4.306607876584811e-06
4.354215656907006e-06
4.402326342271435e-06
4.450912338120006e-06
4.49994649297353e-06
4.549402098144931e-06
4.599252887166594e-06
4.6494730344456015e-06
4.700037155253642e-06
4.750920303791603e-06
4.802097972123786e-06
4.853546089118351e-06
4.9052410179986104e-06
4.9571595556467805e-06
5.009278929791931e-06
5.0615767974457904e-06
5.114031242722326e-06
5.1666207743066284e-06
5.219324323275427e-06
5.27212124020001e-06
5.324991293269967e-06
5.3779146644596454e-06
5.430871947565132e-06
5.4838441447776296e-06
5.536812663477158e-06
5.589759313662527e-06
5.642666304250311e-06
5.6955162397260835e-06
5.748292117118984e-06
5.8009773220796394e-06
5.853555625471529e-06
5.90601118033838e-06
5.958328516824698e-06
6.010492540040396e-06
6.0624885252883035e-06
6.114302114560242e-06
6.16591931219115e-06
6.217326481741704e-06
6.268510341344275e-06
6.319457960090267e-06
6.370156753202819e-06
6.42059447934578e-06
6.470759234968412e-06
6.52063945142714e-06
6.57022388975633e-06
6.619501637318246e-06
6.668462103299725e-06
6.717095014328723e-06
6.765390410399563e-06
6.813338640436215e-06
6.860930358755782e-06
6.908156519304853e-06
6.955008373430677e-06
7.001477463643123e-06
7.047555620762844e-06
7.093234958761111e-06
7.138507871486115e-06
7.183367026951796e-06
7.227805364550469e-06
7.271816090005813e-06
7.315392671296878e-06
7.358528834925264e-06
7.40121856078934e-06
7.443456078450111e-06
7.485235864040872e-06
7.526552633742091e-06
7.567401342119497e-06
7.607777176470486e-06
7.647675553502619e-06
7.687092114930136e-06
7.726022723331899e-06
7.764463458978896e-06
7.802410614586689e-06
7.839860692347638e-06
7.876810399688516e-06
7.913256645866438e-06
7.949196536667811e-06
7.984627372714197e-06
8.019546643687847e-06
8.053952025986215e-06
8.08784137830452e-06
8.121212738122414e-06
8.154064318201925e-06
8.186394502422755e-06
8.218201842961446e-06
8.24948505634132e-06
8.280243020138867e-06
8.310474769074119e-06
8.340179491860112e-06
8.369356528094891e-06
8.398005364467773e-06
8.426125632062527e-06
8.453717101891987e-06
8.480779682870746e-06
8.507313418383975e-06
8.533318482483839e-06
8.558795177355168e-06
8.58374393021797e-06
8.608165290387037e-06
8.632059925050873e-06
8.655428618853044e-06
8.678272268408586e-06
8.700591880638974e-06
8.722388569903274e-06
8.743663554981267e-06
8.764418156708815e-06
8.784653794687182e-06
8.804371984379491e-06
8.823574336219388e-06
8.842262550691248e-06
8.860438417231543e-06
8.878103811342584e-06
8.895260691732885e-06
8.911911099104117e-06
8.928057152012264e-06
8.943701045916468e-06
8.95884504985507e-06
8.973491505192539e-06
8.987642821742834e-06
9.001301478072435e-06
9.014470016581755e-06
9.02715104345178e-06
9.039347225228053e-06
9.051061287256347e-06
9.062296012063256e-06
9.073054236389357e-06
9.083338850498114e-06
9.093152794749703e-06
9.102499058802684e-06
9.111380679355644e-06
9.119800739190076e-06
9.127762363040295e-06
9.135268719083416e-06
9.142323014221309e-06
9.148928494463602e-06
9.155088442318559e-06
9.160806175345175e-06
9.166085044459134e-06
9.170928432748288e-06
9.175339753169632e-06
9.179322448633798e-06
9.182879988106633e-06
9.186015867363882e-06
9.188733606612143e-06
9.191036748987133e-06
9.192928859643743e-06
9.194413524508995e-06
9.19549434765927e-06
9.196174952733727e-06
9.19645897831854e-06
9.196350080017724e-06
9.195851926439476e-06
9.194968200191192e-06
9.193702595140452e-06
9.192058816814979e-06
9.19004057983027e-06
9.187651607982612e-06
9.184895632370833e-06
9.181776422085932e-06
9.178297745961715e-06
9.174463154748243e-06
9.170276508975154e-06
9.165741562672884e-06
9.160862087522137e-06
9.155641848859945e-06
9.150084609630477e-06
9.144194130121928e-06
9.137974168386401e-06
9.131428479317644e-06
9.124560814130745e-06
9.11737492006247e-06
9.109874539655046e-06
9.102063410289112e-06
9.093945263139309e-06
9.085523823155167e-06
9.076802807258784e-06
9.067785925770576e-06
9.058476879162619e-06
9.048879359858353e-06
9.038997049784237e-06
9.02883362141554e-06
9.01839273580189e-06
9.00767804281011e-06
8.996693180629199e-06
8.985441774688443e-06
8.973927437675752e-06
8.962153769213313e-06
8.9501243549323e-06
8.937842765675762e-06
8.925312558180265e-06
8.912537274092136e-06
8.899520438741311e-06
8.886265562584822e-06
8.87277613863894e-06
8.859055644405393e-06
8.845107539334258e-06
8.83093526591325e-06
8.816542249084483e-06
8.801931895333743e-06
8.787107593150558e-06
8.772072712254302e-06
8.756830603155835e-06
8.741384597960048e-06
8.725738008568757e-06
8.709894127371942e-06
8.693856226821999e-06
8.67762755936467e-06
8.66121135681434e-06
8.644610830500932e-06
8.627829170944134e-06
8.610869547555612e-06
8.593735108912909e-06
8.576428981607761e-06
8.558954271196766e-06
8.541314061562044e-06
8.523511414238602e-06
8.505549369770586e-06
8.48743094532655e-06
8.469159136814501e-06
8.450736917820648e-06
8.432167238560079e-06
8.413453027774539e-06
8.394597190842872e-06
8.375602610755128e-06
8.356472147557062e-06
8.337208638528825e-06
8.317816228454405e-06
8.298303005358915e-06
8.278654191280932e-06
8.258881216794252e-06
8.238986661059019e-06
8.218974386988679e-06
8.198847592819144e-06
8.178609311984884e-06
8.158262398381527e-06
8.137809591645094e-06
8.117253548443566e-06
8.096596864721859e-06
8.075842090300671e-06
8.054991737739067e-06
8.034048289752462e-06
8.013014200351348e-06
7.991891900837226e-06
7.970683798298402e-06
7.949392278621736e-06
7.928019705131122e-06
7.906568420353253e-06
7.885040745361557e-06
7.863438980014898e-06
7.84176540236677e-06
7.820022268736881e-06
7.798211814274894e-06
7.77633625127259e-06
7.754397771356972e-06
7.73239854235602e-06
7.710340711080055e-06
7.688226401871809e-06
7.666057715828789e-06
7.643836732790447e-06
7.62156550968527e-06
7.599246081226677e-06
7.576880459441161e-06
7.5544706347091955e-06
7.5320185742392045e-06
7.509526223824312e-06
7.486995506898992e-06
7.464428324790701e-06
7.441826556845006e-06
7.419192060607573e-06
7.396526671972462e-06
7.373832205092544e-06
7.3511104524247904e-06
7.3283631854844145e-06
7.305592153927419e-06
7.2827990867093344e-06
7.259985691092715e-06
7.237153654101875e-06
7.21430464146469e-06
7.191440298384708e-06
7.168562249650651e-06
7.145672099202846e-06
7.122771431149187e-06
7.099861809076641e-06
7.076944776582009e-06
7.054021857432954e-06
7.031094555794628e-06
7.008164355561486e-06
6.98523272190425e-06
6.9623010997912305e-06
6.939370915818686e-06
6.916443576464983e-06
6.893520470290643e-06
6.870602965807141e-06
6.847692414060521e-06
6.824790146129682e-06
6.801897476154125e-06
6.779015698643403e-06
6.756146090396899e-06
6.733289910674953e-06
6.710448400043743e-06
6.687622781511843e-06
6.6648142606713555e-06
6.642024025266243e-06
6.619253245949048e-06
6.596503075919042e-06
6.5737746514960734e-06
6.551069091566202e-06
6.528387498943873e-06
6.505730958719678e-06
6.483100540201608e-06
6.46049729607134e-06
6.437922262525959e-06
6.415376459853629e-06
6.392860892152814e-06
6.370376547718955e-06
6.347924398946951e-06
6.325505402324746e-06
6.3031204998585795e-06
6.280770616853092e-06
6.25845666468149e-06
6.236179538434245e-06
6.2139401194182965e-06
6.191739272854661e-06
6.169577850385971e-06
6.147456688438788e-06
6.125376609075625e-06
6.103338420450931e-06
6.081342916167203e-06
6.059390875871844e-06
6.037483065391282e-06
6.015620236693813e-06
5.993803128359015e-06
5.972032464927851e-06
5.950308958015485e-06
5.9286333059847235e-06
5.907006193596825e-06
5.8854282931870304e-06
5.8639002640372694e-06
5.842422752373907e-06
5.820996392308177e-06
5.799621805012784e-06
5.778299599841535e-06
5.757030373077278e-06
5.7358147096963755e-06
5.7146531821857606e-06
5.693546351718561e-06
5.672494766731165e-06
5.65149896522882e-06
5.63055947282121e-06
5.609676803982289e-06
5.588851462243581e-06
5.568083939529407e-06
5.547374717279017e-06
5.5267242653429876e-06
5.506133043321316e-06
5.485601500065417e-06
5.465130073644071e-06
5.444719191947379e-06
5.424369272493671e-06
5.404080722409567e-06
5.383853938838492e-06
5.363689309173447e-06
5.343587210794843e-06
5.323548011049868e-06
5.3035720679549965e-06
5.283659729930927e-06
5.263811336154305e-06
5.244027216095018e-06
5.224307690358167e-06
5.204653070269285e-06
5.185063658400861e-06
5.165539748039776e-06
5.146081624207664e-06
5.126689562692871e-06
5.107363831301316e-06
5.088104688927197e-06
5.068912386414115e-06
5.049787166077041e-06
5.030729262363746e-06
5.011738901394877e-06
4.992816301453098e-06
4.973961673077652e-06
4.955175218921622e-06
4.936457134043012e-06
4.9178076058381875e-06
4.8992268142198784e-06
4.880714932128536e-06
4.8622721246066765e-06
4.843898550081189e-06
4.825594359456949e-06
4.80735969686557e-06
4.7891946996582955e-06
4.771099497958389e-06
4.753074215700721e-06
4.735118969829007e-06
4.717233870838805e-06
4.699419022686803e-06
4.681674523078898e-06
4.664000463546369e-06
4.646396929187603e-06
4.628863999072328e-06
4.61140174646579e-06
4.5940102382144125e-06
4.576689535834909e-06
4.559439694596748e-06
4.542260764602369e-06
4.525152789930015e-06
4.508115809089462e-06
4.491149855592454e-06
4.4742549570401016e-06
4.457431136342611e-06
4.440678410276411e-06
4.423996791612318e-06
4.407386287044158e-06
4.390846899005662e-06
4.374378624551622e-06
4.357981456289943e-06
4.341655381464882e-06
4.32540038341524e-06
4.3092164402482794e-06
4.293103525600871e-06
4.277061608949054e-06
4.2610906551530515e-06
4.245190624464863e-06
4.229361473489457e-06
4.213603154093065e-06
4.19791561403657e-06
4.182298797341008e-06
4.1667526435336705e-06
4.1512770890016845e-06
4.1358720652287085e-06
4.120537500579227e-06
4.105273319583172e-06
4.090079442727956e-06
4.074955787397465e-06
4.059902266823226e-06
4.044918791424916e-06
4.030005267460749e-06
4.015161598284946e-06
4.000387683726228e-06
3.985683420472314e-06
3.9710487017299545e-06
3.956483417870512e-06
3.941987456034973e-06
3.9275607002077395e-06
3.9132030316542e-06
3.8989143283247155e-06
3.884694465788661e-06
3.870543316241195e-06
3.856460749417539e-06
3.842446632265127e-06
3.828500829252886e-06
3.8146232016546053e-06
3.800813608894982e-06
3.787071907446692e-06
3.7733979513097795e-06
3.7597915921651866e-06
3.7462526794077676e-06
3.7327810598899954e-06
3.7193765783325547e-06
3.7060390771548037e-06
3.6927683966467585e-06
3.679564374932947e-06
3.6664268478853585e-06
3.653355649609946e-06
3.640350611893173e-06
3.6274115647853696e-06
3.6145383361354673e-06
3.6017307523944767e-06
3.588988637570202e-06
3.5763118144486334e-06
3.5637001035658086e-06
3.5511533239709523e-06
3.53867129300695e-06
3.526253826420874e-06
3.513900738193808e-06
3.5016118408767408e-06
3.4893869454158237e-06
3.477225861379382e-06
3.4651283967078694e-06
3.4530943582217275e-06
3.441123550811979e-06
3.4292157786932736e-06
3.4173708442272892e-06
3.4055885486640425e-06
3.3938686922162417e-06
3.3822110735302907e-06
3.370615490450435e-06
3.3590817392911245e-06
3.3476096153877503e-06
3.3361989131681793e-06
3.3248494260121844e-06
3.313560945846887e-06
3.3023332641594303e-06
3.29116617096394e-06
3.280059455822507e-06
3.269012906994973e-06
3.2580263121455035e-06
3.2470994579129633e-06
3.2362321302916744e-06
3.2254241144100415e-06
3.214675194421984e-06
3.203985154052511e-06
3.193353776285333e-06
3.1827808430762557e-06
3.172266136337395e-06
3.161809436740643e-06
3.1514105247289206e-06
3.14106917982793e-06
3.130785181503848e-06
3.1205583082132276e-06
3.1103883379050033e-06
3.1002767706452515e-06
3.09022155557416e-06
3.0802210430740145e-06
3.0702759975486225e-06
3.0603863114147115e-06
3.0505519532712354e-06
3.0407728019190588e-06
3.03104870138502e-06
3.021379466663863e-06
3.011764895417967e-06
3.00220477366266e-06
2.9926988801022012e-06
2.9832469894514526e-06
2.9738488729534627e-06
2.964504301020284e-06
2.9552130431572653e-06
2.945974868460619e-06
2.9367895464891945e-06
2.9276568463853986e-06
2.9185765381725945e-06
2.9095483918205616e-06
2.9005721781924547e-06
2.891647667985982e-06
2.8827746325290733e-06
2.873952843333782e-06
2.86518207226849e-06
2.856462091438644e-06
2.8477926730811183e-06
2.839173589778299e-06
2.830604614158556e-06
2.8220855192291874e-06
2.8136160778165802e-06
2.8051960630312594e-06
2.7968252484795585e-06
2.788503407110921e-06
2.7802303127438532e-06
2.7720057389604877e-06
2.7638294595534432e-06
2.755701248464752e-06
2.747620879675531e-06
2.739588127598227e-06
2.731602766486093e-06
2.7236645709628807e-06
2.7157733158583677e-06
2.7079287759200576e-06
2.700130726547956e-06
2.6923789429153143e-06
2.6846732007645545e-06
2.67701327589047e-06
2.6693989443674507e-06
2.661829982653677e-06
2.654306167394861e-06
2.646827275470593e-06
2.639393084063474e-06
2.632003370931481e-06
2.6246579137485e-06
2.6173564908802e-06
2.6100988808617726e-06
2.6028848625467056e-06
2.595714215057377e-06
2.588586718389019e-06
2.5815021523343014e-06
2.5744602974081877e-06
2.5674609343629375e-06
2.5605038446242136e-06
2.5535888095527156e-06
2.546715611577026e-06
2.5398840329793307e-06
2.533093856837424e-06
2.526344866532858e-06
2.5196368458604005e-06
2.5129695793331205e-06
2.5063428515942454e-06
2.4997564480362913e-06
2.4932101543347596e-06
2.4867037570082156e-06
2.480237042440938e-06
2.473809798236081e-06
2.4674218119425888e-06
2.4610728719364686e-06
2.4547627671470482e-06
2.448491286691576e-06
2.4422582206069228e-06
2.4360633591861834e-06
2.429906493472957e-06
2.4237874148976604e-06
2.417705915568253e-06
2.4116617878739124e-06
2.405654825402668e-06
2.3996848213547137e-06
2.3937515703676912e-06
2.387854867259934e-06
2.3819945073573923e-06
2.3761702868386103e-06
2.3703820021303456e-06
2.364629450517373e-06
2.3589124298127197e-06
2.3532307383069534e-06
2.347584175040585e-06
2.341972539529379e-06
2.3363956320707675e-06
2.3308532533001924e-06
2.3253452047032687e-06
2.3198712883267256e-06
2.314431306713683e-06
2.309025063058949e-06
2.303652361354209e-06
2.298313006073446e-06
2.293006802221731e-06
2.287733555660866e-06
2.282493072614908e-06
2.27728516029962e-06
2.272109626162306e-06
2.2669662785843946e-06
2.26185492647456e-06
2.256775379328311e-06
2.2517274474418095e-06
2.2467109415387064e-06
2.241725673204573e-06
2.236771454589319e-06
2.231848098432359e-06
2.226955418085144e-06
2.222093227858171e-06
2.2172613422703514e-06
2.212459576817398e-06
2.2076877476119273e-06
2.202945671222641e-06
2.198233165099942e-06
2.1935500474015358e-06
2.188896136525557e-06
2.184271252049253e-06
2.179675214013617e-06
2.1751078428101015e-06
2.1705689601912525e-06
2.1660583877888607e-06
2.1615759485230134e-06
2.1571214655863513e-06
2.1526947630384044e-06
2.148295665538663e-06
2.1439239984031393e-06
2.139579587642972e-06
2.1352622601012632e-06
2.1309718429137035e-06
2.1267081641399335e-06
2.1224710525061984e-06
2.118260337310424e-06
2.1140758486347964e-06
2.109917417157043e-06
2.105784874298818e-06
2.101678052020997e-06
2.097596782979017e-06
2.0935409007257832e-06
2.089510239133107e-06
2.0855046329276976e-06
2.0815239176693082e-06
2.0775679292420255e-06
2.07363650457378e-06
2.0697294808808936e-06
2.0658466962260373e-06
2.0619879895164502e-06
2.058153199982603e-06
2.054342167862361e-06
2.0505547338668666e-06
2.046790739317618e-06
2.0430500263804217e-06
2.0393324377684337e-06
2.0356378169696494e-06
2.031966008084658e-06
2.0283168557851957e-06
2.0246902054615773e-06
2.0210859033755268e-06
2.0175037961059396e-06
2.0139437311762763e-06
2.010405556656241e-06
2.006889121199501e-06
2.003394274282158e-06
1.999920865945905e-06
1.9964687469540054e-06
1.9930377687378466e-06
1.9896277831771583e-06
1.9862386431843587e-06
1.9828702020554224e-06
1.9795223136855573e-06
1.9761948329540985e-06
1.9728876151114944e-06
1.9696005161547376e-06
1.9663333926840326e-06
1.9630861020371785e-06
1.959858502303033e-06
1.956650451785313e-06
1.953461810055227e-06
1.9502924367594276e-06
1.9471421925911156e-06
1.944010938794933e-06
1.9408985371053976e-06
1.9378048500386123e-06
1.9347297407919396e-06
1.9316730730699096e-06
1.9286347113788464e-06
1.9256145207662743e-06
1.922612366883375e-06
1.9196281161483724e-06
1.9166616355648724e-06
1.9137127926426784e-06
1.9107814557516707e-06
1.9078674937857896e-06
1.9049707761887575e-06
1.9020911732816296e-06
1.8992285557424901e-06
1.8963827949194951e-06
1.893553763088233e-06
1.8907413327327065e-06
1.8879453772988353e-06
1.885165770666194e-06
1.8824023875176844e-06
1.8796551027951439e-06
1.8769237924999532e-06
1.8742083330917767e-06
1.8715086014272675e-06
1.8688244753483213e-06
1.8661558331014805e-06
1.8635025535705301e-06
1.8608645163646666e-06
1.8582416014350303e-06
1.855633689720124e-06
1.8530406625378983e-06
1.8504624017553757e-06
1.8478987901005e-06
1.8453497105502197e-06
1.842815047102375e-06
1.8402946840652221e-06
1.837788506514249e-06
1.8352963998475916e-06
1.832818250530167e-06
1.8303539452198554e-06
1.827903371309225e-06
1.8254664168747736e-06
1.8230429704459914e-06
1.8206329212558203e-06
1.818236159036201e-06
1.8158525741614597e-06
1.8134820576139355e-06
1.811124500926398e-06
1.8087797963605929e-06
1.8064478365364396e-06
1.80412851470927e-06
1.8018217247891762e-06
1.7995273613256786e-06
1.7972453193668465e-06
1.7949754945076707e-06
1.7927177829912747e-06
1.7904720815418676e-06
1.788238287559169e-06
1.7860162990087586e-06
1.7838060143908322e-06
1.781607332695072e-06
1.7794201536468867e-06
1.77724437753847e-06
1.775079904950489e-06
1.7729266373887705e-06
1.7707844766791507e-06
1.7686533253673432e-06
1.7665330864524548e-06
1.7644236634321689e-06
1.7623249605309293e-06
1.7602368825103313e-06
1.7581593345587246e-06
1.7560922223556217e-06
1.7540354525554079e-06
1.7519889317441702e-06
1.7499525676624219e-06
1.7479262682595601e-06
1.7459099419215376e-06
1.7439034978678763e-06
1.7419068457049414e-06
1.7399198956639494e-06
1.7379425584408003e-06
1.7359747451437478e-06
1.734016367815569e-06
1.7320673385972033e-06
1.7301275704875602e-06
1.7281969767232902e-06
1.726275471358356e-06
1.7243629688333842e-06
1.7224593840395646e-06
1.7205646325287558e-06
1.7186786304452083e-06
1.716801294111546e-06
1.7149325408313014e-06
1.7130722881006335e-06
1.7112204539378093e-06
1.7093769570869664e-06
1.7075417166893771e-06
1.7057146523360659e-06
1.7038956842517089e-06
1.7020847331522374e-06
1.7002817200552772e-06
1.6984865668992202e-06
1.6966991957356716e-06
1.6949195292490398e-06
1.6931474907552235e-06
1.6913830038262238e-06
1.6896259928603993e-06
1.6878763823227637e-06
1.6861340976447712e-06
1.6843990643391979e-06
1.6826712087743945e-06
1.6809504574418423e-06
1.6792367376481627e-06
1.6775299770605557e-06
1.6758301037297677e-06
1.6741370463679277e-06
1.6724507340853255e-06
1.6707710963723761e-06
1.6690980635138257e-06
1.667431565915884e-06
1.6657715346025738e-06
1.664117901215555e-06
1.662470597577718e-06
1.6608295562418058e-06
1.6591947101678847e-06
1.6575659926003957e-06
1.6559433375933346e-06
1.6543266793356214e-06
1.652715952709548e-06
1.651111092901205e-06
1.6495120356865553e-06
1.6479187172558818e-06
1.6463310742540481e-06
1.6447490435968476e-06
1.6431725631332714e-06
1.6416015706415845e-06
1.6400360046346396e-06
1.6384758039999322e-06
1.6369209081097801e-06
1.6353712567343845e-06
1.6338267901613891e-06
1.6322874490206821e-06
1.6307531744321008e-06
1.6292239081224057e-06
1.6276995918192407e-06
1.62618016823965e-06
1.6246655800139205e-06
1.623155770655979e-06
1.6216506838337015e-06
1.6201502635696153e-06
1.6186544547787553e-06
1.6171632021393169e-06
1.6156764514087852e-06
1.614194148196317e-06
1.6127162390357272e-06
1.6112426703724543e-06
1.6097733896717017e-06
1.6083083442236295e-06
1.6068474821303794e-06
1.6053907516336896e-06
1.6039381017282972e-06
1.6024894814783567e-06
1.6010448403889842e-06
1.5996041287486688e-06
1.5981672967568148e-06
1.59673429548302e-06
1.5953050757766975e-06
1.5938795895953683e-06
1.5924577888724249e-06
1.5910396259455816e-06
1.5896250538127399e-06
1.588214025457078e-06
1.5868064947390215e-06
1.5854024153108493e-06
1.5840017419104542e-06
1.5826044291067024e-06
1.5812104320515501e-06
1.5798197063846997e-06
1.5784322079310625e-06
1.577047893023272e-06
1.5756667183337432e-06
1.5742886409448127e-06
1.5729136182466353e-06
1.5715416080229962e-06
1.5701725685394927e-06
1.5688064581967162e-06
1.5674432359946986e-06
1.5660828612312088e-06
1.5647252935154735e-06
1.563370492843269e-06
1.562018419590682e-06
1.5606690344837514e-06
1.559322298618665e-06
1.557978173453452e-06
1.5566366206909526e-06
1.555297602625639e-06
1.5539610815947347e-06
1.5526270205895008e-06
1.5512953827958862e-06
1.5499661316305775e-06
1.548639231029362e-06
1.5473146453764071e-06
1.5459923390410243e-06
1.5446722770254575e-06
1.5433544246041765e-06
1.542038747325038e-06
1.5407252111253507e-06
1.539413782200563e-06
1.5381044272532745e-06
1.5367971131055213e-06
1.535491806993576e-06
1.5341884765613315e-06
1.5328870896870875e-06
1.5315876144604683e-06
1.5302900195177494e-06
1.5289942737564095e-06
1.5277003462426453e-06
1.5264082065887178e-06
1.5251178244447606e-06
1.523829170114792e-06
1.5225422138168773e-06
1.521256926533923e-06
1.519973279068933e-06
1.5186912429410567e-06
1.5174107896521162e-06
1.5161318913464504e-06
1.5148545201490775e-06
1.5135786485967627e-06
1.5123042496356647e-06
1.511031296391342e-06
1.509759762300585e-06
1.5084896210275974e-06
1.5072208467852745e-06
1.5059534137234256e-06
1.5046872964973083e-06
1.5034224699646712e-06
1.5021589094542639e-06
1.5008965902008887e-06
1.4996354881410619e-06
1.4983755792063257e-06
1.4971168397118908e-06
1.4958592461380292e-06
1.4946027755676631e-06
1.493347404825153e-06
1.4920931115210688e-06
1.4908398732598556e-06
1.4895876678681202e-06
1.4883364737769116e-06
1.4870862692350885e-06
1.4858370330582168e-06
1.4845887441977652e-06
1.4833413819021423e-06
1.4820949256944794e-06
1.4808493554236171e-06
1.4796046508783642e-06
1.4783607925761747e-06
1.4771177608717935e-06
1.4758755366485663e-06
1.4746341008694646e-06
1.4733934347772102e-06
1.4721535199726154e-06
1.470914338170871e-06
1.4696758712691296e-06
1.4684381016452469e-06
1.467201011761795e-06
1.465964584371676e-06
1.4647288022271702e-06
1.4634936487903864e-06
1.4622591073006407e-06
1.4610251614175546e-06
1.459791795077088e-06
1.4585589924573847e-06
1.4573267376557142e-06
1.456095015505855e-06
1.4548638106431723e-06
1.453633108112184e-06
1.4524028932140322e-06
1.4511731512475065e-06
1.4499438679752967e-06
1.4487150292093967e-06
1.4474866211254328e-06
1.4462586300600672e-06
1.4450310423578042e-06
1.4438038449625985e-06
1.44257702460259e-06
1.4413505685923654e-06
1.4401244641302915e-06
1.43889869893601e-06
1.4376732605923856e-06
1.4364481371138037e-06
1.435223316831822e-06
1.433998787713324e-06
1.4327745387492991e-06
1.4315505584044904e-06
1.430326835638938e-06
1.4291033596655727e-06
1.4278801197633462e-06
1.426657105374424e-06
1.4254343062546256e-06
1.42421171230637e-06
1.4229893135787487e-06
1.4217671002862526e-06
1.4205450630004086e-06
1.4193231920698632e-06
1.418101478557425e-06
1.4168799131723642e-06
1.4156584872468075e-06
1.4144371920187514e-06
1.413216018986026e-06
1.4119949598690215e-06
1.4107740064542875e-06
1.409553150666337e-06
1.4083323848252692e-06
1.4071117011776758e-06
1.4058910921749706e-06
1.4046705505841063e-06
1.403450069140971e-06
1.402229640875632e-06
1.401009258937161e-06
1.3997889166206763e-06
1.3985686073452853e-06
1.3973483247816328e-06
1.3961280626634674e-06
1.3949078149733554e-06
1.393687575689448e-06
1.3924673391056917e-06
1.391247099542801e-06
1.390026851507267e-06
1.3888065897419067e-06
1.387586308878619e-06
1.38636600416325e-06
1.3851456704248535e-06
1.3839253030290585e-06
1.3827048972627619e-06
1.3814844486715493e-06
1.3802639529753754e-06
1.3790434058501382e-06
1.377822803196527e-06
1.3766021412185998e-06
1.3753814159324387e-06
1.3741606237221946e-06
1.3729397610137748e-06
1.3717188244760683e-06
1.3704978105534324e-06
1.3692767163512442e-06
1.3680555386916885e-06
1.366834274569302e-06
1.3656129213020795e-06
1.3643914761572712e-06
1.363169936521891e-06
1.3619482999693939e-06
1.3607265642567854e-06
1.3595047270139711e-06
1.358282786127959e-06
1.357060739742236e-06
1.3558385859887063e-06
1.354616322987263e-06
1.353393949132099e-06
1.352171462843798e-06
1.3509488626260457e-06
1.3497261473668123e-06
1.3485033156404344e-06
1.3472803663306689e-06
1.3460572985655394e-06
1.3448341112123435e-06
1.3436108036587964e-06
1.3423873749768302e-06
1.3411638247064177e-06
1.3399401522498047e-06
1.338716357286365e-06
1.337492439327438e-06
1.3362683982651966e-06
1.335044233920551e-06
1.3338199461435505e-06
1.3325955351322447e-06
1.3313710009087324e-06
1.3301463437263344e-06
1.3289215639049917e-06
1.3276966617941932e-06
1.3264716379422427e-06
1.3252464928756818e-06
1.3240212272096512e-06
1.322795841716333e-06
1.3215703371653146e-06
1.3203447145669275e-06
1.3191189747685073e-06
1.3178931188285042e-06
1.3166671479253822e-06
1.315441063307515e-06
1.3142148661453267e-06
1.3129885578803265e-06
1.3117621398743524e-06
1.3105356137125642e-06
1.309308980925733e-06
1.3080822431310359e-06
1.3068554020303699e-06
1.3056284596360866e-06
1.304401417475999e-06
1.303174277611269e-06
1.3019470421527524e-06
1.3007197129045654e-06
1.2994922922071078e-06
1.2982647821637614e-06
1.2970371848792912e-06
1.2958095028992037e-06
1.2945817384792327e-06
1.2933538940128355e-06
1.2921259719987073e-06
1.2908979750432514e-06
1.2896699057055798e-06
1.2884417666051685e-06
1.287213560513601e-06
1.2859852901773503e-06
1.284756958375861e-06
1.2835285680497115e-06
1.2823001221303713e-06
1.2810716235375544e-06
1.2798430753644538e-06
1.2786144805808748e-06
1.2773858425231578e-06
1.2761571641941042e-06
1.2749284488618678e-06
1.2736996998433548e-06
1.2724709203228992e-06
1.2712421138208624e-06
1.270013283653803e-06
1.2687844334142656e-06
1.2675555663535426e-06
1.2663266861939772e-06
1.2650977964243798e-06
1.263868900732644e-06
1.262640002691073e-06
1.2614111060053494e-06
1.2601822145776927e-06
1.2589533319447697e-06
1.25772446202581e-06
1.2564956087479198e-06
1.2552667757917697e-06
1.2540379672731382e-06
1.2528091869794707e-06
1.251580439052123e-06
1.2503517273854172e-06
1.249123056031719e-06
1.2478944291324698e-06
1.2466658508244645e-06
1.245437325097184e-06
1.244208856329735e-06
1.24298044857279e-06
1.2417521060151126e-06
1.240523833115763e-06
1.2392956339186287e-06
1.2380675129273666e-06
1.2368394743275523e-06
1.2356115225409044e-06
1.2343836619723814e-06
1.2331558969815998e-06
1.2319282320096089e-06
1.2307006714508182e-06
1.2294732200036466e-06
1.2282458818354242e-06
1.227018661726917e-06
1.2257915640745021e-06
1.2245645934310033e-06
1.2233377544800055e-06
1.222111051704748e-06
1.2208844896893137e-06
1.2196580732107755e-06
1.2184318067427285e-06
1.2172056950968457e-06
1.2159797428522194e-06
1.2147539546513974e-06
1.2135283353904999e-06
1.2123028895859643e-06
1.2110776221082085e-06
1.2098525376465785e-06
1.2086276409568381e-06
1.2074029367739892e-06
1.2061784299634415e-06
1.2049541252652065e-06
1.203730027475849e-06
1.202506141436453e-06
1.2012824719669795e-06
1.2000590238564264e-06
1.1988358020270414e-06
1.1976128112942402e-06
1.1963900564145674e-06
1.195167542377281e-06
1.1939452740514069e-06
1.192723256161603e-06
1.1915014938325954e-06
1.1902799917539434e-06
1.1890587549329186e-06
1.187837788144577e-06
1.1866170964356862e-06
1.1853966845584854e-06
1.1841765575616697e-06
1.1829567202445135e-06
1.1817371776522034e-06
1.1805179345242871e-06
1.1792989958917113e-06
1.1780803667012155e-06
1.176862051760494e-06
1.17564405609203e-06
1.1744263845329395e-06
1.1732090420617697e-06
1.1719920335513252e-06
1.1707753639827365e-06
1.1695590381947948e-06
1.1683430611708719e-06
1.1671274377907316e-06
1.165912172908991e-06
1.1646972715420318e-06
1.1634827385132834e-06
1.1622685787169584e-06
1.1610547971091879e-06
1.1598413984877486e-06
1.158628387877591e-06
1.1574157699912639e-06
1.1562035498542142e-06
1.1549917322482044e-06
1.153780322066045e-06
1.1525693241676e-06
1.151358743431734e-06
1.1501485845822605e-06
1.14893885264359e-06
1.1477295523026797e-06
1.1465206884462714e-06
1.145312265852114e-06
1.1441042894025672e-06
1.1428967637289776e-06
1.141689693829627e-06
1.1404830843294932e-06
1.1392769400982713e-06
1.138071265840965e-06
1.1368660662665685e-06
1.1356613462870346e-06
1.1344571104041344e-06
1.1332533635925588e-06
1.1320501102695212e-06
1.130847355325048e-06
1.129645103474538e-06
1.128443359280294e-06
1.1272421273974105e-06
1.1260414125729036e-06
1.1248412193219601e-06
1.1236415524698128e-06
1.1224424164240236e-06
1.1212438159064519e-06
1.1200457553810201e-06
1.118848239602788e-06
1.1176512729855442e-06
1.1164548600283506e-06
1.115259005472175e-06
1.1140637137039765e-06
1.1128689892125634e-06
1.1116748364835492e-06
1.1104812600536002e-06
1.1092882642893548e-06
1.1080958537685447e-06
1.106904032799521e-06
1.1057128058397083e-06
1.104522177284883e-06
1.1033321514586344e-06
1.1021427328858618e-06
1.1009539256715326e-06
1.0997657343557172e-06
1.098578163127974e-06
1.0973912164073896e-06
1.0962048983303881e-06
1.095019213258204e-06
1.093834165458129e-06
1.09264975899616e-06
1.0914659983684877e-06
1.0902828874447402e-06
1.089100430645604e-06
1.0879186320102233e-06
1.0867374957646934e-06
1.0855570258943464e-06
1.0843772266512789e-06
1.0831981020413034e-06
1.0820196562071562e-06
1.0808418930618702e-06
1.0796648167038269e-06
1.0784884311810247e-06
1.0773127404445687e-06
1.0761377484601128e-06
1.07496345927402e-06
1.0737898766833874e-06
1.0726170046401373e-06
1.0714448471117291e-06
1.0702734079635744e-06
1.0691026909259034e-06
1.0679326999584757e-06
1.0667634388362771e-06
1.0655949113165052e-06
1.06442712127571e-06
1.0632600724308484e-06
1.0620937684552127e-06
1.0609282131135611e-06
1.0597634100746334e-06
1.0585993630397227e-06
1.057436075674554e-06
1.0562735515943412e-06
1.0551117943878158e-06
1.0539508076749878e-06
1.052790594997783e-06
1.051631159967916e-06
1.0504725059986214e-06
1.04931463674397e-06
1.0481575556175017e-06
1.0470012660102928e-06
1.045845771529586e-06
1.0446910754599455e-06
1.043537181285063e-06
1.0423840923182437e-06
1.0412318119493248e-06
1.0400803435933984e-06
1.0389296904532177e-06
1.037779855871831e-06
1.0366308430868214e-06
1.03548265541993e-06
1.0343352960587004e-06
1.0331887681742641e-06
1.0320430750398808e-06
1.0308982197495724e-06
1.0297542054726578e-06
1.0286110353259335e-06
1.0274687124411317e-06
1.0263272398117213e-06
1.0251866206180964e-06
1.024046857778166e-06
1.0229079544063292e-06
1.0217699134073946e-06
1.0206327377604582e-06
1.0194964305342075e-06
1.0183609944216615e-06
1.0172264325682885e-06
1.0160927477161134e-06
1.0149599427967577e-06
1.0138280205430832e-06
1.0126969838760009e-06
1.011566835559239e-06
1.0104375783690652e-06
1.0093092149938076e-06
1.008181748215198e-06
1.007055180771982e-06
1.0059295152498713e-06
1.004804754451943e-06
1.0036809009264442e-06
1.0025579573134162e-06
1.0014359261507167e-06
1.0003148101222242e-06
9.991946117213387e-07
