1.226950768904235
0.6000580798125499
0.06970415426264738
0.01939521317865987
0.00803874316337007
0.00407446707308885
0.0024180757508092507
0.001618595711630224
0.0011989876426079982
0.0009748215713555208
0.0008414285159792282
0.0007520569082751849
0.000686490828977189
0.0006349083524856602
0.0005921703364218532
0.0005554790141198312
0.0005232784278585387
0.0004946181224367852
0.00046904484833671566
0.00044626627674306424
0.0004260864302514303
0.0004083704412614804
0.00039301988821407514
0.00037996760657490124
0.00036916307038122514
0.0003605732137475949
0.00035418152806535985
0.00034996613130831687
0.0003479383521422389
0.00034814964001016175
0.0003506403105787165
0.0003554604863535063
0.0003626669921492685
0.0003723198539737596
0.0003844788693920956
0.00039920088358953417
0.0004165385168976314
0.0004365410254532453
0.00045925765882980714
0.0004847432924422735
0.0005130290531479813
0.0005442157043540955
0.0005784249957212933
0.0006157898768260067
0.0006564642184067517
0.0007006154835094317
0.0007484141849020409
0.0008000205598893204
0.0008555812325671072
0.0009156678633551076
0.0009790500710072179
0.00104477176042829
0.001110431287538497
0.0011754239934062642
0.0012398070514371279
0.001303692283072552
0.0013668690389511814
0.001428911768798337
0.0014890441835211088
0.0015461872846265076
0.0015990466014470697
0.0016461893754119964
0.001686133498513904
0.0017174462696917252
0.0017388479519262747
0.0017493123756855819
0.001748155034329982
0.0017350987897500022
0.0017103087818486273
0.0016743913154161918
0.0016283561713131191
0.0015735465444279661
0.001511545331950801
0.0014440692350787471
0.0013728628406407782
0.0012995752325698356
0.0012257102122906012
0.0011526700626680476
0.0010815593156057214
0.0010132412262875406
0.000948343734800368
0.0008872778024924022
0.0008302640049794946
0.0007773637901117721
0.0007285124509918649
0.0006835514438734383
0.0006422582001251441
0.0006043720793952488
0.0005696156252654598
0.0005377108043658905
0.000508390394490042
0.000481405077616586
0.00045652704615204576
0.00043355103040388114
0.00041229361911337726
0.00039259161194627455
0.00037429996061179657
0.00035728956766687596
0.000341405932595221
0.00032659491815508786
0.0003127468547227157
0.00029980654961006743
0.0002876693527026263
0.0002763072151955207
0.00026561663738889946
0.00025559668646435186
0.0002461387657259172
0.0002372700934611505
0.00022887027626526316
0.00022099695055265956
0.00021351071765601858
0.00020650348327909713
0.00019980896851032527
0.00019355905723526378
0.00018755176393281853
0.00018196672851232537
0.0001765558151317363
0.00017154230507150422
0.00016667757911244168
0.00016214785377268945
0.00015777000562698448
0.00015365931580104393
0.00014971201670601025
0.0001459582694956442
0.00014236867523776875
0.00013894599958983386
0.00013567816859489003
0.00013255628368342377
0.00012957155433564603
0.0001267158960204685
0.00012398175196315044
0.00012136208444854697
0.00011885033278686868
0.00011644038109715743
0.00011412652662161936
0.00011190345048214441
0.00010976619036056477
0.00010771011507358832
0.00010573090089429538
0.00010382450949653802
0.00010198716740270874
0.00010021534682908402
9.850574783625121e-05
9.685528334466272e-05
9.526106729349262e-05
9.372038341267134e-05
9.223068487352079e-05
9.078958326998433e-05
8.939483464865755e-05
8.80443289102546e-05
8.673608010311699e-05
8.546821751975223e-05
8.423514044214462e-05
8.303480960022939e-05
8.186998021000245e-05
8.073915959868954e-05
7.964093615222616e-05
7.857397398495213e-05
7.753700803735168e-05
7.652883956423322e-05
7.554833197345737e-05
7.459440697968453e-05
7.366604104179108e-05
7.276226205589548e-05
7.188214627931342e-05
7.102481546411364e-05
7.018943418171004e-05
6.937520732241896e-05
6.858137775595188e-05
6.780722414092725e-05
6.705205887271223e-05
6.631522616019881e-05
6.55961002233402e-05
6.489408360368649e-05
6.420860558116583e-05
6.353912069062126e-05
6.288512447772868e-05
6.224612256654223e-05
6.16216367210972e-05
6.101118855238263e-05
6.0414339942435165e-05
5.983067009755086e-05
5.925977520204266e-05
5.870126768340313e-05
5.8154775429335826e-05
5.7619941027799214e-05
5.7096421044976706e-05
5.658201635854942e-05
5.607476013618536e-05
5.557790187893296e-05
5.509151671900215e-05
5.461573881183175e-05
5.4149841750351915e-05
5.369319613582921e-05
5.324552183062256e-05
5.2806704659690816e-05
5.237670339173524e-05
5.195536365733459e-05
5.154331309872314e-05
5.114057123719021e-05
5.074398005186689e-05
5.035223036540782e-05
4.9961725305266115e-05
4.957523239140556e-05
4.91941568859877e-05
4.881852961529194e-05
4.8447913598810074e-05
4.808044161594837e-05
4.771810977404296e-05
4.736134707905429e-05
4.701012232756791e-05
4.66643978105761e-05
4.6319883153983065e-05
4.5978235951074176e-05
4.5642367928324575e-05
4.5312190149349915e-05
4.498761847110892e-05
4.4668569196715904e-05
4.435495822339885e-05
4.4046700786854705e-05
4.374371143688089e-05
4.3445904129666495e-05
4.315319238084644e-05
4.2865489446638984e-05
4.258270851429277e-05
4.230400752942872e-05
4.202475183244705e-05
4.174988877961521e-05
4.148015814692178e-05
4.1215424983779035e-05
4.0955562966158266e-05
4.070045210329532e-05
4.044834472214553e-05
4.0198758099196466e-05
3.995360691717834e-05
3.971273623497678e-05
3.9473872662324984e-05
3.9238881960268326e-05
3.9008151340897e-05
3.8781572337082e-05
3.855904132279235e-05
3.834045902788928e-05
3.81257300954032e-05
3.791476277022558e-05
3.77074686535971e-05
3.7503762493037924e-05
3.7303561994209014e-05
3.710678764911188e-05
3.691336257762036e-05
3.672321238187472e-05
3.653626501212542e-05
3.635245064325788e-05
3.617170156093534e-05
3.599395205616858e-05
3.5819138327001e-05
3.564719838689301e-05
3.547807197860989e-05
3.53117004930486e-05
3.51480268928939e-05
3.498699563995294e-05
3.482855262657101e-05
3.467264511045889e-05
3.451922165274542e-05
3.436823205910939e-05
3.421962732407311e-05
3.4073359577974564e-05
3.392938203673051e-05
3.378764895445213e-05
3.364811557859223e-05
3.351073810770822e-05
3.3375473651677766e-05
3.3242280194541313e-05
3.3111116559551096e-05
3.2981942376610125e-05
3.285471805197089e-05
3.2729404740004706e-05
3.2605964317095844e-05
3.2484359357320474e-05
3.2364553110242697e-05
3.224650948010636e-05
3.213019300693145e-05
3.201556884888877e-05
3.190260276633398e-05
3.1791261106785046e-05
3.168151079136569e-05
3.15733193021757e-05
3.146665467066719e-05
3.136148546684238e-05
3.125739654081788e-05
3.1154202719062714e-05
3.105247689038874e-05
3.095218549371116e-05
3.085329587728016e-05
3.075577618232405e-05
3.065935878625792e-05
3.056191676121489e-05
3.0465752366865258e-05
3.037083625235226e-05
3.027713968669972e-05
3.0184634553095955e-05
3.009329333724258e-05
3.0003089114181712e-05
2.991399553570503e-05
2.9825986817699113e-05
2.9739037728169812e-05
2.9653123575258427e-05
2.95682201956108e-05
2.9484303942867732e-05
2.9401351676067152e-05
2.931934074810568e-05
2.9238248994271934e-05
2.9158054720425434e-05
2.907873669146753e-05
2.9000274119644593e-05
2.892264665281724e-05
2.8845834362983966e-05
2.8769817734510705e-05
2.8694577653161307e-05
2.8620095394515994e-05
2.8546352613173063e-05
2.8473331331867413e-05
2.840101393111934e-05
2.832938313875619e-05
2.8258422020095373e-05
2.818811396829977e-05
2.8118442694825294e-05
2.8049392220493187e-05
2.7980946866644465e-05
2.7913091246664547e-05
2.7845810257553243e-05
2.777908907224478e-05
2.7712913131691383e-05
2.7647268137374173e-05
2.7582140044130048e-05
2.7517515053155583e-05
2.7453379604946523e-05
2.7389720372825537e-05
2.7326524256484513e-05
2.726377837549464e-05
2.72014700632691e-05
2.713958686097115e-05
2.7078116511636148e-05
2.701704695438696e-05
2.6956366318780547e-05
2.6896062919161304e-05
2.683612524931351e-05
2.6776541977000404e-05
2.671730193868778e-05
2.6658394134313576e-05
2.659980772231036e-05
2.6541532014309877e-05
2.648355647033624e-05
2.642587069381629e-05
2.636846442679887e-05
2.6311327545068612e-05
2.6254450053559483e-05
2.6197822081548763e-05
2.6141433878330446e-05
2.608527580834952e-05
2.6029338347032155e-05
2.5973612076237222e-05
2.5918087679993296e-05
2.5862755940161993e-05
2.580760773241187e-05
2.5752406299300953e-05
2.5697031419759526e-05
2.5641804332318527e-05
2.5586753682002654e-05
2.5531869384032647e-05
2.5477141511375192e-05
2.5422560274693493e-05
2.536811601138461e-05
2.53137991784027e-05
2.525960034637741e-05
2.5205510194533014e-05
2.515151950646318e-05
2.5097619166514457e-05
2.5043800156216574e-05
2.4990053550683117e-05
2.493637051470151e-05
2.4882742298283536e-05
2.482916023184649e-05
2.47756157208692e-05
2.4722100240385767e-05
2.4668605329207405e-05
2.4615122583955936e-05
2.456164365329431e-05
2.4508160232056657e-05
2.445466405566597e-05
2.4401146894739803e-05
2.4347600550249676e-05
2.4294016848376676e-05
2.4240387636707335e-05
2.4186704779950016e-05
2.4132960156451666e-05
2.4079145655240376e-05
2.402525317305539e-05
2.39712746122985e-05
2.391720187880837e-05
2.386302688051042e-05
2.3808741526022463e-05
2.3754337723789526e-05
2.3699807381639123e-05
2.3645142406145976e-05
2.359033470291371e-05
2.353537617666235e-05
2.348025873161657e-05
2.342497427231776e-05
2.3369514704484077e-05
2.3313871935910066e-05
2.325803787800637e-05
2.320200444700609e-05
2.314463800087828e-05
2.30868710261601e-05
2.302889223799862e-05
2.297069384022864e-05
2.2912268044559425e-05
2.2853607078704404e-05
2.279470318974158e-05
2.273554864659145e-05
2.267613574235663e-05
2.2616456796698925e-05
2.2556504158356395e-05
2.249627020773594e-05
2.2435747359756138e-05
2.2374928066689013e-05
2.2313804821231623e-05
2.2252370159643002e-05
2.219061666500768e-05
2.2128536970601917e-05
2.2066123763489263e-05
2.200336978795824e-05
2.1940267849303938e-05
2.1876810817631994e-05
2.181299163174987e-05
2.1748803303057136e-05
2.1684238919670754e-05
2.161929165060414e-05
2.15539547498702e-05
2.1488221560905813e-05
2.1422085520723064e-05
2.135554016462351e-05
2.1288579130364094e-05
2.1221196162873003e-05
2.1153385118751277e-05
2.1085139970927693e-05
2.1016454813231493e-05
2.0947323865141236e-05
2.0877741476472307e-05
2.0807702131990657e-05
2.0737200456277403e-05
2.0666231218399155e-05
2.059478933654804e-05
2.0522869882903544e-05
2.0450468088235404e-05
2.037757934656207e-05
2.030419921988663e-05
2.0230323442638918e-05
2.015594792644592e-05
2.008106876444247e-05
2.000568223587552e-05
1.9929784810366995e-05
1.985337315230789e-05
1.9776444125042734e-05
1.9698994795096193e-05
1.9621022436111966e-05
1.9542524532917186e-05
1.9463498785304407e-05
1.9383943111843735e-05
1.9303855653427453e-05
1.92232347768142e-05
1.914207907804277e-05
1.906038738557138e-05
1.8978158763492404e-05
1.8895392514368797e-05
1.8812088182125124e-05
1.8728245554686747e-05
1.864386466635748e-05
1.855894580036057e-05
1.8473489490753412e-05
1.838749652461265e-05
1.8300967943685935e-05
1.8213905046160316e-05
1.812630938800436e-05
1.8038182784292587e-05
1.7949527310255455e-05
1.786034530217337e-05
1.7770639358128104e-05
1.7680412338402684e-05
1.758966736589257e-05
1.7498407826189727e-05
1.7406637367446486e-05
1.7314359900189072e-05
1.7221579596794316e-05
1.7128300890814894e-05
1.7034528476144204e-05
1.6940267305955386e-05
1.6845522591394582e-05
1.6750299800206965e-05
1.6654604654984844e-05
1.6558443131490818e-05
1.6461821456452008e-05
1.636474610550922e-05
1.6267223800743686e-05
1.6169261508097746e-05
1.6070866434611744e-05
1.5972046025570313e-05
1.587280796129015e-05
1.577316015391869e-05
1.5673110743955344e-05
1.5572668096665135e-05
1.5471840798270344e-05
1.537063765212171e-05
1.526906767454039e-05
1.5167140090666561e-05
1.5064864330035028e-05
1.4962250022169404e-05
1.4859306991853236e-05
1.475604525450263e-05
1.4652475011182077e-05
1.454860664363126e-05
1.4444450709215796e-05
1.4340017935653878e-05
1.4235319215731644e-05
1.4130365601892966e-05
1.4025168300730273e-05
1.3919738667389572e-05
1.3814088199894523e-05
1.3708228533423447e-05
1.3602171434534924e-05
1.3495928795128922e-05
1.3389512626747568e-05
1.3282935054378187e-05
1.3176208310541163e-05
1.3069344729109885e-05
1.2962356739329353e-05
1.285525685948391e-05
1.2748057690894258e-05
1.2640771911596177e-05
1.2533412270226296e-05
1.2425991579678574e-05
1.2318522710944969e-05
1.2211018586926517e-05
1.2103492176072083e-05
1.199595648627041e-05
1.188842455861189e-05
1.1780909461134054e-05
1.1673424282776872e-05
1.1565982127113333e-05
1.1458596106303792e-05
1.1351279335045925e-05
1.1244044924465077e-05
1.1136905976156143e-05
1.1029875576260056e-05
1.0922966789540565e-05
1.0816192653593842e-05
1.070956617297062e-05
1.0603100313560867e-05
1.0496807996881168e-05
1.0390702094525354e-05
1.0284795422602579e-05
1.0179100736430486e-05
1.0073630724951867e-05
9.968398005683685e-06
9.863415119383845e-06
9.758694525005002e-06
9.654248594660168e-06
9.550089608678511e-06
9.446229750794247e-06
9.342681103401304e-06
9.239455642868775e-06
9.136565235097917e-06
9.034021630941692e-06
8.931836462015303e-06
8.830021236328297e-06
8.728587334207567e-06
8.627546004329298e-06
8.52690835970122e-06
8.426685373933553e-06
8.326887877487372e-06
8.22752655416914e-06
8.128611937564058e-06
8.030154407775336e-06
7.932164188060527e-06
7.834651341840023e-06
7.737625769567399e-06
7.641097205881628e-06
7.545075216817023e-06
7.449569197115915e-06
7.354588367677624e-06
7.260141773173454e-06
7.166238279596812e-06
7.072886572212238e-06
6.980095153325698e-06
6.887872340410564e-06
6.796226264155062e-06
6.7051648667722815e-06
6.61469590039867e-06
6.524826925443223e-06
6.43556530929004e-06
6.346918224958048e-06
6.258892649966055e-06
6.171495365145732e-06
6.0847329537695895e-06
5.9986118006687775e-06
5.913138091443733e-06
5.828317811880351e-06
5.7441567473614365e-06
5.660660482420416e-06
5.577834400478409e-06
5.495683683531275e-06
5.414213312058565e-06
5.333428064994681e-06
5.253332519777144e-06
5.173931052495246e-06
5.095227838186867e-06
5.017226851149474e-06
4.9399318654092175e-06
4.863346455229568e-06
4.7874739957335815e-06
4.712317663610747e-06
4.637880437950301e-06
4.5641651010318906e-06
4.4911742393648405e-06
4.4189102446797935e-06
4.347375315073684e-06
4.27657145615008e-06
4.206500482370949e-06
4.1371640183240186e-06
4.068563500166841e-06
4.0007001770922095e-06
3.933575112923624e-06
3.8671891876850725e-06
3.8015430992743765e-06
3.736637365236526e-06
3.6724723245683053e-06
3.609048139541115e-06
3.546364797663624e-06
3.4844221135887244e-06
3.423219731246243e-06
3.3627571257770443e-06
3.3030336057771377e-06
3.244048315421423e-06
3.185800236638019e-06
3.128288191445407e-06
3.0715108442093413e-06
3.0154667039699126e-06
2.960154126844036e-06
2.905571318434204e-06
2.8517163362619493e-06
2.7985870922669686e-06
2.746181355274029e-06
2.6944967535787757e-06
2.6435307774821124e-06
2.593280781882045e-06
2.543743988896853e-06
2.4949174904647345e-06
2.4467982510239085e-06
2.3993831101922182e-06
2.3526687853853205e-06
2.306651874617961e-06
2.261328859086688e-06
2.2166961060343607e-06
2.1727498713604796e-06
2.1294863024244984e-06
2.0869014407782035e-06
2.044991224902412e-06
2.003751492973958e-06
1.9631779856043895e-06
1.92326634860876e-06
1.8840121357502566e-06
1.8454108114938603e-06
1.8074577537384806e-06
1.7701482565760772e-06
1.7334775329956428e-06
1.6974407176481827e-06
1.6620328695178241e-06
1.6272489746581307e-06
1.5930839488592207e-06
1.5595326403472624e-06
1.5265898324269456e-06
1.494250246152103e-06
1.462508542934405e-06
1.431359327167398e-06
1.4007971488335135e-06
1.3708165060519295e-06
1.3414118476593996e-06
1.3125775757164774e-06
1.2843080480442788e-06
1.256597580702793e-06
1.2294404504244105e-06
1.2028308970950427e-06
1.1767631261358319e-06
1.1512313108947547e-06
1.1262295950033384e-06
1.1017520947027136e-06
1.0777929011493381e-06
1.0543460826790158e-06
1.031405687037401e-06
1.0089657436195334e-06
9.870202656102938e-07
9.655632521544732e-07
9.445886904666946e-07
9.240905579108464e-07
9.040628240415369e-07
8.844994526416554e-07
8.653944036717927e-07
8.467416352438313e-07
8.285351055234528e-07
8.107687746036732e-07
7.934366063525357e-07
7.765325702263063e-07
7.600506430331988e-07
7.439848106690757e-07
7.28329069829944e-07
7.13077429662364e-07
6.982239134051082e-07
6.83762559975224e-07
6.696874255251614e-07
6.559925849674789e-07
6.426721334555129e-07
6.297201878346571e-07
6.171308880544666e-07
6.048983985412641e-07
5.930169095459184e-07
5.814806384414548e-07
5.702838309946124e-07
5.594207625996959e-07
5.488857394749429e-07
5.386730998239804e-07
5.287772149663576e-07
5.191924904251003e-07
5.099133669878606e-07
5.009343217287357e-07
4.922498689958752e-07
4.838545613674551e-07
4.7574299057268055e-07
4.6790978837763115e-07
4.6034962744283463e-07
4.53057222140312e-07
4.460273293479731e-07
4.3925474920184953e-07
4.3273432582407084e-07
4.2646094801554747e-07
4.204295499172562e-07
4.1463511164561604e-07
4.09072659888907e-07
4.037372684823615e-07
3.9862405895050576e-07
3.9372820101676993e-07
3.890449130888376e-07
3.845694627180533e-07
3.802971670199692e-07
3.7622339308053625e-07
3.72343558328509e-07
3.6865313087893224e-07
3.651476298575062e-07
3.61822625694616e-07
3.586737403915864e-07
3.556966477721031e-07
3.5288707369202163e-07
3.502407962507266e-07
3.477536459497763e-07
3.4542150585265506e-07
3.432403117072274e-07
3.4120605205462197e-07
3.393147683129493e-07
3.375625548336127e-07
3.359455589582538e-07
3.3445998102095795e-07
3.3310207437090476e-07
3.318681453381433e-07
3.3075455321042074e-07
3.297577101724864e-07
3.288740812375127e-07
3.2810018415139296e-07
3.2743258929619973e-07
3.2686791955724623e-07
3.2640285019040493e-07
3.2603410866820993e-07
3.2575847450347696e-07
3.255727790700051e-07
3.2547390540487385e-07
3.2545878798711404e-07
3.2552441252160176e-07
3.2566781569247754e-07
3.2588608491359444e-07
3.261763580638703e-07
3.2653582321344113e-07
3.269617183337673e-07
3.2745133099150605e-07
3.280019980598848e-07
3.2861110537827164e-07
3.292760874302987e-07
3.299944270050292e-07
3.307636548604653e-07
3.315813493396008e-07
3.3244513603334946e-07
3.333526873983879e-07
3.343017223620666e-07
3.352900059644677e-07
3.363153489252153e-07
3.3737560728272914e-07
3.3846868195612795e-07
3.3959251834070584e-07
3.40745105897307e-07
3.4192447771206965e-07
3.4312871008481876e-07
3.4435592206405266e-07
3.456042750559373e-07
3.468719723340033e-07
3.4815725861917925e-07
3.494584196243961e-07
3.5077378158778233e-07
3.521017108372736e-07
3.5344061331710374e-07
3.547889341238747e-07
3.5614515705723304e-07
3.5750780413417585e-07
3.588754351295569e-07
3.602466471182911e-07
3.616200739742568e-07
3.629943859277531e-07
3.643682890841145e-07
3.6574052494197347e-07
3.6710986991260607e-07
3.6847513487339283e-07
3.6983516467090585e-07
3.711888376500299e-07
3.7253506517332435e-07
3.7387279117251013e-07
3.752009916409814e-07
3.7651867418957936e-07
3.77824877552721e-07
3.7911867113763165e-07
3.8039915454561187e-07
3.816654571061201e-07
3.829167374064437e-07
3.841521828298559e-07
3.8537100910808614e-07
3.865724598263018e-07
3.8775580600383204e-07
3.88920345609639e-07
3.900654031240949e-07
3.9119032907233473e-07
3.9229449960450623e-07
3.9337731600949095e-07
3.9443820430292675e-07
3.954766147727678e-07
3.9649202154889874e-07
3.974839221676778e-07
3.9845183712867316e-07
3.9939530947015556e-07
4.003139043759258e-07
4.012072086940318e-07
4.0207483057294865e-07
4.029163990153682e-07
4.037315634856768e-07
4.045199934882178e-07
4.0528137816784144e-07
4.0601542591629235e-07
4.067218639690518e-07
4.074004380036239e-07
4.080509117737202e-07
4.0867306671791206e-07
4.09266701552757e-07
4.0983163193342025e-07
4.1036769004913207e-07
4.1087472428230164e-07
4.1135259882256824e-07
4.1180119331814405e-07
4.122204025086098e-07
4.1261013588299156e-07
4.129703173179216e-07
4.133008847572191e-07
4.13601789849636e-07
4.138729976203961e-07
4.141144861391086e-07
4.143262461894964e-07
4.145082809549664e-07
4.146606057057261e-07
4.147832474490159e-07
4.148762446594715e-07
4.1493964695160924e-07
4.149735147808962e-07
4.149779191459114e-07
4.1495294129979494e-07
4.1489867246202883e-07
4.14815213504929e-07
4.1470267472503277e-07
4.145611755226646e-07
4.1439084414410427e-07
4.1419181740755324e-07
4.139642404526759e-07
4.137082664662229e-07
4.13424056433648e-07
4.1311177886931337e-07
4.127716096067822e-07
4.124037315126412e-07
4.1200833426607506e-07
4.115856141266217e-07
4.1113577368367e-07
4.106590216587482e-07
4.1015557264797003e-07
4.0962564692378486e-07
4.09069470202096e-07
4.08487273450957e-07
4.0787929265060214e-07
4.072457686219388e-07
4.065869467995376e-07
4.059030770490454e-07
4.051944134664293e-07
4.0446121417524245e-07
4.0370374117095757e-07
4.029222600985996e-07
4.021170401161699e-07
4.0128835367803216e-07
4.0043647638333247e-07
3.9956168679115227e-07
3.986642662961775e-07
3.9774449889877615e-07
3.9680267110632435e-07
3.95839071738935e-07
3.9485399179668535e-07
3.938477243070889e-07
3.928205641664579e-07
3.917728080071434e-07
3.907047540635381e-07
3.8961670201186796e-07
3.8850895287203327e-07
3.8738180883712384e-07
3.862355731713786e-07
3.8507055007599355e-07
3.838870445713951e-07
3.826853623726541e-07
3.814658097776948e-07
3.802286935398577e-07
3.7897432078915933e-07
3.777029988788927e-07
3.764150353285837e-07
3.751107376749427e-07
3.737904133996317e-07
3.724543698273648e-07
3.711029140311053e-07
3.6973635272494477e-07
3.6835499219622576e-07
3.6695913819993196e-07
3.655490941408648e-07
3.6412516080525176e-07
3.6268764735835435e-07
3.612368566181692e-07
3.5977309047465046e-07
3.582966498030621e-07
3.568078344223748e-07
3.5530694299067025e-07
3.5379427294610973e-07
3.5227012045541624e-07
3.5073478034646786e-07
3.491885460301892e-07
3.4763170945955884e-07
3.460645610615546e-07
3.444873896854243e-07
3.4290048254643184e-07
3.4130412518367025e-07
3.396986013846603e-07
3.380841931729089e-07
3.3646118072580927e-07
3.3482984235780514e-07
3.3319045445459664e-07
3.3154329145256006e-07
3.29888625777932e-07
3.282267278224654e-07
3.265578659069706e-07
3.2488230623278036e-07
3.2320031285643766e-07
3.2151214766983427e-07
3.198180703486415e-07
3.181183383234831e-07
3.164132067670999e-07
3.1470292856304595e-07
3.1298775426764383e-07
3.1126793210447196e-07
3.0954370792473165e-07
3.078153251994628e-07
3.060830249901433e-07
3.0434704592447666e-07
3.026076242053212e-07
3.008649935539631e-07
2.99119385227152e-07
2.973710279909885e-07
2.956201480997821e-07
2.938669692982573e-07
2.9211171280542193e-07
2.9035459729230557e-07
2.885958388835979e-07
2.868356511556048e-07
2.8507424511347774e-07
2.8331182919746067e-07
2.8154860926609547e-07
2.7978478860018403e-07
2.780205679031662e-07
2.76256145275855e-07
2.744917162396173e-07
2.727274737238735e-07
2.709636080579125e-07
2.692003069950827e-07
2.6743775567992004e-07
2.6567613667632817e-07
2.639156299670239e-07
2.6215641293572865e-07
2.6039866039656805e-07
2.586425445857538e-07
2.568882351613917e-07
2.5513589922352924e-07
2.533857013101636e-07
2.516377568677922e-07
2.498919845707371e-07
2.4814883920775625e-07
2.464084748093258e-07
2.44671043005252e-07
2.4293669297478457e-07
2.412055713932299e-07
2.394778224423844e-07
2.3775358782724389e-07
2.360330067611927e-07
2.3431621600522056e-07
2.3260334987488144e-07
2.3089454024576714e-07
2.2918991657457788e-07
2.2748960592248868e-07
2.2579373293197452e-07
2.2410241989444928e-07
2.2241578672280033e-07
2.207339509932987e-07
2.1905702792825623e-07
2.1738513044589962e-07
2.1571836915555582e-07
2.1405685238317792e-07
2.1240068617883944e-07
2.1074997433209577e-07
2.0910481839975494e-07
2.0746531770249162e-07
2.0583156937854793e-07
2.0420366835183941e-07
2.0258170738156132e-07
2.0096577707905008e-07
1.9935596590248103e-07
1.9775236020369715e-07
1.9615504422574696e-07
1.945641001327273e-07
1.9297960801654282e-07
1.9140164592660917e-07
1.8983028987766416e-07
1.8826561387873175e-07
1.8670768994954322e-07
1.8515658813231227e-07
1.836123765178925e-07
1.8207512126022785e-07
1.8054488659888405e-07
1.7902173488137745e-07
1.7750572657337737e-07
1.759969202848437e-07
1.7449537278825365e-07
1.7300113904111935e-07
1.7151427219174549e-07
1.7003482361924958e-07
1.6856284293838538e-07
1.6709837802660321e-07
1.6564147504021858e-07
1.6419217843033554e-07
1.6275053097593118e-07
1.613165737859023e-07
1.5989034633278852e-07
1.5847188646422898e-07
1.570612304300901e-07
1.5565841289250156e-07
1.5426346695410215e-07
1.528764241692572e-07
1.514973145776315e-07
1.501261667044646e-07
1.487630076000298e-07
1.4740786283731014e-07
1.4606075655789557e-07
1.4472171146094784e-07
1.43390748853032e-07
1.4206788864220748e-07
1.4075314937088616e-07
1.3944654823503988e-07
1.381481010972822e-07
1.3685782250618923e-07
1.3557572571864216e-07
1.3430182271986998e-07
1.330361242364989e-07
1.3177863976028626e-07
1.305293775673437e-07
1.2928834472518397e-07
1.2805554713089464e-07
1.268309895108716e-07
1.2561467544617264e-07
1.244066073978331e-07
1.232067867108384e-07
1.2201521364304007e-07
1.2083188737753534e-07
1.19656806041772e-07
1.1848996672811198e-07
1.1733136549768903e-07
1.1618099742418232e-07
1.1503885658310453e-07
1.139049360858275e-07
1.1277922808620973e-07
1.1166172381214616e-07
1.1055241356303045e-07
1.0945128674320657e-07
1.0835833186881197e-07
1.0727353658404201e-07
1.0619688768638882e-07
1.0512837113045408e-07
1.0406797205371598e-07
1.0301567478707765e-07
1.0197146287054161e-07
1.0093531907518412e-07
9.990722540637138e-08
9.888716313185681e-08
9.787511279146114e-08
9.687105420696251e-08
9.587496650674438e-08
9.488682813724645e-08
9.390661687182579e-08
9.293430983117225e-08
9.196988349750067e-08
9.101331372944407e-08
9.006457576582053e-08
8.912364425832069e-08
8.819049326605225e-08
8.726509628893112e-08
8.634742625399018e-08
8.543745556200405e-08
8.453515607445987e-08
8.364049913549517e-08
8.275345559116798e-08
8.187399579124437e-08
8.10020896109695e-08
8.013770645671178e-08
7.928081528292232e-08
7.843138460332336e-08
7.758938250148929e-08
7.675477664628321e-08
7.592753429881906e-08
7.510762232913039e-08
7.429500722122369e-08
7.348965509473736e-08
7.269153170891914e-08
7.190060246961869e-08
7.111683245154988e-08
7.034018640175765e-08
6.95706287539114e-08
6.880812363221104e-08
6.805263487305797e-08
6.73041260244046e-08
6.656256036367514e-08
6.582790090119832e-08
6.51001104007036e-08
6.437915137340901e-08
6.366498610336656e-08
6.29575766471141e-08
6.225688484929266e-08
6.156287234409344e-08
6.087550057511802e-08
6.019473079349098e-08
5.952052407501613e-08
5.885284132541062e-08
5.819164328687342e-08
5.7536890553375564e-08
5.688854357156699e-08
5.624656265146063e-08
5.561090798069515e-08
5.498153962094444e-08
5.435841752778249e-08
5.3741501549009985e-08
5.313075143688946e-08
5.252612685906042e-08
5.192758739503505e-08
5.133509255772415e-08
5.0748601788602254e-08
5.0168074470612584e-08
4.959346993497221e-08
4.9024747466318934e-08
4.8461866312053957e-08
4.790478568514747e-08
4.735346477404252e-08
4.680786274705906e-08
4.6267938759097125e-08
4.5733651960916655e-08
4.520496149812923e-08
4.468182652552372e-08
4.416420620601518e-08
4.365205971935022e-08
4.314534627193801e-08
4.2644025091601544e-08
4.214805544683254e-08
4.1657396635747144e-08
4.117200801047225e-08
4.069184896498347e-08
4.021687895087841e-08
3.974705747764726e-08
3.928234412128992e-08
3.8822698520408525e-08
3.8368080395874105e-08
3.7918449538991896e-08
3.747376582576918e-08
3.703398922058613e-08
3.659907977839551e-08
3.6168997647494736e-08
3.574370307784407e-08
3.5323156422044054e-08
3.4907318139331194e-08
3.449614880025816e-08
3.408960909042102e-08
3.368765981600155e-08
3.329026190124447e-08
3.289737639972825e-08
3.250896449162817e-08
3.212498749000225e-08
3.174540684597021e-08
3.137018414483779e-08
3.0999281118039486e-08
3.063265963945134e-08
3.0270281731821934e-08
2.9912109567453274e-08
2.955810547425914e-08
2.920823193311544e-08
2.88624515854146e-08
2.852072723595257e-08
2.8183021848805524e-08
2.7849298558513798e-08
2.7519520665032e-08
2.7193651641984336e-08
2.6871655133213464e-08
2.6553494959913953e-08
2.6239135119476212e-08
2.5928539789854344e-08
2.5621673327005015e-08
2.531850027377463e-08
2.5018985357268683e-08
2.472309348824869e-08
2.443078976847031e-08
2.4142039490007105e-08
2.3856808134101308e-08
2.3575061377535668e-08
2.329676509023543e-08
2.3021885338178433e-08
2.2750388385280116e-08
2.2482240692191823e-08
2.2217408921452803e-08
2.195585993450718e-08
2.1697560796734125e-08
2.1442478773970457e-08
2.1190581340174076e-08
2.0941836169602192e-08
2.0696211147377688e-08
2.0453674361139834e-08
2.0214194108352852e-08
1.9977738893936154e-08
1.9744277433638614e-08
1.9513778649992666e-08
1.9286211678917996e-08
1.9061545865010553e-08
1.8839750766874257e-08
1.8620796151955467e-08
1.8404652003622813e-08
1.819128851448035e-08
1.7980676093773714e-08
1.777278536177577e-08
1.7567587152672603e-08
1.7365052516787437e-08
1.7165152716551493e-08
1.696785923011952e-08
1.6773143748890274e-08
1.6580978179255532e-08
1.639133464358098e-08
1.6204185479049367e-08
1.601950323471179e-08
1.583726067726956e-08
1.5657430785418653e-08
1.5479986754604645e-08
1.53049019932187e-08
1.5132150123953552e-08
1.4961704983161316e-08
1.4793540622022292e-08
1.4627631304108246e-08
1.4463951505773597e-08
1.4302475915704326e-08
1.4143179437635723e-08
1.398603718288068e-08
1.3831024479003424e-08
1.367811686214111e-08
1.3527290078697728e-08
1.3378520085383692e-08
1.3231783051054027e-08
1.308705535063753e-08
1.294431356785967e-08
1.2803533971466349e-08
1.2664693770297092e-08
1.2527770628213593e-08
1.2392741924368669e-08
1.2259585259436612e-08
1.212827845043869e-08
1.1998799517668185e-08
1.1871126685274359e-08
1.1745238377707784e-08
1.16211132224187e-08
1.1498730046719453e-08
1.1378067876596894e-08
1.1259105941345032e-08
1.1141823663598478e-08
1.1026200668198965e-08
1.0912216775803374e-08
1.0799852003261279e-08
1.0689086563681284e-08
1.0579900863067449e-08
1.0472275502720082e-08
1.0366191275106092e-08
1.0261629166335032e-08
1.0158570351938762e-08
1.0056996197520729e-08
9.956888255856236e-09
9.85822826866591e-09
9.760998164417617e-09
9.6651800556469e-09
9.570756240154456e-09
9.47770919846227e-09
9.386021594703219e-09
9.295676271510732e-09
9.206656252930052e-09
9.118944743014832e-09
9.03252512055852e-09
8.947380943732714e-09
8.863495944099206e-09
8.780854029433944e-09
8.699439279116947e-09
8.619235944862883e-09
8.540228450446497e-09
8.46240138782094e-09
8.38573951830773e-09
8.310227771027744e-09
8.235851239724527e-09
8.162595185507457e-09
8.090445031451814e-09
8.019386364574665e-09
7.949404932466148e-09
7.880486644133837e-09
7.812617567005485e-09
7.74578392654616e-09
7.679972105402375e-09
7.615168641071817e-09
7.551360226707792e-09
7.488533707193289e-09
7.426676080847412e-09
7.365774495799158e-09
7.3058162497629205e-09
7.2467887884511996e-09
7.188679707006913e-09
7.131476744047616e-09
7.075167783856211e-09
7.01974085392534e-09
6.9651841259328515e-09
6.911485909588547e-09
6.858634657219738e-09
6.806618958451942e-09
6.755427541322327e-09
6.705049269593489e-09
6.655473141671452e-09
6.606688291522018e-09
6.558683983878651e-09
6.511449617112954e-09
6.4649747173999515e-09
6.419248943428624e-09
6.374262078142163e-09
6.330004033720861e-09
6.286464846986375e-09
6.243634679254029e-09
6.201503815493285e-09
6.16006266251209e-09
6.119301747354258e-09
6.079211717005007e-09
6.03978333777841e-09
6.001007492577321e-09
5.962875180619182e-09
5.925377515691104e-09
5.888505727794302e-09
5.852251155651056e-09
5.81660525317261e-09
5.781559582989388e-09
5.747105817147578e-09
5.713235736991139e-09
5.679941229391714e-09
5.647214287818779e-09
5.615047011431702e-09
5.583431601639134e-09
5.55236036285177e-09
5.5218257023859425e-09
5.491820126445546e-09
5.462336240560975e-09
5.433366749348729e-09
5.404904454381082e-09
5.376942253146864e-09
5.349473138237052e-09
5.322490195929859e-09
5.295986605993365e-09
5.269955639363008e-09
5.244390658894648e-09
5.21928511598908e-09
5.194632551712322e-09
5.170426594212097e-09
5.146660959216269e-09
5.123329447564598e-09
5.100425944517586e-09
5.077944420065222e-09
5.055878925639523e-09
5.034223595862784e-09
5.012972644793738e-09
4.99212036701521e-09
4.971661135651904e-09
4.951589402516907e-09
4.931899694925909e-09
4.912586616817176e-09
4.893644848164373e-09
4.875069141177431e-09
4.856854322935455e-09
4.838995292272741e-09
4.8214870185046535e-09
4.804324542829131e-09
4.787502975680954e-09
4.771017494540676e-09
4.754863347557606e-09
4.739035847409194e-09
4.723530374050552e-09
4.708342372711422e-09
4.6934673520748216e-09
4.678900885067357e-09
4.664638607146712e-09
4.65067621561905e-09
4.637009469752946e-09
4.62363418713136e-09
4.61054624605809e-09
4.59774158325417e-09
4.585216193180254e-09
4.572966127329029e-09
4.560987493689293e-09
4.5492764557171816e-09
4.537829231407469e-09
4.526642092116681e-09
4.515711364032431e-09
4.505033424177371e-09
4.494604702119805e-09
4.484421679137952e-09
4.474480885248652e-09
4.464778901520659e-09
4.455312357148876e-09
4.446077929109524e-09
4.437072343501237e-09
4.4282923710071414e-09
4.4197348305627006e-09
4.411396585541601e-09
4.403274543852386e-09
4.395365658270631e-09
4.3876669247970325e-09
4.3801753822234674e-09
4.372888111844696e-09
4.365802236288246e-09
4.3589149187246655e-09
4.352223364232564e-09
4.345724816103455e-09
4.339416557720429e-09
4.333295910454138e-09
4.327360233881366e-09
4.321606925300246e-09
4.316033418376985e-09
4.3106371835491625e-09
4.305415727255998e-09
4.300366589261003e-09
4.295487346531354e-09
4.2907756085587755e-09
4.286229018308586e-09
4.281845252577478e-09
4.277622020552326e-09
4.273557062911523e-09
4.269648151723586e-09
4.2658930911331456e-09
4.262289715320742e-09
4.258835887120877e-09
4.255529501231503e-09
4.252368479667094e-09
4.249350773401899e-09
4.246474362556337e-09
4.2437372536644254e-09
4.241137480916411e-09
4.238673105771534e-09
4.2363422151267095e-09
4.234142922517909e-09
4.232073367233225e-09
4.230131712418937e-09
4.228316147002559e-09
4.226624884129069e-09
4.225056159688515e-09
4.2236082343605924e-09
4.222279391186517e-09
4.221067936110662e-09
4.219972197613591e-09
4.218990525408009e-09
4.2181212906870075e-09
4.217362887106726e-09
4.216713727950563e-09
4.216172247411734e-09
4.215736900016416e-09
4.2154061600133675e-09
4.215178520100483e-09
4.215052493585181e-09
4.215026611944391e-09
4.215099424653919e-09
4.215269499966548e-09
4.215535424461562e-09
4.215895800912718e-09
4.216349250256779e-09
4.216894410127519e-09
4.217529934887703e-09
4.218254495370018e-09
4.219066777903823e-09
4.219965485357744e-09
4.220949335385123e-09
4.222017061674524e-09
4.223167412479365e-09
4.224399151240559e-09
4.225711054324364e-09
4.227101914595126e-09
4.228570537149625e-09
4.23011574168294e-09
4.231736361101287e-09
4.233431241486702e-09
4.2351992423048465e-09
4.237039235178791e-09
4.238950104798316e-09
4.240930748251834e-09
4.242980074677707e-09
4.245097005137623e-09
4.24728047265458e-09
4.249529420802376e-09
4.251842805523056e-09
4.254219593338186e-09
4.256658762543318e-09
4.259159301199112e-09
4.261720208035441e-09
4.264340492827611e-09
4.26701917490351e-09
4.269755283924425e-09
4.272547859537854e-09
4.275395950496731e-09
4.278298615864853e-09
4.2812549236877146e-09
4.284263950793873e-09
4.287324783987756e-09
4.2904365179921114e-09
4.29359825712044e-09
4.296809114033606e-09
4.30006820928433e-09
4.303374672547691e-09
4.306727641536676e-09
4.3101262615990755e-09
4.313569685775052e-09
4.3170570762020004e-09
4.320587601322389e-09
4.324160438182594e-09
4.3277747706278224e-09
4.331429789141222e-09
4.33512469286928e-09
4.338858687065597e-09
4.342630984760265e-09
4.346440804884882e-09
4.350287373233572e-09
4.354169923430289e-09
4.358087694033665e-09
4.362039931514312e-09
4.3660258874563255e-09
4.37004482081283e-09
4.3740959959170985e-09
4.378178683403663e-09
4.382292159945142e-09
4.386435708686706e-09
4.390608617252795e-09
4.394810180607862e-09
4.399039698578039e-09
4.403296475961925e-09
4.407579824528382e-09
4.4118890603865325e-09
4.416223505601936e-09
4.420582487028066e-09
4.424965337740305e-09
4.4293713944229725e-09
4.433800000343816e-09
4.438250503439915e-09
4.442722256039281e-09
4.447214615899694e-09
4.4517269454408275e-09
4.456258612808713e-09
4.460808989051346e-09
4.465377452007464e-09
4.4699633824908235e-09
4.474566167480344e-09
4.479185196735833e-09
4.4838198659038e-09
4.488469575025396e-09
4.493133727748775e-09
4.497811732659312e-09
4.502503002868293e-09
4.5072069548501545e-09
4.511923011318527e-09
4.5166505970775315e-09
4.521389141685447e-09
4.5261380798533425e-09
4.530896849086767e-09
4.535664891688332e-09
4.54044165451094e-09
4.545226587029104e-09
4.550019144124463e-09
4.5548187834301655e-09
4.5596249676503075e-09
4.564437162530192e-09
4.569254838167036e-09
4.574077468387723e-09
4.578904531190641e-09
4.583735506978957e-09
4.588569882046154e-09
4.59340714470051e-09
4.59824678787289e-09
4.6030883079030465e-09
4.607931205325315e-09
4.612774983508114e-09
4.6176191503716685e-09
4.62246321668746e-09
4.62730669671118e-09
4.6321491102582466e-09
4.63698997788484e-09
4.641828825882991e-09
4.6466651828958705e-09
4.6514985818995775e-09
4.6563285593657104e-09
4.6611546538570894e-09
4.665976410251072e-09
4.670793373705706e-09
4.675605095563089e-09
4.680411128547519e-09
4.685211030751654e-09
4.6900043614021345e-09
4.69479068644825e-09
4.699569572197212e-09
4.704340590061751e-09
4.70910331293281e-09
4.713857320758822e-09
4.7186021938854574e-09
4.723337515640055e-09
4.728062875609998e-09
4.732777864109723e-09
4.737482077094321e-09
4.74217511072889e-09
4.746856567627947e-09
4.751526053098855e-09
4.7561831738674315e-09
4.760827543047646e-09
4.765458773799381e-09
4.770076485939696e-09
4.7746802991415036e-09
4.779269839825403e-09
4.7838447357274396e-09
4.788404617830951e-09
4.792949121532495e-09
4.7974778845926585e-09
4.80199054863739e-09
4.80648675821493e-09
4.810966161690376e-09
4.815428410165433e-09
4.819873157929807e-09
4.824300063721682e-09
4.828708787939679e-09
4.833098995402473e-09
4.837470353868492e-09
4.84182253444178e-09
4.8461552116259034e-09
4.850468062844171e-09
4.85476076867937e-09
4.8590330136618734e-09
4.8632844854351675e-09
4.8675148739580525e-09
4.871723874132139e-09
4.875911182032471e-09
4.880076498911813e-09
4.884219528708812e-09
4.888339977500691e-09
4.892437555886621e-09
4.896511977589751e-09
4.900562958882075e-09
4.904590219919967e-09
4.908593483949988e-09
4.91257247713793e-09
4.9165269293475244e-09
4.920456572980039e-09
4.924361144540936e-09
4.928240383424493e-09
4.932094031710789e-09
4.9359218353057e-09
4.939723543418103e-09
4.9434989073623295e-09
4.947247683018426e-09
4.950969628777838e-09
4.9546645065538266e-09
4.95833208113824e-09
4.9619721202473674e-09
4.965584396060615e-09
4.969168681665957e-09
4.972724755884574e-09
4.976252398945855e-09
4.979751394796219e-09
4.983221530021131e-09
4.986662595907719e-09
4.99007438523001e-09
4.993456693970595e-09
4.9968093226559124e-09
5.000132073633965e-09
5.003424752883109e-09
5.006687169044453e-09
5.009919134917252e-09
5.013120465145607e-09
5.016290977988813e-09
5.019430494706859e-09
5.0225388407093695e-09
5.025615842498945e-09
5.028661331250187e-09
5.031675140481064e-09
5.034657106825596e-09
5.037607069758978e-09
5.040524872840606e-09
5.043410361470625e-09
5.046263384086851e-09
5.049083793211884e-09
5.051871443256854e-09
5.054626192377633e-09
5.057347901397483e-09
5.060036433913717e-09
5.062691656870914e-09
5.065313439781658e-09
5.067901655485377e-09
5.070456180222682e-09
5.072976891272643e-09
5.0754636710127794e-09
5.0779164038846865e-09
5.080334976879275e-09
5.08271928048944e-09
5.085069207115959e-09
5.087384653432925e-09
5.089665518073949e-09
5.091911702112484e-09
5.094123110638086e-09
5.096299650696525e-09
5.098441233067847e-09
5.100547768926905e-09
5.102619175721153e-09
5.104655371343441e-09
5.10665627627316e-09
5.108621815694253e-09
5.110551916270782e-09
5.112446506338348e-09
5.1143055191691655e-09
5.1161288892052565e-09
5.1179165538574515e-09
5.119668453912686e-09
5.121384531777814e-09
5.123064733113808e-09
5.124709006147248e-09
5.126317301772603e-09
5.127889573977378e-09
5.12942577761924e-09
5.130925872142528e-09
5.132389818354747e-09
5.133817580289691e-09
5.135209123710962e-09
5.136564418171142e-09
5.1378834343594e-09
5.1391661458682094e-09
5.140412530358458e-09
5.1416225639255495e-09
5.1427962308688035e-09
5.143933513161171e-09
5.145034396884143e-09
5.146098870998766e-09
5.147126925779611e-09
5.148118554743364e-09
5.149073753373419e-09
5.149992519681278e-09
5.1508748541569274e-09
5.151720758792176e-09
5.152530239227896e-09
5.153303301757021e-09
5.1540399567023175e-09
5.154740214381759e-09
5.155404089779265e-09
5.1560315986269994e-09
5.156622759155007e-09
5.157177592128939e-09
5.15769612015426e-09
5.158178367043158e-09
5.158624361139424e-09
5.159034130961007e-09
5.159407706859067e-09
5.1597451228827185e-09
5.160046413905423e-09
5.160311617391382e-09
5.16054077250083e-09
5.160733921034288e-09
5.160891105716824e-09
5.161012372185525e-09
5.161097767757609e-09
5.161147341740402e-09
5.161161144690658e-09
5.161139230317878e-09
5.161081653267043e-09
5.160988469955477e-09
5.160859739730044e-09
5.160695522186043e-09
5.160495880801448e-09
5.160260878997227e-09
5.159990583145231e-09
5.159685060294896e-09
5.159344379652852e-09
5.1589686131253024e-09
5.1585578335269915e-09
5.158112114253901e-09
5.157631532941222e-09
5.1571161667126e-09
5.156566095463405e-09
5.155981399751354e-09
5.155362163094215e-09
5.1547084690742094e-09
5.154020403982362e-09
5.153298055513218e-09
5.152541512008813e-09
5.151750864298618e-09
5.150926204514676e-09
5.150067625933095e-09
5.149175223253825e-09
5.148249093769289e-09
5.147289334241885e-09
5.146296044028973e-09
5.145269323946644e-09
5.14420927665918e-09
5.14311600448849e-09
5.141989612651167e-09
5.1408302068269424e-09
5.139637893680836e-09
5.138412783402221e-09
5.1371549848118255e-09
5.135864608532494e-09
5.1345417680138585e-09
5.1331865758381745e-09
5.131799147741787e-09
5.130379598182532e-09
5.128928045254386e-09
5.12744460685321e-09
5.1259294026125264e-09
5.124382552591697e-09
5.1228041783761565e-09
5.121194403077357e-09
5.11955334924873e-09
5.1178811427264595e-09
5.1161779084858025e-09
5.114443773769574e-09
5.1126788658536446e-09
5.110883313607318e-09
5.109057246899658e-09
5.10720079607958e-09
5.105314092338395e-09
5.103397268703702e-09
5.101450457855574e-09
5.099473794823506e-09
5.097467413856867e-09
5.0954314505469365e-09
5.093366042192148e-09
5.0912713266610415e-09
5.089147441323608e-09
5.08699452563238e-09
5.084812719223611e-09
5.0826021628297885e-09
5.080362997677382e-09
5.078095365683683e-09
5.075799409403041e-09
5.0734752730128e-09
5.071123099091227e-09
5.068743033087675e-09
5.066335220639234e-09
5.063899807054528e-09
5.0614369388977325e-09
5.058946763649489e-09
5.0564294279901346e-09
5.053885081355773e-09
5.051313872142169e-09
5.048715949188286e-09
5.046091462395837e-09
5.0434405624273075e-09
5.040763400028643e-09
5.038060125602435e-09
5.035330891391339e-09
5.032575849840977e-09
5.0297951528723965e-09
5.026988953826056e-09
5.024157405806116e-09
5.021300662496697e-09
5.018418878267939e-09
5.01551220673865e-09
5.012580804233204e-09
5.009624824551788e-09
5.00664442306217e-09
5.003639756456791e-09
5.000610979510096e-09
4.997558249213767e-09
4.994481721415699e-09
4.991381554520766e-09
4.98825790359988e-09
4.985110926469011e-09
4.981940780846675e-09
4.978747624205682e-09
4.975531613991976e-09
4.972292908073793e-09
4.969031665804012e-09
4.965748043974932e-09
4.9624422014351885e-09
4.959114297098017e-09
4.955764488760902e-09
4.952392935611384e-09
4.9489997961381924e-09
4.945585229860966e-09
4.942149394899173e-09
4.938692450251914e-09
4.935214555341818e-09
4.931715869018321e-09
4.928196549800358e-09
4.9246567577799075e-09
4.921096651362679e-09
4.917516388795238e-09
4.9139161303056054e-09
4.91029603416039e-09
4.906656259630183e-09
4.902996964897013e-09
4.899318309128331e-09
4.89562045096646e-09
4.891903549017162e-09
4.888167761320262e-09
4.884413246385995e-09
4.880640163402281e-09
4.8768486687558184e-09
4.8730389216427514e-09
4.869211079429454e-09
4.8653652994303876e-09
4.861501740031243e-09
4.857620557574867e-09
4.8537219092007124e-09
4.849805952743005e-09
4.845872843559e-09
4.841922739381143e-09
4.837955795796563e-09
4.8339721683229e-09
4.829972013973321e-09
4.825955486845036e-09
4.821922743658399e-09
4.817873938482311e-09
4.813809226057645e-09
4.809728760804178e-09
4.8056326972368426e-09
4.801521189065654e-09
4.797394389722637e-09
4.793252452396689e-09
4.789095529750022e-09
4.7849237746473105e-09
4.780737339368004e-09
4.776536376043531e-09
4.772321035623686e-09
4.768091469053876e-09
4.763847828318565e-09
4.759590262486961e-09
4.755318922818097e-09
4.751033958461893e-09
4.7467355184762944e-09
4.7424237518243326e-09
4.7380988072519355e-09
4.7337608322731856e-09
4.72940997545087e-09
4.7250463828971475e-09
4.720670202762579e-09
4.716281579618359e-09
4.711880660505222e-09
4.707467591348206e-09
4.703042516113261e-09
4.6986055800322145e-09
4.694156926695141e-09
4.6896967001929e-09
4.685225043111203e-09
4.680742098963021e-09
4.6762480091967186e-09
4.671742915452904e-09
4.667226959649969e-09
4.662700281349826e-09
4.658163022217098e-09
4.653615320836283e-09
4.649057316650974e-09
4.644489148258267e-09
4.639910953843384e-09
4.635322871476809e-09
4.630725037391212e-09
4.626117588504598e-09
4.621500661095942e-09
4.616874390056326e-09
4.61223891066849e-09
4.607594357426834e-09
4.602940863451927e-09
4.598278563019826e-09
4.593607587847628e-09
4.588928070623425e-09
4.5842401426823975e-09
4.579543935303682e-09
4.57483957802781e-09
4.570127201698333e-09
4.565406935101029e-09
4.560678907204979e-09
4.555943245507211e-09
4.551200077603533e-09
4.546449530923731e-09
4.541691730922657e-09
4.536926804649466e-09
4.532154875461811e-09
4.527376068789329e-09
4.5225905088480395e-09
4.517798318419211e-09
4.512999619918126e-09
4.508194536046983e-09
4.503383187614918e-09
4.498565696194183e-09
4.493742181292003e-09
4.488912762798842e-09
4.484077559408993e-09
4.479236690127437e-09
4.474390271974892e-09
4.4695384217176706e-09
4.464681257046539e-09
4.459818893046163e-09
4.454951444920708e-09
4.450079026862668e-09
4.445201753705513e-09
4.440319737561068e-09
4.435433092125482e-09
4.430541929072615e-09
4.425646359760921e-09
4.420746494777862e-09
4.41584244394823e-09
4.410934317942632e-09
4.4060222237592935e-09
4.401106271216617e-09
4.396186566511212e-09
4.391263217441436e-09
4.386336329569198e-09
4.381406008880215e-09
4.376472360488203e-09
4.371535487587904e-09
4.366595495615635e-09
4.361652485862773e-09
4.356706561466443e-09
4.351757823871849e-09
4.346806374811283e-09
4.341852313084278e-09
4.336895740030175e-09
4.3319367539760314e-09
4.326975453886913e-09
4.322011936670757e-09
4.31704629967636e-09
4.312078640180496e-09
4.3071090533221444e-09
4.302137634477948e-09
4.297164478569526e-09
4.292189678618478e-09
4.287213328277184e-09
4.282235520173381e-09
4.277256347089769e-09
4.27227589870782e-09
4.267294266864975e-09
4.2623115411341024e-09
4.257327810799028e-09
4.25234316499354e-09
4.247357691885906e-09
4.242371478237727e-09
4.237384611173548e-09
4.232397176774047e-09
4.227409260807804e-09
4.2224209481177165e-09
4.217432323013683e-09
4.212443468800587e-09
4.20745446852017e-09
4.202465404307492e-09
4.197476358495336e-09
4.192487411526803e-09
4.187498644166182e-09
4.182510136342358e-09
4.177521966464017e-09
4.172534214232303e-09
4.167546956820801e-09
4.162560271688437e-09
4.1575742354029835e-09
4.15258892372875e-09
4.147604413418595e-09
4.142620777870442e-09
4.137638091963557e-09
4.132656428614081e-09
4.127675861546527e-09
4.1226964626500904e-09
4.117718303899081e-09
4.112741456482885e-09
4.107765990611551e-09
4.102791976249207e-09
4.097819482887192e-09
4.092848579437085e-09
4.087879333241965e-09
4.082911812679892e-09
4.077946083928729e-09
4.072982214018199e-09
4.068020268077625e-09
4.063060311228467e-09
4.058102408763592e-09
4.0531466234625615e-09
4.0481930194630134e-09
4.04324165935802e-09
4.0382926055497914e-09
4.03334591907633e-09
4.0284016614920165e-09
4.0234598933004765e-09
4.018520674114012e-09
4.013584063278902e-09
4.0086501193435415e-09
4.003718900702617e-09
3.998790464809644e-09
3.993864869111506e-09
3.988942170063057e-09
3.984022423257055e-09
3.979105683916768e-09
3.9741920071435604e-09
3.969281447081802e-09
