5.527505303596953
0.3146107189082148
0.1286893310495688
0.08059292891158498
0.055626635469884604
0.040331191721389194
0.030624850009454484
0.024143524798793052
0.01973563186079735
0.01672659849924732
0.014468803678597935
0.012670191783012565
0.011193563141253624
0.00995810559192579
0.008911015564038425
0.008015231765832376
0.007243250980487349
0.006572913224040229
0.005988229452653613
0.005475846341572249
0.005024723344227463
0.004625776301833221
0.004271477170839844
0.003955618337024541
0.0036729708774735598
0.0034191347566925475
0.003190391258967903
0.002983407353790633
0.00279550551275995
0.002624601261778006
0.0024687293251753183
0.0023262050788020613
0.0021955821968006445
0.0020756174209662815
0.0019652410898867937
0.0018635323734870564
0.0017696984016243342
0.0016830566601595254
0.0016030201607088108
0.0015290849720005738
0.0014607118284604259
0.0013976078038619238
0.0013395052371130542
0.0012861403562026582
0.0012372927448064295
0.001192779730433569
0.0011524511429560316
0.00111618433688148
0.0010838854882677502
0.001055219394816578
0.001030119402632077
0.0010083240163770793
0.0009900349983815037
0.0009752326320757455
0.0009638025475814565
0.0009555857778129926
0.0009503323404567323
0.0009478750476312434
0.0009479910107728596
0.0009504011121902746
0.0009547841047430791
0.0009607739719050837
0.0009679607091479945
0.0009758951287413143
0.0009840980317466698
0.0009920736887118475
0.000999327061613807
0.0010053836481196713
0.0010098103336602532
0.001012235211925975
0.001012364453378392
0.0010099942463260307
0.0010050165975344287
0.0009974184838543512
0.0009872747431745477
0.0009747115574264509
0.0009599099895350614
0.0009431797613727079
0.0009248020353753063
0.0009050697357522415
0.0008842752565727604
0.0008627008280283966
0.0008406113923838751
0.0008182495755540668
0.0007958323198748376
0.0007735488342406471
0.0007515596491283543
0.0007299966666751551
0.0007089641406095405
0.0006885405022493999
0.000668780893824035
0.000649720208578861
0.0006313763958825911
0.000613753783430762
0.0005968461986404411
0.0005806397280507111
0.0005651150225463341
0.0005502489376178955
0.0005359641533431843
0.0005222922432754655
0.0005091953843178064
0.000496661422204244
0.00048464657411149986
0.00047314220491393626
0.0004621028150905641
0.0004515244594541538
0.00044135983995597993
0.00043161080078838793
0.000422227893868392
0.0004132198866435978
0.0004045345112221826
0.000396188637181786
0.00038812596766957323
0.00038037275087219886
0.0003728670765227461
0.0003656460940753119
0.0003586401721687082
0.000351894595688415
0.0003453444180078577
0.0003390250187901111
0.00033288870896647915
0.0003269545748504234
0.0003211940959611571
0.000315588635228125
0.0003101380870712098
0.0003048456976374991
0.0002997039299282082
0.0002947061813361492
0.00028984612663136193
0.0002851178265686349
0.00028051567714830515
0.00027603439503378344
0.00027166899630196245
0.0002674147775475367
0.0002632672973537048
0.0002592223586449439
0.0002552759919303538
0.0002514244395471764
0.00024766414095858425
0.00024399171913501265
0.00024040396801638077
0.00023689784102571112
0.0002334704405836646
0.00023011901811431927
0.00022684098457489347
0.0002236338066524242
0.0002204950817555343
0.00021742252900944985
0.00021441397040917657
0.00021146732530317517
0.00020858060502197784
0.00020575190793975927
0.00020297000816028992
0.00020023223537098407
0.00019754753945207303
0.00019491431448553725
0.00019233102146825256
0.00018979618503054432
0.00018730839020697048
0.0001848662793458077
0.0001824685491827159
0.00018011394807787337
0.00017780127341121663
0.00017552936913002476
0.00017329712344252648
0.00017110346665040523
0.00016894736911334562
0.00016682783933799473
0.00016474392218366517
0.00016269469717662149
0.0001606792769256182
0.0001586968056309954
0.00015674645767960164
0.00015482743631936284
0.00015293897240622125
0.0001510803232184588
0.00014925084918652846
0.0001474498824649174
0.00014567676084944347
0.0001439307561296223
0.00014221124840154345
0.0001405176340877141
0.00013884932862757223
0.00013720576606284017
0.00013558639835323583
0.00013399069467710974
0.00013241814075125186
0.00013086386850567677
0.00012932359902390248
0.00012780521949468178
0.00012630876457672322
0.00012483445721330188
0.00012338145860732276
0.00012194877048010661
0.00012053593409934822
0.00011914304600154367
0.00011777052205697017
0.00011641842518570599
0.0001150918036175257
0.00011379274023709366
0.00011251430501328622
0.00011125933708318833
0.00011002849335884488
0.00010881536005061106
0.00010761698489292108
0.00010643313694903798
0.00010526392114011499
0.00010411051441827469
0.00010297115444526912
0.00010184519536430921
0.00010073239550727451
9.963253368624026e-05
9.85476091975217e-05
9.747658334815477e-05
9.641765699204792e-05
9.537059070785407e-05
9.433519475570346e-05
9.331128688786778e-05
9.229868838211752e-05
9.129722390622161e-05
9.030672161874603e-05
8.932701316081728e-05
8.835793359268093e-05
8.739932132089336e-05
8.645101803139218e-05
8.551301075474191e-05
8.458600385156464e-05
8.366892367312881e-05
8.276148663661175e-05
8.18635517598242e-05
8.097497800458881e-05
8.009562888161823e-05
7.922215737409585e-05
7.83537621089899e-05
7.749432654613644e-05
7.66437315309167e-05
7.580210716712328e-05
7.49690875667454e-05
7.414452938771201e-05
7.332832492878269e-05
7.252036202419135e-05
7.172053122821162e-05
7.092872599773034e-05
7.014484246802341e-05
6.936877923147987e-05
6.860043717252805e-05
6.783971934794394e-05
6.70865308948051e-05
6.6340778953153e-05
6.560237259592407e-05
6.487122276249607e-05
6.414724219364952e-05
6.34303453683825e-05
6.272044844215114e-05
6.201746918708377e-05
6.132132693446885e-05
6.0631942519469165e-05
5.994923822774628e-05
5.9273137744732104e-05
5.860356610648605e-05
5.794044965310967e-05
5.728371598423879e-05
5.663329391635417e-05
5.59891134426235e-05
5.535110569467508e-05
5.4719202906376735e-05
5.4093338380021017e-05
5.3473446454150675e-05
5.2859462473607814e-05
5.225132276154236e-05
5.164896459293939e-05
5.105232617035876e-05
5.046134660098023e-05
4.987596587545892e-05
4.929612484804376e-05
4.872176521825428e-05
4.8152829513878846e-05
4.758926107488797e-05
4.7031004038765095e-05
4.6478003326553705e-05
4.593020463003736e-05
4.5387554399525336e-05
4.484999983261625e-05
4.431748886322853e-05
4.378997015176068e-05
4.326739307533603e-05
4.2749707718606985e-05
4.223686486514117e-05
4.172879297504508e-05
4.122543587283517e-05
4.072678229450229e-05
4.023278358112088e-05
3.97433940271057e-05
3.925856824673397e-05
3.8777962607418375e-05
3.82989186408687e-05
3.782438245073363e-05
3.735430902290456e-05
3.6888655589672735e-05
3.642738000383561e-05
3.5970440737757186e-05
3.551779687829753e-05
3.50694081215494e-05
3.4625234767773027e-05
3.4185237715603534e-05
3.3749378456228736e-05
3.331761906702234e-05
3.2889922205085256e-05
3.2466251100278324e-05
3.2046569548408345e-05
3.163084190381259e-05
3.121903307202468e-05
3.08111085023587e-05
3.040703418018698e-05
3.0006776619344345e-05
2.961030285448381e-05
2.9217580433274064e-05
2.8828577408957225e-05
2.8443262332608983e-05
2.8061604245748443e-05
2.768357267282377e-05
2.7309137613988647e-05
2.693826953793298e-05
2.6570939374694043e-05
2.6207118508874966e-05
2.5846778772622727e-05
2.5489892439080714e-05
2.5136432215713687e-05
2.478637123781768e-05
2.4439683062227837e-05
2.4096341660887723e-05
2.3756321414893403e-05
2.341959710817685e-05
2.3086143921643448e-05
2.2755937427156555e-05
2.2428953581669942e-05
2.210516872151838e-05
2.1784559556518616e-05
2.1467103164316794e-05
2.1152776984768507e-05
2.084155881426752e-05
2.053342680013451e-05
2.0228359435171124e-05
1.9926335551907697e-05
1.9627334317341494e-05
1.9331335227270115e-05
1.9038318100892357e-05
1.8748263075262184e-05
1.846115059999334e-05
1.8176961431645526e-05
1.7895676628390782e-05
1.7617277544573998e-05
1.7341745825236123e-05
1.706906340078183e-05
1.679921248151582e-05
1.6532175552186534e-05
1.6267935366596703e-05
1.6006474942248218e-05
1.5747777554830035e-05
1.54918267327895e-05
1.5238606252019801e-05
1.4988100130235786e-05
1.4740292621735715e-05
1.4495168211767743e-05
1.4252683506347734e-05
1.4012809662089695e-05
1.3775571678927707e-05
1.3540958799340338e-05
1.3308956427781902e-05
1.3079550273363788e-05
1.2852726250590724e-05
1.2628470447111475e-05
1.2406769114834657e-05
1.2187608672313979e-05
1.1970975707216774e-05
1.1756856975532164e-05
1.1545239398217498e-05
1.1336110056266397e-05
1.112945618545435e-05
1.0925265171065566e-05
1.0723524542475242e-05
1.0524221967796217e-05
1.0327345248297602e-05
1.0132882312567631e-05
9.940821210652183e-06
9.751150107798975e-06
9.563857278302318e-06
9.378931099062484e-06
9.196360043188204e-06
9.016132673498887e-06
8.838237636098102e-06
8.662663653796646e-06
8.48939951982315e-06
8.318434091291018e-06
8.14975628307068e-06
7.98335506139202e-06
7.819219437852062e-06
7.657338463239425e-06
7.497701221653344e-06
7.340296824661914e-06
7.185114405464228e-06
7.0321431133432304e-06
6.881372107998682e-06
6.732790554136606e-06
6.58638761614466e-06
6.442152452730024e-06
6.300074211769037e-06
6.160142025249744e-06
6.022345004242848e-06
5.886672234006344e-06
5.7531127691263215e-06
5.621655628881059e-06
5.492024216035164e-06
5.364445045145769e-06
5.238953552894925e-06
5.115537850098147e-06
4.994186151528525e-06
4.874886617472709e-06
4.7576273471696295e-06
4.642396374233385e-06
4.529181662548594e-06
4.417971102594248e-06
4.30875250791112e-06
4.201513611764436e-06
4.096242064004004e-06
3.992925427962479e-06
3.891551177538062e-06
3.7921066944537047e-06
3.6945792655770694e-06
3.5989560803974517e-06
3.5052242286644797e-06
3.413370698189218e-06
3.3233823727079694e-06
3.235246029983621e-06
3.1489483399817478e-06
3.0644758632673535e-06
2.9818150495319513e-06
2.9009522361893875e-06
2.821873647310858e-06
2.7445653925056242e-06
2.669013466117511e-06
2.5952037465396667e-06
2.5231219956121976e-06
2.452753858279552e-06
2.384084862367264e-06
2.317100418539782e-06
2.2517858203382503e-06
2.1881262445152724e-06
2.1261067513858878e-06
2.0657122854683423e-06
2.0069276761587516e-06
1.9497376386787284e-06
1.894126775069503e-06
1.8400795754481068e-06
1.7875804193186098e-06
1.736613577099941e-06
1.6871632117551303e-06
1.6392133806265276e-06
1.5927480373524664e-06
1.5477510339331374e-06
1.5042061230198509e-06
1.462096960183258e-06
1.4214071064867045e-06
1.3821200310401074e-06
1.3442191137827001e-06
1.307687648339458e-06
1.2725088449879998e-06
1.2386658338035723e-06
1.2061416678121348e-06
1.1749193263536506e-06
1.1449817184623229e-06
1.1163116864292833e-06
1.088892009380248e-06
1.0627054069719046e-06
1.0377345432056826e-06
1.0139620302778502e-06
9.913704325189373e-07
9.69942270415877e-07
9.496600246896167e-07
9.305061404382008e-07
9.124630313148221e-07
8.955130838152635e-07
8.79638661553346e-07
8.648221095925899e-07
8.510457588586576e-07
8.382919305137813e-07
8.265429404313943e-07
8.157811036136409e-07
8.059887387300541e-07
7.971481725779241e-07
7.892417445941774e-07
7.822518113701328e-07
7.761607511672384e-07
7.709509684224558e-07
7.666048982445848e-07
7.631050109148647e-07
7.604338163452764e-07
7.585738685170388e-07
7.575077699565498e-07
7.572181760586604e-07
7.576877995282934e-07
7.588994146408515e-07
7.60835861586807e-07
7.634800506627295e-07
7.668149665374884e-07
7.708236723336643e-07
7.75489313753971e-07
7.807951231431242e-07
7.867244234041235e-07
7.932606320027929e-07
8.003872647537197e-07
8.080879396173602e-07
8.163463804533511e-07
8.251464206314725e-07
8.34472006626474e-07
8.443072014869924e-07
8.546361882860693e-07
8.65443273426473e-07
8.767128899321325e-07
8.884296005906584e-07
9.005781010522632e-07
9.13143222867054e-07
9.261099363376259e-07
9.394633534006509e-07
9.531887303517545e-07
9.672714704908155e-07
9.816971266773924e-07
9.96451403830368e-07
1.0115201612425008e-06
1.0268894149560507e-06
1.0425453398631162e-06
1.0584742718725927e-06
1.0746627098671913e-06
1.0910973176695132e-06
1.107764925822264e-06
1.1246525333508003e-06
1.1417473093581706e-06
1.1590365946080155e-06
1.176507902965245e-06
1.1941489227713882e-06
1.2119475180700943e-06
1.229891729865375e-06
1.2479697771502563e-06
1.2661700579159236e-06
1.2844811501265111e-06
1.3028918124802577e-06
1.3213909851948252e-06
1.3399677906493324e-06
1.3586115339678476e-06
1.37731170349741e-06
1.3960579712442724e-06
1.4148401931885601e-06
1.4336484095321784e-06
1.452472844890157e-06
1.4713039083704962e-06
1.490132193577812e-06
1.5089484786172216e-06
1.5277437259195512e-06
1.5465090820487023e-06
1.5652358774688216e-06
1.5839156261768737e-06
1.602540025282048e-06
1.6211009546115208e-06
1.6395904760988076e-06
1.6580008332230579e-06
1.6763244503837308e-06
1.6945539321109732e-06
1.7126820623588892e-06
1.7307018036580437e-06
1.7486062961988122e-06
1.7663888569408795e-06
1.7840429785900707e-06
1.8015623285764806e-06
1.8189407479276063e-06
1.8361722501972587e-06
1.8532510202138162e-06
1.8701714128912372e-06
1.8869279519445478e-06
1.9035153285720924e-06
1.9199284001319183e-06
1.9361621887228256e-06
1.952211879744647e-06
1.968072820482101e-06
1.9837405185584433e-06
1.99921064043692e-06
2.0144790098280297e-06
2.029541606116315e-06
2.0443945627690253e-06
2.0590341656080916e-06
2.073456851215511e-06
2.0876592051856964e-06
2.1016379604215183e-06
2.115389995396757e-06
2.1289123323547034e-06
2.142202135573613e-06
2.155256709502664e-06
2.1680734970287033e-06
2.1806500775056056e-06
2.1929841650518567e-06
2.2050736065757423e-06
2.216916379941227e-06
2.228510592046318e-06
2.2398544769840867e-06
2.2509463940553268e-06
2.261784825912064e-06
2.272368376585445e-06
2.2826957695877807e-06
2.292765845930878e-06
2.30257756223953e-06
2.312129988767071e-06
2.321422307422554e-06
2.3304538099153902e-06
2.3392238956562074e-06
2.3477320699520017e-06
2.3559779419405233e-06
2.363961222724745e-06
2.371681723354568e-06
2.3791393529273637e-06
2.386334116644647e-06
2.3932661138284654e-06
2.3999355360640232e-06
2.4063426651868773e-06
2.4124878714675816e-06
2.4183716115887684e-06
2.4239944268092315e-06
2.4293569410715967e-06
2.434459859083668e-06
2.4393039644247426e-06
2.4438901177481288e-06
2.448219254840604e-06
2.452292384870177e-06
2.456110588426753e-06
2.4596750158410394e-06
2.46298688525294e-06
2.4660474809168594e-06
2.4688581513198914e-06
2.471420307508361e-06
2.47373542125732e-06
2.4758050233722928e-06
2.477630701938246e-06
2.4792141006646263e-06
2.4805569170805756e-06
2.4816609010118646e-06
2.482527852757438e-06
2.4831596215797574e-06
2.4835581039784416e-06
2.4837252421464735e-06
2.483663022324238e-06
2.4833734732724367e-06
2.4828586646931355e-06
2.4821207056671976e-06
2.4811617431754013e-06
2.4799839605551333e-06
2.478589576056415e-06
2.476980841350404e-06
2.475160040078732e-06
2.4731294864586485e-06
2.470891523822427e-06
2.46844852327751e-06
2.465802882345398e-06
2.462957023541888e-06
2.4599133931214642e-06
2.4566744597449506e-06
2.4532427131673563e-06
2.4496206630005285e-06
2.4458108374236077e-06
2.44181578202028e-06
2.4376380584741584e-06
2.4332802434729502e-06
2.428744927485311e-06
2.4240347135908987e-06
2.419152216441172e-06
2.4141000610422746e-06
2.4088808817364015e-06
2.4034973210945135e-06
2.397952028895848e-06
2.3922476610710433e-06
2.386386878715043e-06
2.3803723470831095e-06
2.3742067345902237e-06
2.3678927119679547e-06
2.361432951171416e-06
2.3548301246395004e-06
2.348086904237937e-06
2.3412059605086163e-06
2.3341899617683647e-06
2.327041573271851e-06
2.3197634563949717e-06
2.312358267864509e-06
2.3048286589402992e-06
2.2971772746737628e-06
2.289406753174615e-06
2.2815197248895143e-06
2.273518811867369e-06
2.265406627114957e-06
2.2571857738809068e-06
2.2488588450409162e-06
2.2404284224758324e-06
2.2318970763931602e-06
2.223267364791089e-06
2.2145418328749387e-06
2.2057230124036903e-06
2.1968134212936114e-06
2.1878155629321004e-06
2.1787319257652757e-06
2.169564982774519e-06
2.1603171909475184e-06
2.150990990909645e-06
2.1415888063436076e-06
2.1321130436668236e-06
2.1225660915544654e-06
2.1129503205325526e-06
2.103268082620421e-06
2.093521710932229e-06
2.0837135192964396e-06
2.0738458019556293e-06
2.0639208331877943e-06
2.0539408670239186e-06
2.043908136922194e-06
2.0338248554702142e-06
2.0236932141096496e-06
2.013515382897176e-06
2.0032935102413425e-06
1.9930297226131505e-06
1.9827261243822147e-06
1.9723847975911737e-06
1.9620078017144306e-06
1.95159717351768e-06
1.941154926829585e-06
1.9306830524035086e-06
1.920183517775038e-06
1.9096582670714972e-06
1.899109220896907e-06
1.8885382762561541e-06
1.8779473063528516e-06
1.8673381605419762e-06
1.856712664247824e-06
1.8460726188298695e-06
1.835419801565942e-06
1.8247559655434086e-06
1.8140828396176836e-06
1.8034021283865243e-06
1.7927155121266983e-06
1.7820246467769576e-06
1.771331163920397e-06
1.7606366707710191e-06
1.7499427501713482e-06
1.739250960580042e-06
1.728562836106448e-06
1.717879886554674e-06
1.7072035973902462e-06
1.6965354298016833e-06
1.6858768207641823e-06
1.6752291830691759e-06
1.6645939053844887e-06
1.6539723522780716e-06
1.6433658643589265e-06
1.6327757583231793e-06
1.6222033269835932e-06
1.6116498394334662e-06
1.6011165410778938e-06
1.5906046537750437e-06
1.5801153759070095e-06
1.569649882525223e-06
1.5592093254023289e-06
1.54879483321318e-06
1.5384075116356618e-06
1.5280484434518176e-06
1.5177186887268065e-06
1.5074192849056754e-06
1.497151246957898e-06
1.4869155675732915e-06
1.476713217223845e-06
1.4665451443798023e-06
1.4564122756480455e-06
1.4463155159175875e-06
1.4362557485439302e-06
1.4262338354943644e-06
1.4162506175376925e-06
1.406306914383159e-06
1.3964035248802474e-06
1.386541227212574e-06
1.3767207790209623e-06
1.3669429176403335e-06
1.3572083602297833e-06
1.347517804044683e-06
1.3378719265183271e-06
1.3282713855388389e-06
1.3187168195885624e-06
1.3092088479604779e-06
1.2997480709564246e-06
1.2903350700611559e-06
1.2809704081800836e-06
1.2716546298072386e-06
1.2623882612365156e-06
1.2531718107502088e-06
1.2440057688551382e-06
1.2348906084702717e-06
1.2258267850961324e-06
1.2168147370983042e-06
1.2078548858473839e-06
1.1989476359338561e-06
1.1900933754377634e-06
1.181292476050716e-06
1.172545293334704e-06
1.1638521669395509e-06
1.155213420755221e-06
1.1466293632085292e-06
1.1381002873972439e-06
1.1296264713294907e-06
1.1212081781390423e-06
1.1128456562899442e-06
1.104539139780331e-06
1.096288848352926e-06
1.088094987701346e-06
1.079957749691024e-06
1.0718773125787185e-06
1.06385384116275e-06
1.0558874870443868e-06
1.0479783888411312e-06
1.0401266723445275e-06
1.032332450751044e-06
1.024595824885294e-06
1.0169168833746944e-06
1.009295702861364e-06
1.001732348215963e-06
9.942268727107456e-07
9.8677931826447e-07
9.793897155886027e-07
9.720580844455291e-07
9.647844337590421e-07
9.575687619218006e-07
9.504110569085223e-07
9.433112964773146e-07
9.362694483968122e-07
9.292854706285591e-07
9.223593114920993e-07
9.154909098614246e-07
9.086801953848479e-07
9.019270886300508e-07
8.952315012814139e-07
8.885933363315645e-07
8.820124882696026e-07
8.754888432414755e-07
8.690222792361858e-07
8.626126662687786e-07
8.562598665450864e-07
8.499637346516676e-07
8.437241177094388e-07
8.375408555878977e-07
8.314137810066544e-07
8.25342719741342e-07
8.193274908170311e-07
8.133679066272661e-07
8.074637730909481e-07
8.016148898963235e-07
7.958210505459571e-07
7.900820425976663e-07
7.843976477917488e-07
7.787676421966043e-07
7.731917963953684e-07
7.676698755963277e-07
7.622016398249153e-07
7.567868440199604e-07
7.514252382280211e-07
7.461165677281196e-07
7.408605731773475e-07
7.356569907572595e-07
7.305055522753116e-07
7.254059853610133e-07
7.203580135777672e-07
7.153613565494212e-07
7.104157300770254e-07
7.055208463280345e-07
7.006764138922935e-07
6.958821379739386e-07
6.911377204567598e-07
6.864428600795218e-07
6.817972525506709e-07
6.772005906258139e-07
6.72652564275759e-07
6.681528607756416e-07
6.637011648312696e-07
6.59297158704606e-07
6.549405222778891e-07
6.506309332304638e-07
6.463680670925732e-07
6.4215159740261e-07
6.379811957440104e-07
6.338565319218959e-07
6.29777274011524e-07
6.257430885013759e-07
6.217536403421802e-07
6.178085930785449e-07
6.139076089575938e-07
6.100503489752571e-07
6.062364730100553e-07
6.024656398883416e-07
5.987375075006379e-07
5.950517328576401e-07
5.914079721998954e-07
5.878058810598279e-07
5.842451143741358e-07
5.807253265373997e-07
5.772461715161366e-07
5.738073028586409e-07
5.704083738557568e-07
5.670490375751653e-07
5.637289469314741e-07
5.604477547426126e-07
5.57205113872386e-07
5.54000677210986e-07
5.508340977860545e-07
5.477050288520775e-07
5.446131239097322e-07
5.415580367981146e-07
5.385394217339213e-07
5.355569334185006e-07
5.326102270481513e-07
5.296989583865494e-07
5.268227838444424e-07
5.239813604998991e-07
5.21174346200063e-07
5.18401399556762e-07
5.156621800463789e-07
5.129563480379243e-07
5.10283564849697e-07
5.076434927951105e-07
5.050357952271409e-07
5.024601366014963e-07
4.999161824808496e-07
4.974035996342901e-07
4.94922056039206e-07
4.924712209316447e-07
4.900507648700687e-07
4.876603597218732e-07
4.852996787645178e-07
4.829683966782622e-07
4.806661896062779e-07
4.783927351586384e-07
4.7614771250004246e-07
4.7393080231738833e-07
4.717416869017207e-07
4.6958005017408785e-07
4.6744557767622506e-07
4.6533795664749984e-07
4.632568760223092e-07
4.6120202389003316e-07
4.591730872085889e-07
4.5716976832421855e-07
4.551917633014317e-07
4.5323877000286836e-07
4.513104881260346e-07
4.4940661924150864e-07
4.475268668312723e-07
4.456709362923975e-07
4.438385349512627e-07
4.42029372083437e-07
4.4024315894485434e-07
4.384796087803744e-07
4.367384368403893e-07
4.350193603919824e-07
4.3332209872710976e-07
4.31646373215721e-07
4.2999190725630543e-07
4.283584263510657e-07
4.267456580558264e-07
4.251533320543717e-07
4.2358118011794466e-07
4.2202893614103975e-07
4.204963361452205e-07
4.189831182884383e-07
4.1748902286528303e-07
4.160137923170096e-07
4.1455717125124197e-07
4.1311890643185544e-07
4.116987467866268e-07
4.102964434148906e-07
4.089117496089746e-07
4.07544420815891e-07
4.061942146801859e-07
4.0486089102904475e-07
4.035442118773915e-07
4.022439414319202e-07
4.009598460950488e-07
3.9969169443620106e-07
3.984392572460596e-07
3.972023074955308e-07
3.959806203333681e-07
3.947739731101142e-07
3.935821453660444e-07
3.9240491881466363e-07
3.9124207736653934e-07
3.9009340710913653e-07
3.889586962829812e-07
3.878377353423127e-07
3.8673031686854785e-07
3.85636235648625e-07
3.8455528859179736e-07
3.834872747860925e-07
3.824319954545856e-07
3.8138925398014316e-07
3.803588558585333e-07
3.7934060873200406e-07
3.7833432236816153e-07
3.773398086493818e-07
3.763568815444927e-07
3.7538535716629297e-07
3.7442505369082064e-07
3.734757913770013e-07
3.7253739257841857e-07
3.716096817092452e-07
3.706924852453719e-07
3.6978563169819244e-07
3.688889516290346e-07
3.6800219463183277e-07
3.6712476135500615e-07
3.6625701252716007e-07
3.653987898176385e-07
3.645499340106047e-07
3.6371028767133746e-07
3.6287969528731594e-07
3.620580032508223e-07
3.6124505991499194e-07
3.6044071556935206e-07
3.5964482238492335e-07
3.5885723446388124e-07
3.58077807815049e-07
3.573064003146748e-07
3.5654287173731166e-07
3.557870837008732e-07
3.5503889967415745e-07
3.542981849855598e-07
3.53564806768117e-07
3.528386339730499e-07
3.521195373537692e-07
3.5140738945670317e-07
3.5070206459654625e-07
3.5000343885165215e-07
3.493113900426449e-07
3.486257977303612e-07
3.4794654318573595e-07
3.472735093967518e-07
3.466065810443893e-07
3.4594564449018117e-07
3.4529058775728637e-07
3.4464130051140334e-07
3.439976740754038e-07
3.4335960138367946e-07
3.427269769792394e-07
3.4209969701879247e-07
3.4147765920657613e-07
3.408607628600393e-07
3.402489088001826e-07
3.3964199942655424e-07
3.390399386487488e-07
3.384426318924211e-07
3.378499860661421e-07
3.372619095764117e-07
3.3667831229186573e-07
3.360991055383008e-07
3.3552420207673544e-07
3.349535161018559e-07
3.3438696320231944e-07
3.338244603883431e-07
3.3326592604036187e-07
3.3271127989454234e-07
3.321604430624918e-07
3.3161333799811056e-07
3.3106988846058986e-07
3.305300195391424e-07
3.2999365760613983e-07
3.294607303367965e-07
3.2893116666544805e-07
3.284048967841854e-07
3.2788185212049906e-07
3.2736196534525436e-07
3.2684517032382455e-07
3.2633140213768657e-07
3.258205970540379e-07
3.253126925100837e-07
3.248076270883549e-07
3.2430534055271304e-07
3.238057737496353e-07
3.2330886869854074e-07
3.2281456847136025e-07
3.2232281727321386e-07
3.218335603637342e-07
3.2134674407648453e-07
3.2086231579431304e-07
3.203802239389476e-07
3.1990041795572964e-07
3.1942284831292996e-07
3.1894746645510694e-07
3.1847422484054196e-07
3.1800307688325346e-07
3.1753397696348916e-07
3.1706688040782585e-07
3.1660174347903984e-07
3.161385233711682e-07
3.156771781695196e-07
3.152176668830859e-07
3.147599493865047e-07
3.1430398642864474e-07
3.1384973962884115e-07
3.1339717146118154e-07
3.129462452238931e-07
3.1249692503668154e-07
3.1204917584417216e-07
3.116029634003784e-07
3.111582542312181e-07
3.107150156505424e-07
3.1027321573620033e-07
3.098328233311967e-07
3.09393808003156e-07
3.089561400726715e-07
3.0851979056818503e-07
3.080847312498585e-07
3.076509345494443e-07
3.072183736042573e-07
3.067870222316627e-07
3.063568549092979e-07
3.059278467853433e-07
3.054999736334082e-07
3.0507321187357586e-07
3.0464753855469666e-07
3.042229313498301e-07
3.0379936851418335e-07
3.0337682891026776e-07
3.029552919854561e-07
3.025347377787468e-07
3.0211514686524323e-07
3.0169650039199697e-07
3.012787800515473e-07
3.008619680729563e-07
3.0044604721741237e-07
3.000310007560832e-07
2.996168124745858e-07
2.992034666573836e-07
2.987909480658561e-07
2.983792419765461e-07
2.97968334106805e-07
2.9755821064666666e-07
2.971488582595976e-07
2.967402640241946e-07
2.963324154934234e-07
2.959253006212124e-07
2.955189077940709e-07
2.951132258148157e-07
2.947082438904015e-07
2.9430395161537533e-07
2.939003389979113e-07
2.9349739640374594e-07
2.930951145845909e-07
2.926934846460831e-07
2.922924980807524e-07
2.918921466895976e-07
2.9149242266005685e-07
2.910933184895065e-07
2.906948270142285e-07
2.902969413947109e-07
2.898996550959257e-07
2.895029619016871e-07
2.8910685588831643e-07
2.887113314413246e-07
2.883163832170635e-07
2.8792200616104677e-07
2.875281954999226e-07
2.871349467093789e-07
2.86742255547827e-07
2.863501180192592e-07
2.859585303745261e-07
2.8556748912663686e-07
2.851769909885511e-07
2.8478703293999426e-07
2.8439761217503846e-07
2.8400872609868283e-07
2.836203723427571e-07
2.832325487423286e-07
2.8284525333195365e-07
2.824584843427487e-07
2.820722402100987e-07
2.8168651954608124e-07
2.8130132114022507e-07
2.809166439732866e-07
2.805324871789529e-07
2.8014885007274445e-07
2.797657321193177e-07
2.793831329585267e-07
2.7900105235324816e-07
2.786194902486757e-07
2.7823844669877884e-07
2.778579219139543e-07
2.774779162291632e-07
2.7709843013154023e-07
2.767194641988953e-07
2.76341019145038e-07
2.759630958155545e-07
2.7558569514063256e-07
2.7520881817873516e-07
2.7483246607952684e-07
2.7445664010204e-07
2.740813415977949e-07
2.737065720132859e-07
2.7333233287468726e-07
2.7295862581372313e-07
2.725854525132865e-07
2.72212814770672e-07
2.718407144201154e-07
2.71469153398397e-07
2.7109813369863573e-07
2.707276573702195e-07
2.70357726534985e-07
2.6998834336951804e-07
2.696195101046971e-07
2.6925122902820394e-07
2.6888350246160925e-07
2.6851633279260103e-07
2.681497224461312e-07
2.677836738839097e-07
2.6741818960146993e-07
2.6705327213631996e-07
2.666889240653474e-07
2.663251479712415e-07
2.659619464966137e-07
2.6559932228366146e-07
2.652372780069073e-07
2.6487581635458625e-07
2.6451494004510414e-07
2.6415465180354736e-07
2.63794954371613e-07
2.634358504971065e-07
2.630773429393191e-07
2.6271943446971653e-07
2.6236212785493493e-07
2.620054258797856e-07
2.616493313020204e-07
2.612938469186824e-07
2.6093897548276907e-07
2.6058471978077526e-07
2.60231082559292e-07
2.5987806658042736e-07
2.595256745824465e-07
2.5917390930147396e-07
2.588227734639407e-07
2.58472269760653e-07
2.5812240089802243e-07
2.5777316954536493e-07
2.574245783458814e-07
2.5707662994234715e-07
2.567293269505063e-07
2.563826719510159e-07
2.5603666751999087e-07
2.5569131619553723e-07
2.553466204898263e-07
2.550025828861818e-07
2.546592058559246e-07
2.543164918119685e-07
2.5397444316892983e-07
2.536330622845662e-07
2.5329235149550127e-07
2.5295231309918303e-07
2.526129493620479e-07
2.5227426251920973e-07
2.5193625476199394e-07
2.5159892823861763e-07
2.5126228508884716e-07
2.509263273809502e-07
2.5059105715973077e-07
2.5025647641898696e-07
2.4992258713368395e-07
2.4958939120812114e-07
2.492568905366117e-07
2.489250869457222e-07
2.485939822277829e-07
2.4826357813971706e-07
2.4793387637728325e-07
2.4760487860570324e-07
2.4727658643727624e-07
2.469490014498535e-07
2.4662212516599326e-07
2.4629595906218665e-07
2.459705045652217e-07
2.4564576307239915e-07
2.4532173592036125e-07
2.449984243923307e-07
2.4467582974097045e-07
2.4435395315358167e-07
2.4403279578359904e-07
2.4371235873415197e-07
2.4339264304637375e-07
2.430736497285369e-07
2.427553797387395e-07
2.424378339812125e-07
2.421210133021192e-07
2.418049185148189e-07
2.4148955038587744e-07
2.4117490960984265e-07
2.4086099685391473e-07
2.4054781273256356e-07
2.4023535780634416e-07
2.3992355269006854e-07
2.396124117376927e-07
2.393020014415576e-07
2.38992322475716e-07
2.3868337523014365e-07
2.3837515999464465e-07
2.3806767702091425e-07
2.3776092649094356e-07
2.3745490854225653e-07
2.371496232614175e-07
2.368450706755622e-07
2.3654125078092222e-07
2.3623816352461034e-07
2.3593580878210233e-07
2.3563418639994727e-07
2.3533329617944633e-07
2.3503313786772777e-07
2.3473371116626066e-07
2.344350157287188e-07
2.3413705116414122e-07
2.3383981703208932e-07
2.3354331286265015e-07
2.3324753811063337e-07
2.3295249221483876e-07
2.3265817455730365e-07
2.3236458447298662e-07
2.320717212509732e-07
2.3177958414670015e-07
2.3148817236837098e-07
2.3119748507616924e-07
2.3090752139268974e-07
2.306182803995509e-07
2.3032976113035867e-07
2.3004196257836946e-07
2.2975488370310723e-07
2.2946852341716266e-07
2.291828805902919e-07
2.2889795405753088e-07
2.2861374261724855e-07
2.2833024501692263e-07
2.28047459983984e-07
2.2776538618693639e-07
2.2748402226228915e-07
2.2720336682608146e-07
2.2692341843650094e-07
2.2664417562292185e-07
2.263656368817224e-07
2.260878006765351e-07
2.2581066541319216e-07
2.2553422949721554e-07
2.2525849126968478e-07
2.2498344906913815e-07
2.2470910116028357e-07
2.244354458143779e-07
2.2416248124474516e-07
2.2389020564261836e-07
2.2361861717639956e-07
2.2334771395965952e-07
2.2307749410320644e-07
2.2280795566273154e-07
2.2253909668388838e-07
2.2227091517900175e-07
2.2200340911393314e-07
2.2173657645857445e-07
2.2147041513259396e-07
2.2120492303281997e-07
2.209400980295684e-07
2.2067593797058937e-07
2.2041244067174425e-07
2.201496039359434e-07
2.198874255305728e-07
2.1962590319714576e-07
2.193650346592443e-07
2.191048176252278e-07
2.188452497570287e-07
2.1858632872311094e-07
2.18328052148727e-07
2.1807041764840187e-07
2.1781342281165668e-07
2.1755706520468886e-07
2.1730134238956175e-07
2.1704625188524563e-07
2.1679179121420368e-07
2.165379578619246e-07
2.162847493093101e-07
2.160321630173656e-07
2.1578019642605944e-07
2.1552884695544106e-07
2.1527811202675307e-07
2.1502798902108882e-07
2.1477847532111408e-07
2.1452956829589584e-07
2.142812652881396e-07
2.1403356363452088e-07
2.1378646066708467e-07
2.1353995368784653e-07
2.1329403999139615e-07
2.1304871686963122e-07
2.1280398159257722e-07
2.1255983142199085e-07
2.1231626361479254e-07
2.1207327540840537e-07
2.1183086403302713e-07
2.1158902672237007e-07
2.1134776067722288e-07
2.1110706310680622e-07
2.108669312143563e-07
2.106273621826833e-07
2.1038835318903147e-07
2.1014990142357537e-07
2.0991200404001905e-07
2.096746582137258e-07
2.0943786108611657e-07
2.0920160982741017e-07
2.089659015674003e-07
2.0873073345595768e-07
2.0849610263063918e-07
2.0826200622515084e-07
2.0802844137190488e-07
2.0779540520087556e-07
2.0756289482237556e-07
2.073309073758503e-07
2.07099439976795e-07
2.0686848974552475e-07
2.066380537939155e-07
2.0640812924953744e-07
2.0617871321521733e-07
2.0594980281839774e-07
2.05721395175484e-07
2.054934873986858e-07
2.052660766055735e-07
2.050391599234823e-07
2.0481273446290804e-07
2.04586797346363e-07
2.0436134570922473e-07
2.0413637666231302e-07
2.0391188734526243e-07
2.036878748915208e-07
2.034643364281423e-07
2.0324126910568982e-07
2.0301867005877738e-07
2.0279653644364354e-07
2.0257486539935482e-07
2.023536540942376e-07
2.0213289968018183e-07
2.0191259933057604e-07
2.0169275021290692e-07
2.014733495093676e-07
2.0125439440275894e-07
2.0103588208576137e-07
2.008178097536976e-07
2.0060017461569052e-07
2.003829738658375e-07
2.0016620474359852e-07
1.9994986446088714e-07
1.9973395025963832e-07
1.9951845937746295e-07
1.9930338905911443e-07
1.9908873657260786e-07
1.9887449918092366e-07
1.9866067415789395e-07
1.9844725878802407e-07
1.9823425037081258e-07
1.9802164619658431e-07
1.9780944359819625e-07
1.9759763988325055e-07
1.9738623239463025e-07
1.971752184704176e-07
1.9696459546148523e-07
1.9675436073842847e-07
1.9654451167506987e-07
1.9633504565367703e-07
1.9612596007937965e-07
1.959172523558404e-07
1.957089198940986e-07
1.9550096014111565e-07
1.9529337053052796e-07
1.950861485202655e-07
1.9487929157764744e-07
1.946727971827305e-07
1.944666628261861e-07
1.942608860112577e-07
1.9405546425007818e-07
1.9385039508012983e-07
1.9364567604352884e-07
1.9344130468624652e-07
1.9323727858535252e-07
1.930335953224732e-07
1.9283025248577874e-07
1.926272476833682e-07
1.924245785449343e-07
1.9222224270276703e-07
1.920202377917553e-07
1.9181856149299928e-07
1.916172114786766e-07
1.9141618542919028e-07
1.9121548106311317e-07
1.9101509608824087e-07
1.9081502824006973e-07
1.9061527527029246e-07
1.9041583494109784e-07
1.9021670501307793e-07
1.9001788329355655e-07
1.8981936758470038e-07
1.8962115570429274e-07
1.8942324548219283e-07
1.8922563477166774e-07
1.8902832143902805e-07
1.8883130335970315e-07
1.886345784296946e-07
1.8843814455331702e-07
1.882419996532229e-07
1.8804614167751171e-07
1.8785056857227838e-07
1.876552783095906e-07
1.8746026886982526e-07
1.8726553825394466e-07
1.8707108447791934e-07
1.868769055694573e-07
1.8668299957082482e-07
1.8648936454559628e-07
1.8629599857447954e-07
1.8610289973508625e-07
1.8591006614048073e-07
1.8571749591678525e-07
1.855251871896822e-07
1.853331381188722e-07
1.85141346869025e-07
1.849498116233362e-07
1.847585305820679e-07
1.8456750194921538e-07
1.843767239671379e-07
1.8418619486826568e-07
1.8399591291170063e-07
1.8380587638047756e-07
1.8361608355887623e-07
1.8342653275414746e-07
1.8323722228374632e-07
1.830481504873685e-07
1.8285931571228365e-07
1.8267071632325116e-07
1.8248235070393928e-07
1.8229421725310564e-07
1.8210631437850538e-07
1.819186405115064e-07
1.8173119408262003e-07
1.8154397356350988e-07
1.813569774115139e-07
1.8117020412244732e-07
1.809836521980275e-07
1.807973201448732e-07
1.8061120650775131e-07
1.8042530982955536e-07
1.8023962865911803e-07
1.8005416159067857e-07
1.7986890720130256e-07
1.796838640988169e-07
1.7949903090786255e-07
1.793144062521786e-07
1.7912998879085756e-07
1.789457771868903e-07
1.787617701080681e-07
1.7857796625615945e-07
1.7839436432789275e-07
1.7821096305116977e-07
1.7802776116049323e-07
1.7784475740232668e-07
1.7766195053546228e-07
1.7747933934328356e-07
1.7729692261061473e-07
1.7711469914395693e-07
1.7693266776399095e-07
1.7675082730092987e-07
1.765691765980676e-07
1.7638771451685082e-07
1.7620643992981836e-07
1.7602535172558133e-07
1.7584444879868852e-07
1.7566373006882162e-07
1.7548319445026977e-07
1.7530284090133096e-07
1.7512266835303286e-07
1.7494267579139407e-07
1.7476286217598183e-07
1.7458322650808286e-07
1.7440376779820992e-07
1.742244850492709e-07
1.7404537730434774e-07
1.738664435926145e-07
1.7368768298017742e-07
1.7350909452895097e-07
1.733306773171748e-07
1.7315243043578142e-07
1.729743529968021e-07
1.727964441110535e-07
1.7261870290680708e-07
1.724411285242449e-07
1.7226372011669327e-07
1.7208647684614746e-07
1.7190939788420077e-07
1.7173248243126174e-07
1.7155572967090708e-07
1.7137913882098733e-07
1.7120270910469373e-07
1.7102643975152902e-07
1.708503300048291e-07
1.7067437912618767e-07
1.7049858637300658e-07
1.7032295102666438e-07
1.7014747238043636e-07
1.6997214972508203e-07
1.697969823714876e-07
1.6962196964406842e-07
1.694471108665247e-07
1.6927240539241464e-07
1.6909785256200513e-07
1.689234517374932e-07
1.6874920230079706e-07
1.6857510362607396e-07
1.684011551050787e-07
1.6822735614627852e-07
1.6805370615144395e-07
1.6788020455507495e-07
1.6770685077947192e-07
1.6753364426446807e-07
1.6736058446916174e-07
1.6718767084828705e-07
1.6701490287262923e-07
1.66842280015825e-07
1.666698017680309e-07
1.6649746763242716e-07
1.6632527710506501e-07
1.6615322970585649e-07
1.6598132495909153e-07
1.658095623945488e-07
1.6563794155559333e-07
1.6546646198933494e-07
1.6529512324988395e-07
1.6512392491516696e-07
1.6495286654486387e-07
1.6478194773393625e-07
1.646111680656967e-07
1.6444052714201512e-07
1.6427002457001435e-07
1.6409965996524717e-07
1.6392943294635202e-07
1.637593431477324e-07
1.6358939020587706e-07
1.6341957376534454e-07
1.6324989347998294e-07
1.6308034901322967e-07
1.6291094002717813e-07
1.6274166619602716e-07
1.6257252720614237e-07
1.624035227492538e-07
1.6223465251430414e-07
1.6206591620645743e-07
1.6189731354047437e-07
1.617288442183145e-07
1.615605079805476e-07
1.6139230455269507e-07
1.6122423366003313e-07
1.6105629505757288e-07
1.6088848848583825e-07
1.6072081370263467e-07
1.6055327046845652e-07
1.6038585856107018e-07
1.6021857773644175e-07
1.6005142778956165e-07
1.59884408495471e-07
1.5971751964952798e-07
1.5955076104130816e-07
1.593841324888571e-07
1.5921763378691913e-07
1.5905126475297686e-07
1.5888502520629593e-07
1.5871891497061403e-07
1.5855293387556245e-07
1.583870817573988e-07
1.5822135845402533e-07
1.580557638151522e-07
1.57890297683719e-07
1.5772495991429245e-07
1.5755975037688838e-07
1.5739466892264236e-07
1.572297154350659e-07
1.5706488977901745e-07
1.5690019182938662e-07
1.5673562148103711e-07
1.5657117861092518e-07
1.5640686311606356e-07
1.5624267488916126e-07
1.5607861383945174e-07
1.5591467985644182e-07
1.5575087286193378e-07
1.5558719275827285e-07
1.554236394753064e-07
1.5526021292193128e-07
1.5509691302562312e-07
1.549337397156685e-07
1.5477069292975701e-07
1.5460777259202693e-07
1.5444497865014276e-07
1.5428231104469935e-07
1.5411976971903601e-07
1.5395735462640532e-07
1.5379506572052572e-07
1.5363290295447386e-07
1.5347086629067249e-07
1.533089556915378e-07
1.5314717111913333e-07
1.5298551255233337e-07
1.5282397994939545e-07
1.5266257329799994e-07
1.525012925696969e-07
1.52340137746518e-07
1.5217910881397817e-07
1.52018205753277e-07
1.5185742855506095e-07
1.5169677721791905e-07
1.51536251724534e-07
1.513758520817842e-07
1.5121557828521735e-07
1.510554303375718e-07
1.508954082438717e-07
1.5073551200538145e-07
1.5057574163390847e-07
1.5041609714212977e-07
1.5025657854414643e-07
1.5009718585124504e-07
1.4993791908273884e-07
1.4977877825504696e-07
1.496197633948572e-07
1.494608745259189e-07
1.4930211166562774e-07
1.4914347485272138e-07
1.4898496410837422e-07
1.488265794626689e-07
1.4866832094818812e-07
1.485101886028526e-07
1.483521824645766e-07
1.4819430256068962e-07
1.4803654894179922e-07
1.4787892164296622e-07
1.4772142070527732e-07
1.4756404616908108e-07
1.4740679808969168e-07
1.4724967650354715e-07
1.470926814624361e-07
1.469358130153574e-07
1.4677907120820908e-07
1.466224560945238e-07
1.4646596772874138e-07
1.4630960616458606e-07
1.461533714536409e-07
1.4599726365021328e-07
1.4584128281735017e-07
1.456854290037725e-07
1.455297022759499e-07
1.453741026872165e-07
1.4521863030753533e-07
1.4506328518902534e-07
1.4490806739653606e-07
1.4475297699084344e-07
1.4459801404119818e-07
1.4444317860622874e-07
1.442884707518942e-07
1.4413389054248795e-07
1.4397943805119205e-07
1.4382511333948699e-07
1.4367091647566665e-07
1.4351684752485195e-07
1.4336290656357778e-07
1.4320909365181116e-07
1.4305540885783154e-07
1.4290185226167557e-07
1.427484239320638e-07
1.4259512392907487e-07
1.424419523331776e-07
1.4228890921480049e-07
1.4213599463749447e-07
1.4198320868178232e-07
1.418305514157574e-07
1.4167802291414152e-07
1.415256232510077e-07
1.4137335249239644e-07
1.4122121071306972e-07
1.4106919798755614e-07
1.4091731439181798e-07
1.4076555999437358e-07
1.4061393486865793e-07
1.4046243909503787e-07
1.4031107273613374e-07
1.4015983586568545e-07
1.4000872856469703e-07
1.3985775090277439e-07
1.3970690295174542e-07
1.3955618478286217e-07
1.394055964739826e-07
1.3925513809047962e-07
1.3910480971481126e-07
1.3895461141012595e-07
1.3880454325347216e-07
1.3865460531631844e-07
1.3850479767041508e-07
1.3835512038179376e-07
1.382055735292232e-07
1.3805615717981894e-07
1.3790687140769445e-07
1.3775771627790226e-07
1.376086918603674e-07
1.3745979823271425e-07
1.373110354584927e-07
1.3716240360758714e-07
1.3701390274322207e-07
1.3686553294183303e-07
1.3671729427224338e-07
1.3656918679424387e-07
1.3642121057792412e-07
1.362733656885119e-07
1.3612565219202363e-07
1.3597807016348743e-07
1.3583061965143723e-07
1.3568330073708925e-07
1.3553611346901198e-07
1.353890579202437e-07
1.3524213415099548e-07
1.3509534222802567e-07
1.349486822053128e-07
1.3480215414945414e-07
1.3465575812237565e-07
1.3450949418050828e-07
1.3436336238245535e-07
1.3421736279324273e-07
1.3407149546141797e-07
1.3392576045784908e-07
1.3378015782750303e-07
1.3363468763400005e-07
1.3348934992965355e-07
1.3334414477127302e-07
1.3319907221465993e-07
1.3305413231017134e-07
1.3290932510940537e-07
1.3276465067159907e-07
1.3262010903967045e-07
1.3247570027336945e-07
1.3233142442071086e-07
1.321872815262461e-07
1.3204327164005377e-07
1.318993948164014e-07
1.317556510939935e-07
1.3161204052560373e-07
1.3146856315332204e-07
1.3132521902922827e-07
1.3118200818721357e-07
1.3103893067623524e-07
1.3089598654199112e-07
1.307531758219722e-07
1.3061049855640812e-07
1.304679547888376e-07
1.3032554455718927e-07
1.301832679026949e-07
1.3004112485847358e-07
1.298991154680044e-07
1.297572397615474e-07
1.2961549778182315e-07
1.29473889556779e-07
1.2933241512143118e-07
1.291910745111657e-07
1.2904986775744429e-07
1.2890879489462924e-07
1.2876785594489078e-07
1.2862705094680318e-07
1.284863799267771e-07
1.2834584291366163e-07
1.28205439928528e-07
1.2806517100527457e-07
1.2792503616695403e-07
1.2778503543429663e-07
1.2764516883995668e-07
1.2750543640104654e-07
1.2736583813852234e-07
1.2722637407617636e-07
1.2708704423387838e-07
1.2694784862925107e-07
1.268087872885471e-07
1.2666986022235298e-07
1.2653106745025112e-07
1.263924089873486e-07
1.2625388484572234e-07
1.2611549504744304e-07
1.2597723960239955e-07
1.2583911852261726e-07
1.2570113181910147e-07
1.2556327950793493e-07
1.2542556159112984e-07
1.2528797808227578e-07
1.251505289924328e-07
1.2501321432840896e-07
1.248760340920094e-07
1.2473898829385386e-07
1.2460207693773737e-07
1.244653000275049e-07
1.2432865756387513e-07
1.2419214955143932e-07
1.2405577599634142e-07
1.2391953689126866e-07
1.2378343224052562e-07
1.2364746204486729e-07
1.23511626291565e-07
1.233759249950613e-07
1.2324035814123002e-07
1.2310492572359572e-07
1.2296962774449926e-07
1.2283446419333132e-07
1.2269943506429477e-07
1.2256454034992163e-07
1.2242978003982912e-07
1.2229515412504528e-07
1.221606625973185e-07
1.2202630544499803e-07
1.2189208265138737e-07
1.217579942082213e-07
1.216240401084139e-07
1.2149022032496958e-07
1.2135653484939339e-07
1.2122298365942787e-07
1.210895667475821e-07
1.2095628409477244e-07
1.2082313567677407e-07
1.206901214732362e-07
1.2055724147309465e-07
1.2042449564634018e-07
1.2029188397651848e-07
1.2015940644112166e-07
1.2002706301199783e-07
1.1989485367042184e-07
1.1976277838613643e-07
1.1963083713733396e-07
1.1949902990123247e-07
1.193673566445937e-07
1.1923581733884584e-07
1.1910441195576102e-07
1.189731404726387e-07
1.188420028488915e-07
1.1871099906251106e-07
1.1858012907220103e-07
1.1844939285602412e-07
1.1831879037154499e-07
1.1818832158955439e-07
1.1805798647256357e-07
1.1792778498792537e-07
1.1779771709487347e-07
1.1766778275801763e-07
1.1753798194259767e-07
1.174083146066699e-07
1.1727878071222162e-07
1.1714938021607453e-07
1.1702011308269983e-07
1.1689097926998507e-07
1.167619787290126e-07
1.166331114219279e-07
1.1650437730700114e-07
1.1637577633818296e-07
1.1624730846791588e-07
1.1611897364974278e-07
1.1599077184340857e-07
1.1586270299860124e-07
1.157347670655937e-07
1.15606963994928e-07
1.1547929374189373e-07
1.1535175625464933e-07
1.152243514813834e-07
1.1509707937356219e-07
1.1496993987496974e-07
1.1484293293497696e-07
1.1471605850705007e-07
1.1458931652473792e-07
1.1446270694210661e-07
1.1433622970360018e-07
1.1420988475110941e-07
1.1408367202671805e-07
1.1395759148204389e-07
1.1383164304542828e-07
1.1370582666904013e-07
1.1358014229510079e-07
1.1345458985537685e-07
1.1332916929574863e-07
1.1320388054894212e-07
1.1307872356400872e-07
1.1295369827354297e-07
1.128288046110875e-07
1.1270404251912848e-07
1.125794119320299e-07
1.1245491278637552e-07
1.1233054501603071e-07
1.1220630855363156e-07
1.1208220333446016e-07
1.1195822929246471e-07
1.1183438636102466e-07
1.117106744698116e-07
1.1158709355637036e-07
1.1146364354353642e-07
1.1134032436566062e-07
1.112171359527954e-07
1.1109407823610033e-07
1.1097115113913543e-07
1.10848354595849e-07
1.1072568853137032e-07
1.1060315287441845e-07
1.1048074754882823e-07
1.1035847247789144e-07
1.1023632759939118e-07
1.101143128262971e-07
1.0999242808910265e-07
1.0987067331411872e-07
1.0974904841867628e-07
1.0962755332802774e-07
1.0950618796503817e-07
1.0938495225351837e-07
1.092638461132536e-07
1.0914286946839122e-07
1.0902202223242128e-07
1.0890130433410208e-07
1.0878071569148417e-07
1.0866025621783738e-07
1.0853992583646154e-07
1.0841972446453446e-07
1.0829965202125687e-07
1.0817970842530132e-07
1.0805989359037384e-07
1.0794020743325616e-07
1.0782064987340118e-07
1.0770122082188327e-07
1.0758192019558219e-07
1.0746274790805299e-07
1.0734370388044319e-07
1.0722478801657751e-07
1.0710600023758945e-07
1.0698734044946723e-07
1.0686880857409148e-07
1.0675040451551961e-07
1.0663212818614111e-07
1.0651397950351495e-07
1.0639595837401947e-07
1.0627806470930135e-07
1.061602984189436e-07
1.060426594121785e-07
1.0592514760380899e-07
1.0580776289757077e-07
1.0569050520088357e-07
1.0557337442029948e-07
1.0545637047440177e-07
1.0533949326510273e-07
1.0522274269039585e-07
1.0510611866926013e-07
1.049896211041917e-07
1.0487324990224697e-07
1.0475700496662001e-07
1.0464088620663521e-07
1.0452489351831578e-07
1.0440902681756022e-07
1.0429328600402344e-07
1.0417767098043507e-07
1.0406218165315833e-07
1.0394681792076946e-07
1.0383157969157422e-07
1.0371646686775191e-07
1.0360147934983334e-07
1.0348661703700335e-07
1.0337187983856457e-07
1.0325726764719097e-07
1.0314278037117507e-07
1.0302841790777432e-07
1.0291418015733789e-07
1.0280006702187857e-07
1.0268607840109044e-07
1.0257221419294061e-07
1.0245847429664993e-07
1.023448586138094e-07
1.0223136703854712e-07
1.0211799947713748e-07
1.0200475581983614e-07
1.0189163597291849e-07
1.0177863982211583e-07
1.0166576727563674e-07
1.015530182280202e-07
1.0144039257071119e-07
1.0132789020569539e-07
1.0121551102819509e-07
1.0110325493353522e-07
1.00991121820274e-07
1.0087911158141602e-07
1.0076722411124397e-07
1.006554593076026e-07
1.005438170613041e-07
1.0043229727119361e-07
1.0032089982751068e-07
1.0020962463088844e-07
1.0009847157246342e-07
9.998744054096849e-08
9.987653143535827e-08
9.976574414686194e-08
9.965507856762147e-08
9.954453459298296e-08
9.943411211845446e-08
9.932381102784196e-08
9.92136312177848e-08
9.910357257923641e-08
9.899363500620293e-08
9.888381839260771e-08
9.877412262125216e-08
9.86645475910107e-08
9.855509318810371e-08
9.844575931045112e-08
9.833654583691301e-08
9.822745267095892e-08
9.811847969421265e-08
9.800962679892399e-08
9.790089387394953e-08
9.779228081350027e-08
9.768378749928545e-08
9.757541382986421e-08
9.746715968754625e-08
9.735902496569538e-08
9.725100955049021e-08
9.714311332959039e-08
9.703533619755979e-08
9.692767803489311e-08
9.682013873354428e-08
9.671271818643756e-08
9.660541627124075e-08
9.649823288833205e-08
9.639116791184517e-08
9.628422124012086e-08
9.61773927547712e-08
9.607068234430985e-08
9.596408989795917e-08
9.585761530106794e-08
9.575125844047913e-08
9.56450192020347e-08
9.553889747180859e-08
9.543289314209708e-08
9.53270060915656e-08
9.522123620971736e-08
9.51155833850981e-08
9.501004750194811e-08
9.490462844192925e-08
9.479932609735346e-08
