6.742435721481257
7.908797885924987
10.251818675111757
3.1157052614510063
0.9448094469385746
0.28558617125612823
0.08554919964153823
0.024903206086098164
0.006563125814158843
0.0010618898379683049
0.0005489897120865294
0.0009782170540428036
0.0010545183062230091
0.0010277259023577442
0.0009737017242508155
0.0009152951276942245
0.0008592004200534624
0.0008071740078710364
0.0007594661366878315
0.0007158788879191074
0.0006760901631070214
0.0006830145629129963
0.0006400791905978037
0.0006019143368674717
0.0005677957577873579
0.0005371046607003298
0.0005093289749751775
0.0004840440346344162
0.0004608954307361879
0.00043958705421732276
0.00041987031311451227
0.00040153469250592846
0.000384403047940925
0.00036832502120846713
0.00035317612876595273
0.0003388544705079401
0.0003252737912786728
0.0003123626805288346
0.0003000622979202485
0.0002883221578485359
0.0002771000247107257
0.00029495533441514
0.0002812814362999285
0.0002684566738903276
0.00025643916658645645
0.00024516007044495035
0.00023455029602526006
0.0002245474101288541
0.00021509648293358818
0.00020614968063632143
0.00019766537573760574
0.00018960701849507098
0.00018194167275763345
0.0001746412997523764
0.00016768033466791515
0.00016103541893123667
0.00015468632791694576
0.0001486147816318443
0.00014280434969278827
0.000137240134255762
0.00013190853900921576
0.0001267972204102826
0.00012189502029146057
0.00011719177103246576
0.00011267771504177846
0.0001083439404458075
0.0001041822327223537
0.00010018515650095272
9.634534125775553e-05
9.26557074140003e-05
8.910963281983193e-05
8.570110284951132e-05
8.242402705022456e-05
7.927295591280656e-05
7.624256726803686e-05
7.332797056106215e-05
7.052397650303992e-05
6.782585864953141e-05
6.522882353643469e-05
6.272899494355636e-05
6.032205720075299e-05
5.800385085587693e-05
5.577090950372955e-05
5.3619830317826515e-05
5.154695835043209e-05
4.954860154904682e-05
4.7621436900767216e-05
4.5762435904479863e-05
4.396811131192155e-05
4.223569227607982e-05
4.056266915206806e-05
3.894667701933077e-05
3.738515976833611e-05
3.5875659426531356e-05
3.4416098058338254e-05
3.300402220414035e-05
3.1637773748244765e-05
3.0315902589965876e-05
2.9036399314666874e-05
2.7797363569804137e-05
2.6597272000015203e-05
2.543474081826605e-05
2.430830983768892e-05
2.321690594302473e-05
2.2159571887127836e-05
2.113527376635465e-05
2.0143520235550375e-05
1.918308541073042e-05
1.8253302585872766e-05
1.735348063530776e-05
1.6483032469396605e-05
1.564169786012145e-05
1.4829175104530178e-05
1.4045132105428247e-05
1.3289343745540246e-05
1.2561654352444568e-05
1.1862048030404313e-05
1.1190655883250487e-05
1.054755825927104e-05
9.932933235497441e-06
9.34733383813649e-06
8.791323225893031e-06
8.265593872338714e-06
7.770646570079346e-06
7.307437889144991e-06
6.877206753379088e-06
6.480749666501853e-06
6.119387261433217e-06
5.794351421130824e-06
5.506916508977919e-06
5.258200312964266e-06
5.048890623976463e-06
4.879234700166953e-06
4.7490629222592174e-06
4.657381592612917e-06
4.60255669238509e-06
4.5823228160679e-06
4.593801163431428e-06
4.633702358864234e-06
4.698650662105712e-06
4.785305800734505e-06
4.890377307279761e-06
5.0107847941285864e-06
5.143840970926636e-06
5.287115399159486e-06
5.43874496530806e-06
5.596869480497733e-06
5.760052373262282e-06
5.926948012702341e-06
6.096536600423572e-06
6.267980758438601e-06
6.440827845972752e-06
6.6144249889943686e-06
6.788321540473796e-06
6.96197936983445e-06
7.134958412825813e-06
7.307037169103153e-06
7.4780414394391666e-06
7.647913174180984e-06
7.816427563397647e-06
7.983235404429581e-06
8.148265431391727e-06
8.311170484742079e-06
8.472020323568584e-06
8.63061878784043e-06
8.786867139287035e-06
8.940524475625701e-06
9.0916669879676e-06
9.240036625836336e-06
9.385568388898948e-06
9.528147266221688e-06
9.66776758685648e-06
9.80423118860882e-06
9.937547571916107e-06
1.0067650407975686e-05
1.0194471721927519e-05
1.0317877212345233e-05
1.0437713258579097e-05
1.0553979971504453e-05
1.0666642004790671e-05
1.0775482825508952e-05
1.0880540150283279e-05
