0.0029480115662579172
0.0008812954177811937
0.00028766049101522974
0.00012920281498345738
9.713431030882952e-05
8.913111582365397e-05
8.461521395826667e-05
8.093605151315115e-05
7.770551451592642e-05
7.481376437643071e-05
7.21976027250812e-05
6.980909067858104e-05
6.761061872615936e-05
6.557387061505594e-05
6.36783938235261e-05
6.190953283746414e-05
6.025624462945126e-05
5.8709083458109865e-05
5.725972850986702e-05
5.590024873583877e-05
5.4623149758752866e-05
5.3444880268976857e-05
5.232764393362375e-05
5.126773094885038e-05
5.026166285357362e-05
4.930622490406473e-05
4.839839248741448e-05
4.753530727387676e-05
4.671418068217918e-05
4.5932306233572016e-05
4.518709183436854e-05
4.447612327035021e-05
4.3797177226924265e-05
4.314818061154309e-05
4.2527178107648036e-05
4.193240426962528e-05
4.136227053107538e-05
4.0815367780746065e-05
4.0290382688768975e-05
3.978609308009092e-05
3.930131426323417e-05
3.883889506062882e-05
3.8392617142220785e-05
3.796180073759694e-05
3.754574309703971e-05
3.714375487546682e-05
3.675517723804896e-05
3.637937014593995e-05
3.6015713567648444e-05
3.56636071422714e-05
3.5322478887350204e-05
3.499178938711759e-05
3.4671037411148344e-05
3.43597543451305e-05
3.4057495606978264e-05
3.3763842910227336e-05
3.347841215105504e-05
3.320084566935568e-05
3.293080595174909e-05
3.2667974026731935e-05
3.2412050965518305e-05
3.216275531155868e-05
3.191982015019311e-05
3.1682994741954416e-05
3.145204720521675e-05
3.122675381818272e-05
3.1006885398686735e-05
3.079221597378683e-05
3.058253713461215e-05
3.0377661445921853e-05
3.0177412159633794e-05
2.998161641581266e-05
2.9790105206717098e-05
2.9602713586294437e-05
2.94192817305614e-05
2.9239653009853763e-05
2.9063677725477432e-05
2.889121750663108e-05
2.8722146345414076e-05
2.8556351446758677e-05
2.8393728616799e-05
2.8234178085749683e-05
2.807760143457093e-05
2.7923904690708602e-05
2.777300296188718e-05
2.7624821267069347e-05
2.7479292176168817e-05
2.73363504004327e-05
2.719592794417454e-05
2.7057953604484143e-05
2.69223570608461e-05
2.6789072251648533e-05
2.6658037189854276e-05
2.6529191980260813e-05
2.640248096807181e-05
2.627785269339005e-05
2.6155259191160464e-05
2.6034655165214037e-05
2.5915996186687403e-05
2.5799235759839546e-05
2.5684324304668244e-05
2.5571211346227113e-05
2.5459847915174784e-05
2.5350188009948758e-05
2.5242189106025493e-05
2.5135810885102645e-05
2.5031014769478942e-05
2.4927762930513965e-05
2.4826017331474806e-05
2.4725741062637587e-05
2.4626899080673478e-05
2.4529458431843825e-05
2.4433386601321226e-05
2.4338652232683044e-05
2.4245225432795128e-05
2.4153078462895517e-05
2.40621845562879e-05
2.3972516529850383e-05
2.3884046959291507e-05
2.3796748801511977e-05
2.3710595796021814e-05
2.3625563200485633e-05
2.3541628134785525e-05
2.345876900498646e-05
2.3376964717266563e-05
2.329619458616692e-05
2.3216437896989973e-05
2.313767471652759e-05
2.305988580244316e-05
2.2983054052723774e-05
2.2907164084140748e-05
2.2832201851762628e-05
2.2758153845273338e-05
2.268500598022036e-05
2.2612743430808288e-05
2.2541350645901614e-05
2.247081080584518e-05
2.2401106123366616e-05
2.233221817703202e-05
2.2264128982934568e-05
2.2196821588379187e-05
2.2130280147173973e-05
2.2064489714647964e-05
2.199943596460598e-05
2.1935104859952382e-05
2.187148226226606e-05
2.1808553541477827e-05
2.1746303981907644e-05
2.168471891474831e-05
2.162378411752785e-05
2.1563486328850123e-05
2.1503813282368314e-05
2.1444753509702137e-05
2.1386296071197942e-05
2.1328430414224457e-05
2.1271146286394927e-05
2.1214433832459578e-05
2.115828359804264e-05
2.1102686618572683e-05
2.1047634358043054e-05
2.0993118646663736e-05
2.0939132028507268e-05
2.0885667637507637e-05
2.0832719069246265e-05
2.0780280200188363e-05
2.0728345231954083e-05
2.0676908154661383e-05
2.0625962814634013e-05
2.057550258480308e-05
2.052552046790193e-05
2.0476009139776482e-05
2.0426961116573136e-05
2.037836894662617e-05
2.0330225336273177e-05
2.028252311139864e-05
2.0235254945650835e-05
2.0188413829995808e-05
2.0141993166648144e-05
2.0095987035798658e-05
2.0050390235105148e-05
2.0005198006471922e-05
1.996040598087407e-05
