2.4594366736051998e-12
1.761000936503616e-13
1.6973893376340123e-14
2.4345018915408663e-15
9.450431230730365e-16
7.109730143990636e-16
6.080991680207671e-16
5.269763167290821e-16
4.633031319566603e-16
4.132222871610115e-16
3.726964120216011e-16
3.360306831903448e-16
3.0063070991116177e-16
2.678536637476175e-16
2.3681909529511985e-16
2.074541910213797e-16
1.8450766016423967e-16
1.6470306258795502e-16
1.476338442078941e-16
1.3194795753695276e-16
1.1724014194936356e-16
1.0603438459761952e-16
9.843640627990798e-17
9.349056734057715e-17
9.032841498122869e-17
8.838373871312942e-17
8.68254939912832e-17
8.574461088124334e-17
8.567596296274538e-17
8.656530515384669e-17
8.832825354806269e-17
9.1240988777146e-17
9.489588619935395e-17
9.964190663057196e-17
1.0571282741365171e-16
1.1270755680895312e-16
1.2032515151575608e-16
1.2893691431104672e-16
1.3911082933664147e-16
1.513671403204149e-16
1.6621660330520954e-16
1.8072504839437767e-16
1.9032249569193655e-16
1.969621941999234e-16
2.0282249911900917e-16
2.0789982560380712e-16
2.1163664844103556e-16
2.1364105997032822e-16
2.142400424927558e-16
2.1383703415371723e-16
2.1290934173973275e-16
2.1149107216629386e-16
2.0967981461738587e-16
2.0757418826361607e-16
2.0524129493925704e-16
2.0261447532367805e-16
1.9961281676028063e-16
1.9636619639238303e-16
1.9295672663580708e-16
1.8941771712568328e-16
1.857801431736016e-16
1.8204055958745118e-16
1.7818235074232707e-16
1.74235508786999e-16
1.7018309846517474e-16
1.660001916222965e-16
1.6163998805718138e-16
1.570426546430068e-16
1.5224864432076966e-16
1.4735800931513574e-16
1.4251983898097362e-16
1.3786627771200744e-16
1.3348305053064843e-16
1.294031218009232e-16
1.2563695620922093e-16
1.2216857670600443e-16
1.189566954310008e-16
1.1598175042275265e-16
1.132360606747586e-16
1.1069932985141446e-16
1.0836076470119879e-16
1.062008528583069e-16
1.0419234233120565e-16
1.0229050730477084e-16
1.0047276393345067e-16
9.872682699086093e-17
9.704879249304818e-17
9.543842986330286e-17
9.38976109246641e-17
9.240283448720552e-17
9.092209189687422e-17
