0.057045673162347696
0.005486269854010977
0.0011828793487865595
0.00029675227342505154
7.649989775878595e-05
2.3529320988228718e-05
9.529340811230606e-06
4.93266269874385e-06
3.05071645364695e-06
2.1425728463211458e-06
1.644896959242691e-06
1.3399069772587998e-06
1.133135712224581e-06
9.802866228995112e-07
8.595706560679138e-07
7.600439143524394e-07
6.760796194225567e-07
6.045417383836186e-07
5.433246225603763e-07
4.90742901880864e-07
4.4535012359622794e-07
4.058986645831305e-07
3.713594453647776e-07
3.4091179422346227e-07
3.1388870468088137e-07
2.89759397873252e-07
2.681083903872267e-07
2.4860113149785734e-07
2.3096423913022975e-07
2.1496841719802415e-07
2.0042104768481648e-07
1.8715899963479514e-07
1.7504276030416656e-07
1.639533987490494e-07
1.5378689476233776e-07
1.444508654825204e-07
1.3586403690120203e-07
1.2795430009870042e-07
1.206550479019308e-07
1.1390537409393658e-07
1.0765024610994916e-07
1.0184093210189733e-07
9.644087041053379e-08
9.142333650974085e-08
8.675866483410246e-08
8.24162760163142e-08
7.836851310862713e-08
7.459122458920614e-08
7.100676592233425e-08
6.756920589490684e-08
6.435722279648395e-08
6.135264953719531e-08
5.853914760735259e-08
5.5891155101056974e-08
5.341007866891019e-08
5.108488404964417e-08
4.890320453209198e-08
4.6853920785493706e-08
4.492690583383676e-08
4.310846851936757e-08
4.13898258240893e-08
3.9768217621335435e-08
3.823709861139998e-08
3.679042148175567e-08
3.5422588162338086e-08
3.412842221954954e-08
3.290312811669879e-08
3.1742251931599093e-08
3.0641665399553825e-08
2.9597495978172364e-08
2.860609223232466e-08
2.7663998002642274e-08
2.6767941875150622e-08
2.5914851224245173e-08
2.510187690570184e-08
2.4326407109070715e-08
2.3586062253944127e-08
2.2878683939541923e-08
2.2202309873536147e-08
2.1555149143162383e-08
2.093555983055981e-08
2.0342033538535483e-08
1.9773182109578094e-08
1.922771953719708e-08
1.870444822751608e-08
1.8202249230293746e-08
1.7720072405521562e-08
1.7256926875661678e-08
1.681187145219754e-08
1.6379194515427754e-08
1.5952300822009446e-08
