Stage   Q       Beta    InnerIter  GlobalIter  Objective      ObjConv      VolFrac      VolResid     Timestamp               
1       0.100   0.10    0          0           1.2714587246e+00   1.0000000000e+00   5.0000000000e-01   -2.6614588585e-17   Mon, 30 Mar 2026 18:31:14
1       0.100   0.10    1          1           1.1763213063e+00   8.0877067953e-02   4.9374971658e-01   -6.2502834237e-03   Mon, 30 Mar 2026 18:31:32
1       0.100   0.10    2          2           1.0859592399e+00   8.3209445770e-02   4.9390843667e-01   -6.0915633344e-03   Mon, 30 Mar 2026 18:31:48
1       0.100   0.10    3          3           1.0209823680e+00   6.3641522065e-02   4.9394254538e-01   -6.0574546176e-03   Mon, 30 Mar 2026 18:32:01
1       0.100   0.10    4          4           9.8262959759e-01   3.9030750216e-02   4.9396123833e-01   -6.0387616745e-03   Mon, 30 Mar 2026 18:32:14
1       0.100   0.10    5          5           9.8640298958e-01   3.8254060749e-03   4.9418249288e-01   -5.8175071183e-03   Mon, 30 Mar 2026 18:32:26
1       0.100   0.10    6          6           1.0633866326e+00   7.2394781609e-02   4.9464539673e-01   -5.3546032736e-03   Mon, 30 Mar 2026 18:32:48
1       0.100   0.10    7          7           1.2028705552e+00   1.1595921272e-01   4.9659645784e-01   -3.4035421614e-03   Mon, 30 Mar 2026 18:33:47
1       0.100   0.10    8          8           1.3037800678e+00   7.7397649441e-02   4.9817256983e-01   -1.8274301672e-03   Mon, 30 Mar 2026 18:35:01
1       0.100   0.10    9          9           1.3559933818e+00   3.8505581732e-02   4.9898768920e-01   -1.0123108047e-03   Mon, 30 Mar 2026 18:36:21
1       0.100   0.10    10         10          1.3850869373e+00   2.1004858744e-02   4.9937014867e-01   -6.2985132533e-04   Mon, 30 Mar 2026 18:37:13
1       0.100   0.10    11         11          1.4023459304e+00   1.2307229399e-02   4.9950041714e-01   -4.9958285837e-04   Mon, 30 Mar 2026 18:37:57
1       0.100   0.10    12         12          1.4155098671e+00   9.2997845482e-03   4.9955514732e-01   -4.4485268309e-04   Mon, 30 Mar 2026 18:38:32
1       0.100   0.10    13         13          1.4259399833e+00   7.3145547745e-03   4.9960464996e-01   -3.9535003968e-04   Mon, 30 Mar 2026 18:39:06
1       0.100   0.10    14         14          1.4338178765e+00   5.4943472239e-03   4.9965742516e-01   -3.4257484188e-04   Mon, 30 Mar 2026 18:39:34
1       0.100   0.10    15         15          1.4427487271e+00   6.1901635102e-03   4.9970683123e-01   -2.9316876788e-04   Mon, 30 Mar 2026 18:40:02
1       0.100   0.10    16         16          1.4478063216e+00   3.4932811864e-03   4.9976303844e-01   -2.3696155687e-04   Mon, 30 Mar 2026 18:40:33
1       0.100   0.10    17         17          1.4491279845e+00   9.1204009610e-04   4.9981560521e-01   -1.8439478976e-04   Mon, 30 Mar 2026 18:40:57
1       0.100   0.10    18         18          1.4541323232e+00   3.4414603613e-03   4.9985820529e-01   -1.4179471335e-04   Mon, 30 Mar 2026 18:41:24
1       0.100   0.10    19         19          1.4549328339e+00   5.5020454366e-04   4.9988407199e-01   -1.1592801293e-04   Mon, 30 Mar 2026 18:41:46
1       0.100   0.10    20         20          1.4600319510e+00   3.4924695176e-03   4.9990741776e-01   -9.2582240148e-05   Mon, 30 Mar 2026 18:42:06
1       0.100   0.10    21         21          1.4586177880e+00   9.6952263032e-04   4.9991847175e-01   -8.1528251141e-05   Mon, 30 Mar 2026 18:42:23
1       0.100   0.10    22         22          1.4626025704e+00   2.7244464905e-03   4.9993848291e-01   -6.1517087357e-05   Mon, 30 Mar 2026 18:42:42
1       0.100   0.10    23         23          1.4624161491e+00   1.2747491729e-04   4.9994162280e-01   -5.8377198275e-05   Mon, 30 Mar 2026 18:42:58
1       0.100   0.10    24         24          1.4669482604e+00   3.0894827471e-03   4.9995585710e-01   -4.4142898800e-05   Mon, 30 Mar 2026 18:43:16
1       0.100   0.10    25         25          1.4649271618e+00   1.3796580997e-03   4.9995843143e-01   -4.1568570176e-05   Mon, 30 Mar 2026 18:43:32
1       0.100   0.10    26         26          1.4664157174e+00   1.0150979884e-03   4.9996781311e-01   -3.2186888789e-05   Mon, 30 Mar 2026 18:43:48
1       0.100   0.10    27         27          1.4681375483e+00   1.1727994294e-03   4.9996849727e-01   -3.1502727032e-05   Mon, 30 Mar 2026 18:44:03
1       0.100   0.10    28         28          1.4672050014e+00   6.3559412766e-04   4.9997376374e-01   -2.6236260661e-05   Mon, 30 Mar 2026 18:44:19
1       0.100   0.10    29         29          1.4682830366e+00   7.3421480388e-04   4.9997365443e-01   -2.6345567341e-05   Mon, 30 Mar 2026 18:44:33
1       0.100   0.10    30         30          1.4695024838e+00   8.2983677809e-04   4.9997719855e-01   -2.2801454579e-05   Mon, 30 Mar 2026 18:44:47
1       0.100   0.10    31         31          1.4698173299e+00   2.1420767278e-04   4.9997689951e-01   -2.3100489290e-05   Mon, 30 Mar 2026 18:44:59
1       0.100   0.10    32         32          1.4702672199e+00   3.0599197962e-04   4.9998063893e-01   -1.9361066383e-05   Mon, 30 Mar 2026 18:45:12
1       0.100   0.10    33         33          1.4699537069e+00   2.1328087235e-04   4.9997999080e-01   -2.0009201008e-05   Mon, 30 Mar 2026 18:45:25
1       0.100   0.10    34         34          1.4712860458e+00   9.0556074430e-04   4.9998243508e-01   -1.7564922092e-05   Mon, 30 Mar 2026 18:45:37
1       0.100   0.10    35         35          1.4681123648e+00   2.1617425868e-03   4.9998154970e-01   -1.8450295049e-05   Mon, 30 Mar 2026 18:45:49
1       0.100   0.10    36         36          1.4671835761e+00   6.3304186824e-04   4.9998429794e-01   -1.5702059362e-05   Mon, 30 Mar 2026 18:46:01
1       0.100   0.10    37         37          1.4620279989e+00   3.5263190574e-03   4.9998437474e-01   -1.5625263615e-05   Mon, 30 Mar 2026 18:46:13
1       0.100   0.10    38         38          1.4582670733e+00   2.5790375805e-03   4.9998735600e-01   -1.2643996270e-05   Mon, 30 Mar 2026 18:46:26
1       0.100   0.10    39         39          1.4513842496e+00   4.7422477813e-03   4.9998749249e-01   -1.2507505263e-05   Mon, 30 Mar 2026 18:46:39
1       0.100   0.10    40         40          1.4452514693e+00   4.2434001626e-03   4.9998959932e-01   -1.0400684469e-05   Mon, 30 Mar 2026 18:46:52
1       0.100   0.10    41         41          1.4371044872e+00   5.6690255660e-03   4.9998949518e-01   -1.0504816238e-05   Mon, 30 Mar 2026 18:47:05
1       0.100   0.10    42         42          1.4292258184e+00   5.5125429869e-03   4.9999073783e-01   -9.2621714957e-06   Mon, 30 Mar 2026 18:47:18
1       0.100   0.10    43         43          1.4199312335e+00   6.5457993827e-03   4.9999091208e-01   -9.0879170768e-06   Mon, 30 Mar 2026 18:47:30
1       0.100   0.10    44         44          1.4107670915e+00   6.4958575050e-03   4.9999156386e-01   -8.4361358793e-06   Mon, 30 Mar 2026 18:47:43
1       0.100   0.10    45         45          1.4008368398e+00   7.0887996146e-03   4.9999146903e-01   -8.5309696515e-06   Mon, 30 Mar 2026 18:47:55
1       0.100   0.10    46         46          1.3911998020e+00   6.9271414740e-03   4.9999168863e-01   -8.3113659609e-06   Mon, 30 Mar 2026 18:48:08
1       0.100   0.10    47         47          1.3809836264e+00   7.3977528770e-03   4.9999129402e-01   -8.7059826049e-06   Mon, 30 Mar 2026 18:48:21
1       0.100   0.10    48         48          1.3714311426e+00   6.9653397121e-03   4.9999118667e-01   -8.8133341355e-06   Mon, 30 Mar 2026 18:48:33
1       0.100   0.10    49         49          1.3611092793e+00   7.5834199241e-03   4.9999064340e-01   -9.3566046603e-06   Mon, 30 Mar 2026 18:48:47
1       0.100   0.10    50         50          1.3519550049e+00   6.7711383583e-03   4.9999053313e-01   -9.4668695445e-06   Mon, 30 Mar 2026 18:49:00
1       0.100   0.10    51         51          1.3416869855e+00   7.6530663254e-03   4.9998980373e-01   -1.0196270209e-05   Mon, 30 Mar 2026 18:49:14
1       0.100   0.10    52         52          1.3329316788e+00   6.5684586925e-03   4.9998946150e-01   -1.0538496454e-05   Mon, 30 Mar 2026 18:49:27
1       0.100   0.10    53         53          1.3230370757e+00   7.4787043090e-03   4.9998838993e-01   -1.1610070303e-05   Mon, 30 Mar 2026 18:49:40
1       0.100   0.10    54         54          1.3148195034e+00   6.2499623130e-03   4.9998852862e-01   -1.1471383991e-05   Mon, 30 Mar 2026 18:49:53
1       0.100   0.10    55         55          1.3050815850e+00   7.4615399078e-03   4.9998681530e-01   -1.3184704353e-05   Mon, 30 Mar 2026 18:50:07
1       0.100   0.10    56         56          1.2972668913e+00   6.0239675904e-03   4.9998713943e-01   -1.2860568895e-05   Mon, 30 Mar 2026 18:50:20
1       0.100   0.10    57         57          1.2877778871e+00   7.3685099773e-03   4.9998635434e-01   -1.3645661032e-05   Mon, 30 Mar 2026 18:50:35
1       0.100   0.10    58         58          1.2799248660e+00   6.1355329048e-03   4.9998603656e-01   -1.3963441087e-05   Mon, 30 Mar 2026 18:50:50
1       0.100   0.10    59         59          1.2712827668e+00   6.7979361910e-03   4.9998579119e-01   -1.4208809039e-05   Mon, 30 Mar 2026 18:51:04
1       0.100   0.10    60         60          1.2633063177e+00   6.3139469991e-03   4.9998484822e-01   -1.5151778066e-05   Mon, 30 Mar 2026 18:51:16
1       0.100   0.10    61         61          1.2551974637e+00   6.4602218298e-03   4.9998457585e-01   -1.5424148919e-05   Mon, 30 Mar 2026 18:51:29
1       0.100   0.10    62         62          1.2472669388e+00   6.3583220342e-03   4.9998474636e-01   -1.5253639076e-05   Mon, 30 Mar 2026 18:51:42
1       0.100   0.10    63         63          1.2394278102e+00   6.3247964014e-03   4.9998422257e-01   -1.5777428315e-05   Mon, 30 Mar 2026 18:52:02
1       0.100   0.10    64         64          1.2315408425e+00   6.4041463504e-03   4.9998490430e-01   -1.5095702785e-05   Mon, 30 Mar 2026 18:53:40
1       0.100   0.10    65         65          1.2242128147e+00   5.9859100300e-03   4.9998470166e-01   -1.5298341619e-05   Mon, 30 Mar 2026 18:53:52
1       0.100   0.10    66         66          1.2160793071e+00   6.6883035822e-03   4.9998586438e-01   -1.4135618524e-05   Mon, 30 Mar 2026 18:54:06
1       0.100   0.10    67         67          1.2090139965e+00   5.8438617388e-03   4.9998657477e-01   -1.3425232639e-05   Mon, 30 Mar 2026 18:54:19
1       0.100   0.10    68         68          1.2004991675e+00   7.0927404179e-03   4.9998775671e-01   -1.2243291714e-05   Mon, 30 Mar 2026 18:54:31
1       0.100   0.10    69         69          1.1933140645e+00   6.0211332155e-03   4.9998674715e-01   -1.3252851397e-05   Mon, 30 Mar 2026 18:54:44
1       0.100   0.10    70         70          1.1850496663e+00   6.9738834496e-03   4.9998775115e-01   -1.2248848534e-05   Mon, 30 Mar 2026 18:55:00
1       0.100   0.10    71         71          1.1773938526e+00   6.5023387926e-03   4.9998719610e-01   -1.2803900941e-05   Mon, 30 Mar 2026 18:55:18
1       0.100   0.10    72         72          1.1697384161e+00   6.5445712997e-03   4.9998774235e-01   -1.2257646481e-05   Mon, 30 Mar 2026 18:55:36
1       0.100   0.10    73         73          1.1617326713e+00   6.8912108798e-03   4.9998618732e-01   -1.3812683348e-05   Mon, 30 Mar 2026 18:55:50
1       0.100   0.10    74         74          1.1547653159e+00   6.0335682875e-03   4.9998706673e-01   -1.2933274423e-05   Mon, 30 Mar 2026 18:56:05
1       0.100   0.10    75         75          1.1465093876e+00   7.2009251209e-03   4.9998642503e-01   -1.3574968357e-05   Mon, 30 Mar 2026 18:56:22
1       0.100   0.10    76         76          1.1401196351e+00   5.6044579739e-03   4.9998609731e-01   -1.3902686967e-05   Mon, 30 Mar 2026 18:56:37
1       0.100   0.10    77         77          1.1313810396e+00   7.7238305570e-03   4.9998648411e-01   -1.3515885624e-05   Mon, 30 Mar 2026 18:56:52
1       0.100   0.10    78         78          1.1256932248e+00   5.0527219198e-03   4.9998480205e-01   -1.5197948763e-05   Mon, 30 Mar 2026 18:57:07
1       0.100   0.10    79         79          1.1163037602e+00   8.4112093590e-03   4.9998578934e-01   -1.4210657844e-05   Mon, 30 Mar 2026 18:57:24
2       0.100   0.50    0          80          1.1143393319e+00   1.7628636385e-03   5.0023508391e-01   2.3508390714e-04   Mon, 30 Mar 2026 18:57:40
2       0.100   0.50    1          81          1.1040903572e+00   9.2827317793e-03   4.9999236531e-01   -7.6346904269e-06   Mon, 30 Mar 2026 18:57:56
2       0.100   0.50    2          82          1.0959382926e+00   7.4384339228e-03   4.9999371094e-01   -6.2890563553e-06   Mon, 30 Mar 2026 18:58:16
2       0.100   0.50    3          83          1.0869755059e+00   8.2456197987e-03   4.9999404171e-01   -5.9582891310e-06   Mon, 30 Mar 2026 18:58:37
2       0.100   0.50    4          84          1.0786380665e+00   7.7295986931e-03   4.9999392338e-01   -6.0766246132e-06   Mon, 30 Mar 2026 18:58:56
2       0.100   0.50    5          85          1.0702783564e+00   7.8107812442e-03   4.9999374005e-01   -6.2599461809e-06   Mon, 30 Mar 2026 18:59:12
2       0.100   0.50    6          86          1.0622396579e+00   7.5676881738e-03   4.9999365809e-01   -6.3419089506e-06   Mon, 30 Mar 2026 18:59:28
2       0.100   0.50    7          87          1.0543560754e+00   7.4771537122e-03   4.9999351278e-01   -6.4872229331e-06   Mon, 30 Mar 2026 18:59:44
2       0.100   0.50    8          88          1.0466662599e+00   7.3469603549e-03   4.9999334949e-01   -6.6505104104e-06   Mon, 30 Mar 2026 19:00:02
2       0.100   0.50    9          89          1.0392298633e+00   7.1556802560e-03   4.9999321020e-01   -6.7897960065e-06   Mon, 30 Mar 2026 19:00:16
2       0.100   0.50    10         90          1.0318558408e+00   7.1463689312e-03   4.9999316906e-01   -6.8309355549e-06   Mon, 30 Mar 2026 19:00:33
2       0.100   0.50    11         91          1.0246826313e+00   7.0004206590e-03   4.9999357594e-01   -6.4240632341e-06   Mon, 30 Mar 2026 19:00:48
2       0.100   0.50    12         92          1.0174312960e+00   7.1271007297e-03   4.9999364849e-01   -6.3515102018e-06   Mon, 30 Mar 2026 19:01:03
2       0.100   0.50    13         93          1.0107236784e+00   6.6364504342e-03   4.9999423610e-01   -5.7639045440e-06   Mon, 30 Mar 2026 19:01:22
2       0.100   0.50    14         94          1.0035878702e+00   7.1102973362e-03   4.9999262989e-01   -7.3701138476e-06   Mon, 30 Mar 2026 19:01:43
2       0.100   0.50    15         95          9.9722115187e-01   6.3844598201e-03   4.9999364149e-01   -6.3585067709e-06   Mon, 30 Mar 2026 19:01:59
2       0.100   0.50    16         96          9.9008188062e-01   7.2107887190e-03   4.9999166524e-01   -8.3347607692e-06   Mon, 30 Mar 2026 19:02:16
2       0.100   0.50    17         97          9.8339644917e-01   6.7983074946e-03   4.9999187767e-01   -8.1223325985e-06   Mon, 30 Mar 2026 19:02:37
2       0.100   0.50    18         98          9.7674295329e-01   6.8119210394e-03   4.9999037740e-01   -9.6226013954e-06   Mon, 30 Mar 2026 19:02:53
2       0.100   0.50    19         99          9.6958855478e-01   7.3787984334e-03   4.9999046201e-01   -9.5379856462e-06   Mon, 30 Mar 2026 19:03:08
2       0.100   0.50    20         100         9.6344992622e-01   6.3715076392e-03   4.9999133656e-01   -8.6634413311e-06   Mon, 30 Mar 2026 19:03:22
2       0.100   0.50    21         101         9.5628510587e-01   7.4923475229e-03   4.9999336698e-01   -6.6330201994e-06   Mon, 30 Mar 2026 19:03:37
2       0.100   0.50    22         102         9.5004490373e-01   6.5683233658e-03   4.9999493736e-01   -5.0626417099e-06   Mon, 30 Mar 2026 19:03:55
2       0.100   0.50    23         103         9.4334664536e-01   7.1005270461e-03   4.9999540924e-01   -4.5907634968e-06   Mon, 30 Mar 2026 19:04:10
2       0.100   0.50    24         104         9.3696095801e-01   6.8153185000e-03   4.9999530101e-01   -4.6989864527e-06   Mon, 30 Mar 2026 19:04:25
2       0.100   0.50    25         105         9.3041422394e-01   7.0363649904e-03   4.9999524498e-01   -4.7550151137e-06   Mon, 30 Mar 2026 19:04:42
2       0.100   0.50    26         106         9.2399497666e-01   6.9472750890e-03   4.9999492101e-01   -5.0789870287e-06   Mon, 30 Mar 2026 19:04:59
2       0.100   0.50    27         107         9.1760963083e-01   6.9586735128e-03   4.9999443675e-01   -5.5632489473e-06   Mon, 30 Mar 2026 19:05:22
2       0.100   0.50    28         108         9.1125805161e-01   6.9701213712e-03   4.9999383830e-01   -6.1616997976e-06   Mon, 30 Mar 2026 19:05:39
2       0.100   0.50    29         109         9.0486778472e-01   7.0621001111e-03   4.9999316490e-01   -6.8351036854e-06   Mon, 30 Mar 2026 19:05:58
2       0.100   0.50    30         110         8.9858904167e-01   6.9873354323e-03   4.9999244591e-01   -7.5540857582e-06   Mon, 30 Mar 2026 19:06:19
2       0.100   0.50    31         111         8.9242790163e-01   6.9037958527e-03   4.9999189722e-01   -8.1027805073e-06   Mon, 30 Mar 2026 19:06:53
2       0.100   0.50    32         112         8.8642592298e-01   6.7709872797e-03   4.9999134514e-01   -8.6548556999e-06   Mon, 30 Mar 2026 19:07:16
2       0.100   0.50    33         113         8.8053707687e-01   6.6877889253e-03   4.9999097383e-01   -9.0261729634e-06   Mon, 30 Mar 2026 19:07:41
2       0.100   0.50    34         114         8.7459708459e-01   6.7916899986e-03   4.9999128135e-01   -8.7186507568e-06   Mon, 30 Mar 2026 19:08:08
2       0.100   0.50    35         115         8.6872516372e-01   6.7592388451e-03   4.9999138887e-01   -8.6111288398e-06   Mon, 30 Mar 2026 19:08:32
2       0.100   0.50    36         116         8.6291844285e-01   6.7291653372e-03   4.9999152458e-01   -8.4754206399e-06   Mon, 30 Mar 2026 19:08:56
2       0.100   0.50    37         117         8.5720650483e-01   6.6634328903e-03   4.9999179496e-01   -8.2050366504e-06   Mon, 30 Mar 2026 19:09:18
2       0.100   0.50    38         118         8.5156249796e-01   6.6278245949e-03   4.9999210196e-01   -7.8980350744e-06   Mon, 30 Mar 2026 19:09:40
2       0.100   0.50    39         119         8.4591936951e-01   6.6710003932e-03   4.9999267548e-01   -7.3245195684e-06   Mon, 30 Mar 2026 19:09:58
2       0.100   0.50    40         120         8.4027576875e-01   6.7163673785e-03   4.9999289774e-01   -7.1022550302e-06   Mon, 30 Mar 2026 19:10:18
2       0.100   0.50    41         121         8.3460611493e-01   6.7932090573e-03   4.9999313249e-01   -6.8675059937e-06   Mon, 30 Mar 2026 19:10:38
