0.007285848034534507
0.00013395912087402537
0.00012622830359942347
0.00012163496203046254
0.00011696559425451791
0.00011166631143895265
0.00010570672057951459
9.921687999668851e-05
9.238576943333184e-05
8.541425626710974e-05
7.849057473812699e-05
7.177070436135583e-05
6.537208925506503e-05
5.937484513217211e-05
5.382570941824708e-05
4.874434268935237e-05
4.412787196067374e-05
3.996082207544719e-05
3.621700274367521e-05
3.2863158127637266e-05
2.986381185631691e-05
2.718378289352156e-05
2.4789354182167064e-05
2.2646918168939194e-05
2.0726996687845105e-05
1.9003566907105543e-05
1.745318898585664e-05
1.6054576856047656e-05
1.4789233445670531e-05
1.3642101718487412e-05
1.2599651197611397e-05
1.1649832122114091e-05
1.0782705024769295e-05
9.98920300191571e-06
9.261648205983279e-06
8.593271738615005e-06
7.97859574288233e-06
7.412174713703785e-06
6.889486600278937e-06
6.406507458960106e-06
5.959652635127001e-06
5.5458766049470955e-06
5.162500291271077e-06
4.8070007868762225e-06
4.477337580976078e-06
4.1713926148110265e-06
3.887407997634866e-06
3.6236838405242113e-06
3.378775146477391e-06
3.1513023485682908e-06
2.9400455664575957e-06
2.743939056311369e-06
2.561976681374787e-06
2.3931310471180206e-06
2.2364182432192453e-06
2.0910504949433588e-06
1.9562534604770705e-06
1.8313182697927987e-06
1.7155834407290338e-06
1.6086842262453356e-06
1.5097416253749055e-06
1.4182159727460193e-06
1.3336510286420447e-06
1.2556970542595233e-06
1.1837575197333801e-06
1.117470431517093e-06
1.0564108054545817e-06
1.0001804999465986e-06
9.485289805373103e-07
9.010848452759841e-07
8.574809286389225e-07
8.175579494624069e-07
7.809963923552202e-07
7.475417350322325e-07
7.16965255911738e-07
6.892022012505171e-07
6.638925456241587e-07
6.408495791545067e-07
