0.0007077134154330109
0.0007372219835573329
0.0003190703928076425
0.00013459046333146404
0.00018279235121996395
0.0001710734327567961
9.154018017971182e-05
3.273196554761823e-05
2.8236684256867074e-05
2.659105188606297e-05
2.379066027361229e-05
2.189035806085166e-05
2.048492065559204e-05
1.9216761644884288e-05
1.788182372021179e-05
1.6568272775287764e-05
1.5367252266590904e-05
1.4265757500326974e-05
1.3263018855176687e-05
1.2330774636107458e-05
1.1472099651370819e-05
1.0667686706154015e-05
9.924827408031667e-06
9.228171909535002e-06
8.585325824748197e-06
7.982507527799024e-06
7.4267079802082576e-06
6.905353411321269e-06
6.424899287960795e-06
5.9739684465353706e-06
5.558587628943095e-06
5.168497566333807e-06
4.809328267368481e-06
4.471825297648114e-06
4.161234906298807e-06
3.869201909958707e-06
3.6006045139451965e-06
3.347894998303459e-06
3.115602239284054e-06
2.896904850954553e-06
2.6960020240301872e-06
2.5067263300696465e-06
2.332966473338704e-06
2.169144176441566e-06
2.0188568214084624e-06
1.8770569735823822e-06
1.7470693318737308e-06
1.6243250727102648e-06
1.5118941271098003e-06
1.405639489369664e-06
1.3083935376081406e-06
1.2164090482290853e-06
1.1322972715444634e-06
1.0526629347603128e-06
9.999707926633974e-07
9.999185570006912e-07
9.99632969384966e-07
9.998805016753273e-07
9.998863160842845e-07
9.991980555225227e-07
9.999827726394569e-07
9.998876887207303e-07
9.997782176819365e-07
9.995804608125782e-07
9.984200059419507e-07
9.96750159969452e-07
9.94923494767962e-07
9.930480147852594e-07
9.912310658634678e-07
9.894821616204277e-07
9.878281310567023e-07
9.86255728883507e-07
9.847673379999197e-07
9.83348466331601e-07
9.819954581890594e-07
9.80697365619075e-07
9.794499107646333e-07
9.782456332532455e-07
9.770809954080093e-07
9.759509361451088e-07
9.748527312694909e-07
9.737830128047047e-07
9.727396808357653e-07
9.717203964153666e-07
9.707235405466426e-07
9.697473404593741e-07
9.687905772197538e-07
9.678519114743054e-07
9.669303595805457e-07
9.660248865302814e-07
9.651345661094236e-07
9.642586940654114e-07
9.633965052016045e-07
9.625472718633108e-07
9.617104399021677e-07
9.608854066652605e-07
9.600716200720267e-07
9.59268626166373e-07
9.58475992236342e-07
9.576931847385418e-07
9.569199730254189e-07
9.561557332535027e-07
9.55400349664133e-07
9.546533654075214e-07
9.539145131167168e-07
9.531834290169222e-07
9.524599231367066e-07
9.517436508113815e-07
9.510344183440161e-07
9.503319432257344e-07
9.496360485841519e-07
9.489464783830722e-07
9.482629926317927e-07
9.475854827094964e-07
9.469137564988088e-07
9.462475502597815e-07
9.455867505151529e-07
9.449311855198554e-07
9.442807331402019e-07
9.436352027755007e-07
9.42994460798181e-07
9.423583763819886e-07
9.417268104824166e-07
9.410996664162668e-07
9.404767929531286e-07
9.398580914347138e-07
9.392434271481384e-07
9.386327345751075e-07
9.380258424323097e-07
9.374227539288513e-07
9.368232915060883e-07
9.362273692463181e-07
9.356349525185781e-07
9.350458626681368e-07
9.344601788943532e-07
9.338776031018011e-07
9.332982464604733e-07
9.327219262664783e-07
9.321486283763724e-07
9.315782673446331e-07
9.310107117448839e-07
9.304460343387072e-07
9.29884047908504e-07
9.293247265029944e-07
9.287680388762995e-07
9.282139191738678e-07
9.276622977219338e-07
9.27113109614693e-07
9.265663432727532e-07
9.260219081947828e-07
9.254797463838432e-07
9.249399133045464e-07
9.244022044016183e-07
9.238666981388471e-07
9.233332879295674e-07
9.22801959194614e-07
9.222726493630928e-07
9.217453381878111e-07
9.212200134526016e-07
9.206965734463533e-07
9.201749951689835e-07
9.196552969749911e-07
9.191373673386504e-07
9.186212561538942e-07
9.181068334629305e-07
9.175941678780291e-07
9.170831539406822e-07
9.165737741448082e-07
9.160660564601662e-07
9.15559867128556e-07
9.150552515730183e-07
9.145521977351762e-07
9.140506302239907e-07
9.135505117968387e-07
9.130519038955006e-07
9.125546919633174e-07
9.120588297295781e-07
9.115644079226243e-07
9.110713444215045e-07
9.105795890500905e-07
9.100891469175178e-07
9.095999891874729e-07
9.091120907040068e-07
9.086254690420579e-07
9.08140035581523e-07
9.076558294480507e-07
9.071728000627697e-07
9.06690917047896e-07
9.06210222761355e-07
9.057306415595539e-07
9.052521581460512e-07
9.047747832278759e-07
9.042985081521907e-07
9.038232142861942e-07
9.033490550159146e-07
9.028758541130067e-07
9.024037281623775e-07
9.019325859332874e-07
9.014623850462131e-07
9.009931775872211e-07
9.005249345192513e-07
