0.01293606251428588
0.03330901085873543
0.06373731545453082
0.06494856327251612
0.019371902181421555
0.011950736897002951
0.01630675184270026
0.011067490533201853
0.0049026601437848665
0.0010279752066795244
0.0008262615560305699
0.0012508670005459395
0.0010962838148608305
0.0007975276467499503
0.0005570877844398093
0.00041672583557438605
0.0003486243113505938
0.00031857702372478766
0.00030198912271568203
0.0002882740427720106
0.000272903754870355
0.0002565671834591153
0.00023943160598958218
0.00022309242187953525
0.00020732540385927167
0.00019297649388102628
0.000179380702163118
0.00016707864844382677
0.0001553762834046026
0.0001447644852567133
0.00013462585151234808
0.00012543173069537412
0.00011662999477446527
0.0001086607239894495
0.00010102163072424363
9.411794610971226e-05
8.74908629036131e-05
8.151277537579581e-05
7.576494505767443e-05
7.058964135339307e-05
6.560502910052172e-05
6.112559393613342e-05
5.680327765231875e-05
5.29268709306489e-05
4.9179160706562164e-05
4.582519436147761e-05
4.2575911085679365e-05
3.967444965924167e-05
3.685743421124562e-05
3.434781090209469e-05
3.1905628156369124e-05
2.973523795752312e-05
2.7618043501429495e-05
2.5741288132417454e-05
1.980615494408022e-05
1.2587247018649901e-05
7.93269124882385e-06
4.995292855704554e-06
3.157006006178495e-06
2.012071484015078e-06
1.2801145913199357e-06
8.198584796759391e-07
5.308763935669654e-07
3.443195501642791e-07
2.3403448798986786e-07
1.684507968490228e-07
1.291224364765539e-07
1.055652953787424e-07
9.135483373871958e-08
8.279653198423065e-08
7.755922506626165e-08
7.432886242694449e-08
7.226248623467694e-08
7.09045263105119e-08
6.995459949180818e-08
6.926022339593707e-08
6.8715415472381e-08
6.827127934303018e-08
6.78903011245454e-08
6.755746612647143e-08
6.725900639941043e-08
6.699041128754638e-08
6.674615681871657e-08
6.652475481889497e-08
6.63236329660469e-08
6.614207132743065e-08
6.597864052655732e-08
6.583281717717915e-08
6.570366140042496e-08
6.559070377673086e-08
6.54932059828133e-08
6.541074481711195e-08
6.534273855589843e-08
6.528873566390088e-08
6.524824966520018e-08
6.522086323825277e-08
6.520612271606478e-08
6.520364478284268e-08
6.521304136749768e-08
6.523391028827606e-08
6.526592845595175e-08
6.530868018444822e-08
6.536187517019273e-08
6.542516447773273e-08
6.549823467002738e-08
6.558075542901467e-08
6.567244861192535e-08
6.577300251663751e-08
6.588214784845918e-08
6.599959800083498e-08
6.612509984413936e-08
6.625838602763046e-08
6.639918737778509e-08
6.654728210600301e-08
6.670244234123373e-08
6.686441156257107e-08
6.703297271950917e-08
6.720790665760884e-08
6.738901468897486e-08
6.757608104302551e-08
6.776890448994094e-08
6.796729146805617e-08
6.817104985867514e-08
6.838000434830595e-08
6.859396973817473e-08
6.881277382416202e-08
6.903623991110133e-08
6.926421402436963e-08
6.949651539911924e-08
6.973301567600894e-08
6.997354474493667e-08
7.021794915251744e-08
7.046609925966379e-08
7.071782790906234e-08
7.097304372212115e-08
7.123155406879115e-08
7.149326942207026e-08
7.175804060612123e-08
7.202575436840516e-08
7.229628785342354e-08
7.25694976471914e-08
7.28453057183329e-08
7.312357213557621e-08
7.340418513755715e-08
7.368704505475522e-08
7.397204689665446e-08
7.425908342413338e-08
7.454804577470004e-08
7.483884628643155e-08
7.51313781346036e-08
7.542553827437468e-08
7.572126706464793e-08
7.601843208171354e-08
7.631696918122163e-08
7.66167796383485e-08
7.691778248837723e-08
7.721988802212417e-08
7.752301889798537e-08
7.782710653249036e-08
7.81320544644137e-08
7.843778305188933e-08
7.874423335039469e-08
7.905131370324739e-08
7.93589717982948e-08
7.96671114526632e-08
7.997568946849388e-08
8.028462124314533e-08
8.059383769928588e-08
8.090329437455192e-08
8.121289856197096e-08
8.152260097379708e-08
8.183235143629208e-08
8.214207905167815e-08
8.245171593701962e-08
8.276123094731029e-08
8.307054921909883e-08
8.337959961402931e-08
8.368835883094014e-08
8.399677091587466e-08
8.430477304374083e-08
8.461231750557434e-08
8.491935640667898e-08
8.522583807086567e-08
8.553173043805601e-08
8.583696850473697e-08
8.61415209852963e-08
8.644533878607486e-08
8.674837295691959e-08
8.705060080484174e-08
8.735197014217558e-08
8.76524376184386e-08
8.795197182630266e-08
8.825054351953499e-08
8.854808243708537e-08
8.884459780013556e-08
8.914001849918489e-08
8.943434168496763e-08
8.972752277990124e-08
9.001951469536577e-08
9.031030120671737e-08
