0.12289073703302088
0.07578589594862352
0.0037343920505233824
0.0005511293618445164
0.0001974062025276155
0.00010931243451210345
7.375698068670134e-05
5.4829822360297616e-05
4.307941049601845e-05
3.506828891463389e-05
2.9270623023163285e-05
2.489955904838677e-05
2.1471697858721797e-05
1.8710734849860973e-05
1.647587134391434e-05
1.4641152821154214e-05
1.3117164181261956e-05
1.183859672389005e-05
1.0756583765722307e-05
9.833789188226798e-06
9.041177536296327e-06
8.355837347487764e-06
7.759479172456164e-06
7.23737058933701e-06
6.777567652971984e-06
6.370317976388232e-06
6.0076374683179404e-06
5.682959506130544e-06
5.390863197723176e-06
5.126856568696679e-06
4.887203544627979e-06
4.668780940055948e-06
4.468962712580117e-06
4.285531815729081e-06
4.116605343593829e-06
3.960574386927108e-06
3.81605604690559e-06
3.6818550280586936e-06
3.556932733460266e-06
3.4403823101140984e-06
3.331408460599105e-06
3.2280379741410574e-06
3.129629232392859e-06
3.037048723215524e-06
2.949799721165625e-06
2.8674393433769834e-06
2.789571799270409e-06
2.715842397961604e-06
2.645932614671096e-06
2.5795560988787717e-06
2.5164555908155886e-06
2.4563945353626314e-06
2.399160411348067e-06
2.344560000923422e-06
2.292416945612294e-06
2.242570889412391e-06
2.194874865710974e-06
2.149194161087197e-06
2.1054050837980902e-06
2.0633938604646257e-06
2.0230566219643447e-06
1.9842963565638153e-06
1.9470227446839504e-06
1.9111531915046908e-06
1.8766109542742378e-06
1.8433247477889475e-06
1.8112282896681552e-06
1.780259867179741e-06
1.7503619508586935e-06
1.7214808459782318e-06
1.6935663794374454e-06
1.666571617443379e-06
1.6404526007432418e-06
1.6151681210907281e-06
1.5906795099635427e-06
1.5669503706406637e-06
1.5439466169914104e-06
1.5216361037576993e-06
1.4999885459261247e-06
1.4789753862506218e-06
1.4585696720763225e-06
1.4387459378248805e-06
1.4194801120323098e-06
1.4007494145735075e-06
1.3825322654193429e-06
1.3648081765839981e-06
1.3475577834219006e-06
1.3307626639887763e-06
1.3144053153031378e-06
1.2984690914694237e-06
1.28293815778753e-06
1.2677974460145988e-06
1.2530325944160437e-06
1.2386306346850648e-06
1.2245781873093503e-06
1.2108623093567314e-06
1.1974711966190465e-06
1.184393492637174e-06
1.1716183321114153e-06
1.1591353195863653e-06
1.1469343963952267e-06
1.1350061767188172e-06
1.1233415526462896e-06
1.1119317980464642e-06
1.1007685518841466e-06
1.08984380701237e-06
1.0791498811384873e-06
1.0686794058664471e-06
1.058425311486658e-06
1.0483808127065644e-06
1.038539395388777e-06
1.0288953291722813e-06
1.0194420940165137e-06
1.0101739103301801e-06
1.0010852263576197e-06
9.921707037663036e-07
9.83425207816619e-07
9.748437972287136e-07
9.664217174368446e-07
9.581543912548074e-07
9.500374104913184e-07
9.420665289670319e-07
9.342376554169122e-07
9.265468328391486e-07
9.189902642189112e-07
9.115651492527154e-07
9.042672828328942e-07
8.970937722368909e-07
8.900408370851538e-07
8.831051159245484e-07
8.762835402771815e-07
8.69573145182081e-07
8.629710652281777e-07
8.564745305151473e-07
8.500808638661915e-07
8.437874850832624e-07
8.375918794410536e-07
8.314916193378085e-07
8.254843476627463e-07
8.195677524090197e-07
8.137396946258935e-07
8.07998046219062e-07
8.023407459536547e-07
7.967657969023528e-07
7.912712640214527e-07
7.858552718333502e-07
7.805160022040628e-07
7.752516922072554e-07
7.700606320734091e-07
7.649411632213382e-07
7.59891676371072e-07
7.549106080887358e-07
7.49996444099949e-07
7.451477075969878e-07
7.403629738540538e-07
7.356408583515164e-07
7.30980012362468e-07
7.263791252864426e-07
7.218369233156254e-07
7.173521681834748e-07
7.129243969884459e-07
7.085517835491542e-07
7.04233101346989e-07
6.99967250323959e-07
6.957531617842905e-07
6.91589787722683e-07
6.874761164727849e-07
6.834111515471147e-07
6.793939192284595e-07
6.754235907672008e-07
6.714995571328374e-07
6.67620510235821e-07
6.637855790631501e-07
6.599939152495623e-07
6.562446921931819e-07
6.525371042820827e-07
6.488703624667448e-07
6.452437020458015e-07
6.416563522633107e-07
6.381075871823921e-07
6.345967042050994e-07
6.311230292053098e-07
6.276858869458252e-07
6.242846186486248e-07
6.209185815230636e-07
6.175871483030992e-07
6.142897067904379e-07
6.110256594029558e-07
6.077944227312401e-07
6.045954271052612e-07
6.014281161942494e-07
5.982919465297885e-07
5.951863871969309e-07
5.921109194163406e-07
5.890650361816248e-07
5.860484172217191e-07
5.830611129725324e-07
5.801023012623018e-07
5.771711747972886e-07
5.74267280355902e-07
5.713901747210937e-07
5.685394240673874e-07
5.657145982157839e-07
5.629152854013821e-07
5.601411899366993e-07
5.573918018861596e-07
5.546667313490441e-07
5.519655952397968e-07
5.492880162294187e-07
5.466336316817023e-07
5.440020820709655e-07
5.413930152106626e-07
5.388060861586248e-07
5.362409569311701e-07
5.336972964016095e-07
5.311747801469764e-07
5.286730903028424e-07
5.261919154271939e-07
5.237309236054991e-07
5.212898326844239e-07
5.1886836025509e-07
5.164662194273384e-07
5.140831291569136e-07
5.117188140623338e-07
5.093729871448781e-07
5.070457629547037e-07
5.047367696552851e-07
5.024455157314211e-07
5.001717535570518e-07
4.979152408409048e-07
4.956757404177776e-07
4.934530201352617e-07
4.912468527953055e-07
4.890570161222094e-07
4.868832927392478e-07
4.847254701439012e-07
4.825833406766837e-07
4.804567014830603e-07
4.783453544681815e-07
4.7624921523894313e-07
4.741682581567699e-07
4.721020293402764e-07
4.700503456765178e-07
4.6801302388010294e-07
4.659899037436695e-07
4.6398081948474405e-07
4.6198561267974054e-07
4.6000423049217255e-07
4.5803641209518157e-07
4.5608200832794265e-07
4.54140873984133e-07
4.522128677729299e-07
4.5029785227562764e-07
4.483956938995742e-07
4.465062628289197e-07
4.4462943297285195e-07
4.4276508191027347e-07
4.4091316734388256e-07
4.3907433066902904e-07
4.372477066796428e-07
4.3543312051790984e-07
4.336304668104322e-07
4.3183964346548067e-07
4.300605515476295e-07
4.28293095206557e-07
4.265371816225109e-07
4.247927209515315e-07
4.2305962626476534e-07
4.213378134812206e-07
4.1962720129596513e-07
4.1792771110606514e-07
4.162392669363084e-07
4.1456179536600836e-07
4.1289522545789906e-07
4.112394886888254e-07
4.095945188823865e-07
4.0796025214275075e-07
4.063366267892983e-07
4.0472358329138565e-07
4.0312113138400133e-07
4.015295385611946e-07
3.9994837115296065e-07
3.9837757681998866e-07
3.9681710485971187e-07
3.9526690639073483e-07
3.9372693437914356e-07
3.921971435729486e-07
