0.0013076390795133664
0.0003963110003039085
1.3012668649571726e-05
1.8807195893827302e-06
8.411635540192333e-07
5.395367006714788e-07
3.9050093007269983e-07
2.992555374236682e-07
2.3765284039412003e-07
1.936234241583735e-07
1.6093827316775429e-07
1.359764048809257e-07
1.1630342506260913e-07
1.0045667388198281e-07
8.76525961461919e-08
7.717477769016158e-08
6.850581545438669e-08
6.126371526528319e-08
5.516095283761842e-08
4.997743623361622e-08
4.554226862634592e-08
4.172116912856251e-08
3.840759288866986e-08
3.5516310957748946e-08
3.297868012496158e-08
3.073904911731992e-08
2.875206985063913e-08
2.698057561425804e-08
2.5393940444459184e-08
2.3966789956501048e-08
2.2677985493988544e-08
2.150981272900119e-08
2.0447336408593833e-08
1.9477897196283505e-08
1.8590703414912143e-08
1.7776504507730877e-08
1.702732960104836e-08
1.633627731245528e-08
1.5697345371212387e-08
1.5105291663738924e-08
1.4555520475179669e-08
1.4038485507556075e-08
1.3550601655621233e-08
1.3094846246294887e-08
1.2668352927276332e-08
1.2268570840977799e-08
1.1893223253021734e-08
1.1540272564848884e-08
1.1207891269318356e-08
1.089443647543137e-08
1.059842949198427e-08
1.0318528034881215e-08
1.005352072326311e-08
9.80230875399209e-09
9.56389195009278e-09
9.33736335184682e-09
9.121894479980838e-09
8.916728598712072e-09
8.721173504084341e-09
8.534595049779369e-09
8.356413189072461e-09
8.18609287678377e-09
8.023139979207376e-09
7.86710218856176e-09
7.717561466031563e-09
7.574131450190811e-09
7.4364547392897644e-09
7.304200305348671e-09
7.177061171985203e-09
7.054752329127662e-09
6.9370088559821535e-09
6.823584229078516e-09
6.714248782759284e-09
6.608788332879578e-09
6.507002925244002e-09
6.4087052227463675e-09
6.313720883722176e-09
6.2218862247608645e-09
6.133047810738113e-09
6.047061689439318e-09
5.963792679766374e-09
5.88311372588782e-09
5.804905294636361e-09
5.729054850894517e-09
5.655456336346352e-09
5.5840095447608244e-09
5.5146203263666565e-09
5.447199544088341e-09
5.381662951267374e-09
5.317930844626053e-09
5.2559278035290405e-09
5.1955824754491396e-09
5.136827200099548e-09
5.079599114645679e-09
5.023836815373414e-09
4.969481295748688e-09
4.916478247099181e-09
4.864775628397114e-09
4.814323911900865e-09
4.7650759775265775e-09
4.716986518215549e-09
4.670013426139221e-09
4.6241160947283055e-09
4.579255835430031e-09
4.535395778912692e-09
4.492500802668157e-09
4.4505373932138634e-09
4.409473576660602e-09
4.369278833243436e-09
4.3299240262003374e-09
4.2913813262566906e-09
4.253625204833896e-09
4.216629227544054e-09
4.180369076276937e-09
4.144821494007226e-09
4.109964222281537e-09
4.075775949845832e-09
4.042236269245538e-09
4.009325617345362e-09
3.977025240290797e-09
3.945317156015428e-09
3.914184112769487e-09
3.883609552744914e-09
3.8535774982690885e-09
3.824072703001066e-09
3.795081925599138e-09
3.766589992803123e-09
3.738584233011537e-09
3.711050778037063e-09
3.683976756270073e-09
3.657350078851878e-09
3.6311590971212368e-09
3.6053925861383113e-09
3.580039725212139e-09
3.5550900781617986e-09
3.5305335706261313e-09
3.506360505335118e-09
3.482561492113416e-09
3.4591274375313283e-09
3.436049432281012e-09
3.4133192718722028e-09
3.3909287962686176e-09
3.3688701175455337e-09
3.3471356086823743e-09
3.32571789294601e-09
3.304609833809131e-09
3.2838045253456887e-09
3.263295283081606e-09
3.243075635262446e-09
3.2231393145229216e-09
3.2034802499266467e-09
3.1840925530655834e-09
3.1649705302634526e-09
3.146108593471161e-09
3.1275014181181694e-09
3.109143848401172e-09
3.091030844145573e-09
3.073157514861672e-09
3.0555191141659924e-09
3.0381110344790132e-09
3.0209298730242826e-09
3.0039703443686917e-09
2.987228054190751e-09
2.9706989522956944e-09
2.9543790744169655e-09
2.9382645466073013e-09
2.9223515867637148e-09
2.9066365347488446e-09
2.8911158343544587e-09
2.875786205339248e-09
2.8606447943941966e-09
2.845687615590148e-09
2.8309114628521787e-09
2.816313212784859e-09
2.8018898213165723e-09
2.787638320570862e-09
2.7735558158414778e-09
2.7596394728617075e-09
2.745886393453356e-09
2.73229394585779e-09
2.7188595312200323e-09
2.7055806546004546e-09
2.692454808151906e-09
2.679479540380728e-09
2.666652454093111e-09
2.6539712044223926e-09
2.6414334969315184e-09
2.6290370857912107e-09
2.61677977202988e-09
2.604659401857656e-09
2.592673865191587e-09
2.5808210937259824e-09
2.569099059942255e-09
2.5575057755528475e-09
2.5460392902042007e-09
2.5346979628899742e-09
2.5234806997165553e-09
2.512385103935951e-09
2.501408900946472e-09
2.490550312939217e-09
2.4798075938620936e-09
2.4691790280032153e-09
2.458662880050792e-09
2.448257535541178e-09
2.43796149995861e-09
2.4277730391731723e-09
2.417690579618167e-09
2.407712567396163e-09
2.3978374607205015e-09
2.3880637883340775e-09
2.3783900767394067e-09
2.36881487670785e-09
2.3593367630349177e-09
2.3499543337921485e-09
2.340666210069883e-09
2.3314710355844765e-09
2.322367476303695e-09
2.313354220088852e-09
2.3044298763227164e-09
2.2955932393108315e-09
2.286843100266801e-09
2.2781782315205613e-09
2.2695974257200385e-09
2.261099495194144e-09
2.252683201445082e-09
2.2443479213598608e-09
2.2360923909248375e-09
2.227915200998036e-09
2.2198152606249265e-09
2.2117914973708973e-09
2.2038428568807106e-09
2.1959683025659756e-09
2.1881668153588288e-09
2.180437393501064e-09
2.172779052341181e-09
2.1651908241258875e-09
2.1576717577841474e-09
2.1502209186941606e-09
2.142837388445427e-09
2.1355204302680323e-09
2.1282694088289474e-09
2.1210830437560073e-09
2.113960462041014e-09
2.106900784927881e-09
2.099903238496296e-09
2.092967012630758e-09
2.0860913137584825e-09
2.079275487676907e-09
2.072518628742336e-09
2.065819980343092e-09
2.059178798961157e-09
2.052594353913243e-09
2.0460659271122108e-09
2.0395928128371918e-09
2.0331743175153096e-09
2.026809759503924e-09
2.0204984688785472e-09
2.0142398882968322e-09
2.0080342811493027e-09
2.00188002977759e-09
1.995776507009344e-09
1.9897230977344513e-09
1.9837191972285305e-09
1.977764210930287e-09
1.971857554275926e-09
1.965998652536348e-09
1.9601869406424067e-09
1.954421862992543e-09
1.9487028732521324e-09
1.9430294341485897e-09
1.937401017268687e-09
1.931817102861171e-09
1.926277179650297e-09
1.9207807446551914e-09
1.9153273030215272e-09
1.9099163678594986e-09
1.9045474600895004e-09
1.8992201082906787e-09
1.893933848555878e-09
1.8886882887919172e-09
1.8834833551766928e-09
1.878318180548831e-09
1.8731923287435412e-09
1.8681053699703906e-09
1.8630568811480495e-09
1.858046445969783e-09
1.8530736548067799e-09
