60590.70714657848
184.4988525808131
22453.83939966534
4972.513124899003
576.9252452598331
60.60006100830891
7.424529934874781
1.1129015221003418
0.2302638222786524
0.07100419573652358
0.03149727960482273
0.017991276146456438
0.011900123824012577
0.008537948639772586
0.006434616686046221
0.0049969362289458115
0.0039648137566720455
0.0032004950988791087
0.00262223771749373
0.0021774034358411874
0.0018302336978893584
0.0015556293300758566
0.0013356231356733996
0.0011571908093016994
0.0010107954631744282
0.0008893912817399462
0.0007877200324798431
0.0007018137663066207
0.000628642221135095
0.0005658625392859208
0.000511641245861279
0.00046452703336384603
0.00042335940107554343
0.00038720057709783857
0.0003552877400566559
0.00032699520023537283
0.00030180636076497785
0.00027929204462518435
0.00025909365909418733
0.00024090995346102057
0.0002244864994055633
0.00020938627824215362
0.00019566050582635108
0.00018334436650956914
0.0001720287689972863
0.00016164797482372354
0.00015211663499312752
0.00014335084181297614
0.00013527421907416563
0.00012781867469517395
0.00012092389075370709
0.00011453649586656977
0.00010860916821098834
0.000103099893152844
9.79712729459218e-05
9.318995488435382e-05
8.87261052678424e-05
8.45529889414059e-05
8.064659261193809e-05
7.69853011926632e-05
7.354961436987952e-05
7.032191832612782e-05
6.728625894818545e-05
6.442815998237087e-05
6.173446512555014e-05
5.9193213212411065e-05
5.679347801335418e-05
5.452528717017599e-05
5.237952214068743e-05
5.034782979008785e-05
4.842254699235027e-05
4.659663377973069e-05
4.486361479560423e-05
4.32175244464284e-05
4.165286055279665e-05
4.01645412188812e-05
3.874787306816987e-05
3.7398505468197446e-05
3.611240877677202e-05
3.488584462282651e-05
3.371534081504797e-05
3.259766916950273e-05
3.1529827875391744e-05
3.0509016569030052e-05
2.9532625294350106e-05
2.859821920499289e-05
2.7703523137531757e-05
2.684641064618388e-05
2.6024891850615088e-05
2.5237103155409456e-05
2.4481298011637664e-05
2.3755838980895735e-05
2.305918858299655e-05
2.2389900128546612e-05
2.174662160678046e-05
2.1128074629601633e-05
2.053306045409449e-05
1.9960446164567157e-05
1.940916588064491e-05
1.8878215099030196e-05
1.8366646028955896e-05
1.7873564670568523e-05
1.7398126031137124e-05
1.693953169250778e-05
1.6497027619122692e-05
1.606990092674306e-05
1.565747499307917e-05
1.5259110486403772e-05
1.4874201676865326e-05
1.4502174490070917e-05
1.4142484649783489e-05
1.379461283971808e-05
1.3458075264208171e-05
1.3132403205541592e-05
1.2817154619715392e-05
1.2511909298663347e-05
1.2216267708961171e-05
1.1929849159108825e-05
1.1652294645755016e-05
1.1383258551735151e-05
1.1122411486380496e-05
1.0869441156417651e-05
1.0624049696894534e-05
1.0385953247099116e-05
1.0154880464994112e-05
9.930570198826106e-06
9.712780111283504e-06
9.501269578961636e-06
9.29581738106279e-06
9.096205982358432e-06
8.902228091133863e-06
8.713686202595588e-06
8.530391189837774e-06
8.352162036877055e-06
8.178825477133385e-06
8.010216588656987e-06
7.846172565912527e-06
7.686542504104594e-06
7.531179759564603e-06
7.379943485721916e-06
7.232698873306539e-06
7.089315959942944e-06
6.9496700333487825e-06
6.813641278396984e-06
6.681114569920783e-06
6.551979118828898e-06
6.426128422095339e-06
6.303459967963008e-06
6.183875130781749e-06
6.067278929061694e-06
5.953579899716624e-06
5.8426899298498165e-06
5.73452420727065e-06
5.6290016502626265e-06
5.526042391139687e-06
5.425570170738697e-06
5.327512105963888e-06
5.231797429659928e-06
5.138357933181706e-06
5.04712767785462e-06
4.958040922142648e-06
4.871040925537783e-06
4.786065742279825e-06
4.703057364372371e-06
4.621963576689918e-06
4.542728030812108e-06
4.465298706851655e-06
4.389626273308066e-06
4.315662586806461e-06
4.243360025777144e-06
4.1726725246349365e-06
4.1035602437840585e-06
4.035978256659895e-06
3.969885567200493e-06
3.905242447793601e-06
3.842010484594258e-06
3.7801521161210492e-06
3.719632333283948e-06
3.660414321274206e-06
3.602466316256735e-06
3.5457544325347453e-06
3.490246912377605e-06
3.435912789465773e-06
3.3827221695434628e-06
3.3306460177853985e-06
3.2796561993038436e-06
3.229725385281414e-06
3.1808270759530368e-06
3.1329355322714383e-06
3.0860257879726486e-06
3.04007356711314e-06
2.9950553724670402e-06
2.950948294379623e-06
2.907730137209131e-06
2.865379307253082e-06
2.8238742120234618e-06
2.7831932893527744e-06
2.7433204712539353e-06
2.704236057504884e-06
2.6659197855157883e-06
2.6283534674865463e-06
2.59151938635439e-06
2.5553997091805775e-06
2.51997902797833e-06
2.485239558254008e-06
2.45116780880028e-06
2.4177467799164567e-06
2.3849616155232955e-06
2.3527980171724725e-06
2.3212409452145976e-06
2.290277082960446e-06
2.2598929959935026e-06
2.230075581582238e-06
2.200812085544945e-06
2.172090069288281e-06
2.1438974256688128e-06
2.1162223833309105e-06
2.089053426202383e-06
2.0623790001437313e-06
2.03618883600486e-06
2.01047220424481e-06
1.985218578361776e-06
1.96041786096868e-06
1.936060223454334e-06
1.912136349360364e-06
1.8886352636126457e-06
1.8655500196853922e-06
1.84287173068137e-06
1.8205907632010766e-06
1.7986986880288238e-06
1.77718727376371e-06
1.7560484712426434e-06
1.7352744417455934e-06
1.7148575444688266e-06
1.6947903075841247e-06
1.6750654507608127e-06
1.6556758594351268e-06
1.6366145980518106e-06
1.6178748974619795e-06
1.5994495739252336e-06
1.5813320222151056e-06
1.5635182616597398e-06
1.5460003696292767e-06
1.528772313047166e-06
1.5118286219146842e-06
1.4951633039494302e-06
1.4787707619411958e-06
1.4626456056230494e-06
1.4467825638603612e-06
1.4311762137201181e-06
1.4158214768068366e-06
1.4007133751808963e-06
1.3858470513981445e-06
1.3712177490676788e-06
1.3568208236371148e-06
1.342651728526247e-06
1.3287060280342148e-06
1.314979101327244e-06
1.3014643385968086e-06
1.288163198743564e-06
1.2750693809791976e-06
1.2621780751706415e-06
1.249485416257159e-06
1.2369876173900204e-06
1.2246809836970478e-06
1.2125619049669856e-06
1.2006268338630146e-06
1.188872302270023e-06
1.1772949232707848e-06
1.165891377034789e-06
1.1546584007820607e-06
1.1435928258990497e-06
1.132691531976627e-06
1.1219514778348648e-06
1.1113696737516465e-06
1.1009431980429091e-06
1.0906692015316247e-06
1.080544881347661e-06
1.0705674927884926e-06
1.0607339510792523e-06
1.051040952248632e-06
1.0414890575903516e-06
1.0320735538157606e-06
1.0227920207697226e-06
1.0136420776003528e-06
1.0046214014020869e-06
9.95727674716811e-07
