Stage   Q       Beta    InnerIter  GlobalIter  Objective      ObjConv      VolFrac      VolResid     Timestamp               
1       0.100   0.10    0          0           2.4707217105e-02   1.0000000000e+00   2.5117150778e-01   -1.5590450710e-04   Sun, 29 Mar 2026 22:40:01
1       0.100   0.10    1          1           2.4418144446e-02   1.1838436768e-02   2.4947670317e-01   -1.8507091150e-03   Mon, 30 Mar 2026 00:03:25
1       0.100   0.10    2          2           2.4667819785e-02   1.0121500069e-02   2.4953942417e-01   -1.7879881152e-03   Mon, 30 Mar 2026 01:04:23
1       0.100   0.10    3          3           2.5221314603e-02   2.1945518174e-02   2.4948146531e-01   -1.8459469738e-03   Mon, 30 Mar 2026 02:05:54
1       0.100   0.10    4          4           2.5532401721e-02   1.2184013139e-02   2.4928812875e-01   -2.0392835351e-03   Mon, 30 Mar 2026 03:07:08
1       0.100   0.10    5          5           2.5530402213e-02   7.8318715413e-05   2.4913558230e-01   -2.1918299884e-03   Mon, 30 Mar 2026 04:08:45
1       0.100   0.10    6          6           2.5263419379e-02   1.0567961124e-02   2.4904065786e-01   -2.2867544285e-03   Mon, 30 Mar 2026 05:10:11
1       0.100   0.10    7          7           2.4712871533e-02   2.2277777203e-02   2.4894737933e-01   -2.3800329525e-03   Mon, 30 Mar 2026 06:12:00
1       0.100   0.10    8          8           2.3837985559e-02   3.6701338391e-02   2.4892689560e-01   -2.4005166879e-03   Mon, 30 Mar 2026 07:12:05
1       0.100   0.10    9          9           2.2582318650e-02   5.5603985041e-02   2.4912704241e-01   -2.2003698753e-03   Mon, 30 Mar 2026 11:06:44
1       0.100   0.10    10         10          2.1644136199e-02   4.3345802424e-02   2.4942844135e-01   -1.8989709374e-03   Mon, 30 Mar 2026 11:48:42
1       0.100   0.10    11         11          2.1016068272e-02   2.9885129742e-02   2.4960622474e-01   -1.7211875521e-03   Mon, 30 Mar 2026 12:28:49
1       0.100   0.10    12         12          2.0371778877e-02   3.1626565320e-02   2.4981633433e-01   -1.5110779584e-03   Mon, 30 Mar 2026 13:09:07
1       0.100   0.10    13         13          1.9516726408e-02   4.3811264800e-02   2.5000637038e-01   -1.3210419088e-03   Mon, 30 Mar 2026 13:47:22
1       0.100   0.10    14         14          1.8494207166e-02   5.5288622656e-02   2.5022739765e-01   -1.1000146347e-03   Mon, 30 Mar 2026 14:19:27
1       0.100   0.10    15         15          1.7117822333e-02   8.0406538108e-02   2.5051898294e-01   -8.0842934632e-04   Mon, 30 Mar 2026 15:13:34
1       0.100   0.10    16         16          1.5350304830e-02   1.1514543342e-01   2.5071876127e-01   -6.0865101914e-04   Mon, 30 Mar 2026 15:53:49
1       0.100   0.10    17         17          1.3837531953e-02   1.0932389407e-01   2.5081504518e-01   -5.1236711206e-04   Mon, 30 Mar 2026 16:57:42
1       0.100   0.10    18         18          1.3227428934e-02   4.6124082163e-02   2.5086624002e-01   -4.6117226404e-04   Mon, 30 Mar 2026 17:38:34
1       0.100   0.10    19         19          1.3596314216e-02   2.7131270788e-02   2.5092519549e-01   -4.0221679661e-04   Mon, 30 Mar 2026 18:12:49
1       0.100   0.10    20         20          1.4931536814e-02   8.9422985307e-02   2.5104156338e-01   -2.8584890448e-04   Mon, 30 Mar 2026 18:47:07
