42958482.72973973
28052334.548065905
33384.970094536046
95229.15475495906
70479.21861830534
34402.52494556149
11388.493048555609
1737.239722179439
47.04808744570144
1585.4742829455727
3597.1522899093347
4956.163839613372
5500.076277295284
5292.198259853893
4658.661536385659
3918.2070621229277
3131.404137119338
2418.708429813455
1837.965918827357
1361.9616230335246
991.777817486058
719.7153410780616
516.5818076263463
369.53199505267156
263.2481986781364
187.78613343229904
137.185427918696
96.7352171731273
70.55530033959252
52.06456247597819
36.86342325256422
27.478865635066693
19.847189902776982
14.314840512950651
11.052660186143177
8.51155227618183
6.718885664993526
4.427484877356681
3.3145538176378926
2.786806798510247
1.8417192637335167
0.8614791500224914
0.9436063307021844
0.5151551755033843
0.3054622779452394
0.09371563941828984
0.05250832499050434
0.0029437985995581454
0.014849124928225424
0.013642614685135388
0.06905761803793414
0.15118024332895594
0.2737753784176316
0.239966621360325
0.41402405879229875
0.43530402636008986
0.6165023556518507
0.7434878148140699
0.7469038149569756
0.6690251075242413
0.8469739633570127
1.0873833210998571
0.8135810310321739
1.0118752375568678
0.8489082418766536
1.063501759169921
0.9371890620147625
1.1354564259366073
0.7691104503126054
0.999003778837175
0.7716259110735748
1.0379787952176356
0.7047453158247317
0.8298897666806293
0.6304281014971078
0.6123897015547574
0.5655421498007422
0.5037381392199345
0.37087690345597984
0.47908917783092536
0.22827125489495947
0.24873648443370502
0.19288632909750228
0.17994506477254021
0.0932859012976406
0.049622219213303856
0.032700075034925113
0.004686239579519803
0.0008775777504602407
3.69643444629695e-05
0.005678230870237929
0.03294322926086407
0.10698035229742159
0.07560556786602912
0.15283764016281065
0.30795826243567476
0.3479301631454706
0.5068235289868279
0.5158869355313621
0.6318499273661048
1.1008163097465389
1.025345570737237
1.2238743164504975
1.5044685296473568
1.7402899926622981
1.8823353260159628
2.153562648047223
2.6365841794016407
2.945059562301904
3.203786219866296
3.512390922001857
3.5135457101758214
4.3380320101515535
5.187961559924749
5.003701353648092
5.644413747662943
6.043539997576415
6.407078396556975
7.166278361898403
7.81305626974083
8.529727429861447
8.791485299685172
9.042207325891361
10.207305052809314
10.714175098253584
11.044610869247713
11.797137984159065
13.418148340329122
13.25827015784909
14.138992538817272
15.4151152776861
15.65791508189451
17.12832446421354
17.369540420039595
17.594154045706162
19.551402227320878
20.037377939169787
20.925198332207408
21.75254716229446
22.927096235826713
24.010781382687593
24.252646085492604
26.45040971255199
26.27635592719701
26.517182853669347
29.64951245430308
29.7839726930846
30.052707758366264
31.93803406221759
33.148946701202924
33.60612572773127
34.81217104843018
37.267417668060055
36.676123142871994
39.721058595224925
38.88506451052688
41.54092853719958
40.99353862466767
43.199485594855005
45.039978125659886
44.14591437889188
47.2093069033066
49.09431908044893
47.945537802474114
50.34753954959976
52.34860401061629
51.41333925873693
54.03301079570671
54.244118713047925
56.333495237956924
56.27430598801091
58.012580190261005
59.89547724987646
59.66725523125344
62.43457807358188
62.5920485073394
63.37451980644552
64.17656145834673
67.28256174241344
66.36333222045295
66.76641252968149
70.32200725351044
70.80089531450547
70.7751237351601
74.08922253897383
71.30114667245749
75.48162108973816
73.73518012562289
76.88272034019711
75.8566139500643
79.67072295403611
77.79603611623327
80.45159676820774
79.52813629324093
80.61484878366161
84.30032740952232
81.48721032488469
84.88517265848508
82.887851703697
87.12198923001289
85.91247793040343
85.19183573467456
86.59441650649426
89.84347659354783
85.51786819657625
89.94686662851556
89.17880386952393
89.09224963557811
90.49908479304767
90.09292456775357
92.65499406757588
89.81910634792196
92.66761529007778
92.5395925540022
91.54014709046007
92.7236557178645
91.5116891529737
93.46569475181921
93.54530769711825
92.21451063004533
92.43859267041717
94.17313932092055
90.73353446876635
93.57167342664093
93.45518312707243
91.22745661344155
94.51109169311754
91.77996311863674
92.71458249466625
91.81235551209737
92.33497125334499
90.85205009415075
90.74832019473396
89.22769486112243
90.98124732105126
91.26507680046946
89.16606098246389
90.04681683361238
87.91356238802605
85.82906749965366
90.65250968268649
84.20310288024905
86.3711618535008
84.78721304324073
84.39476924904848
84.26029006888189
81.55784164129356
81.8917004475047
82.22890459405734
79.66778649850501
78.93157895723715
77.27925566695485
78.52279825911387
76.70188350798804
75.21414889827369
74.51846579271908
73.01218112955368
72.09698371133202
71.62987948577705
68.58494445867373
69.61173979290093
67.48804196269015
66.48905866901657
66.76051072504056
62.311971748383755
64.29351096417889
61.88878375328066
60.43097161160116
60.16332736755317
58.200245327802094
56.2156538930765
55.40856755305617
54.28678899388548
52.6125205926091
52.27011656128533
50.072765164085666
48.546688411911525
46.815392159821606
48.96090427500969
44.07368589349366
44.034968096823945
43.305215120669246
41.20173543386511
39.63119971789161
38.723994498278856
37.709231682647214
37.036350797138965
34.300538635174064
34.01586634758924
32.31509546707509
31.99698291264365
29.848919977375534
29.092758573298298
27.779757139538994
26.490092438959277
25.328691647340627
23.650686735377974
23.386849731733847
22.161371878388596
21.101655711659426
19.492954507552824
19.64841086804631
16.897961571060517
16.47291448603451
15.742121575424058
15.517655039657466
13.713188894844087
12.526860449684674
12.103094207620906
11.048877838853247
10.309150908707375
9.704504679054107
8.648658538648297
8.43562060950063
7.287550037271484
6.4604091061183695
6.420591465441289
4.472373471391896
5.755969283391503
3.6701342558498196
3.359282198498672
3.545285540273702
2.4426447317916926
2.416111258993249
2.136422818041899
1.468887293824456
1.2209844069956273
1.0957996096197637
0.7205503372393472
0.5162738338001481
0.3122565231666044
0.20630775828827538
0.08039391659597152
0.05564017020874789
3.1992760791982094e-05
0.0070776897632021385
0.035499071395904004
0.16346595238238673
0.25612051804937364
0.45613520553197645
0.4841695914350836
0.9402575803664088
0.9370658338569123
1.3667249403075155
1.6938498057532916
2.4401342041608864
2.283345066172731
2.883961771222768
3.411894637009967
4.065836131661795
4.7556119748911305
4.690494038651784
5.866276711393725
6.21036219697119
6.8055797864423715
8.19632438872086
8.652137437620716
8.958427327554169
10.474928994305168
10.825203909282141
12.430835049265903
12.372910037844626
13.89233163904626
14.659978454952723
15.862562653430778
16.694226638161112
17.817708983084753
19.312316174198838
19.78267166574008
22.294841797740606
21.366702220575746
23.897937224737074
24.671440748162706
26.26082522416492
27.29702751874178
28.34377277408653
30.216516572026194
31.6566735777333
32.2316414530609
34.17093518336932
35.38284342630607
37.26670530284048
38.534658136319656
40.436596531455365
40.75645030621814
43.694163970697154
44.689084206840924
45.22738002645765
47.691527195978615
48.06954249502129
51.32078082711125
51.51495680798836
53.48011811017816
56.33800850771572
55.89259760887367
58.99779530327448
60.224168575652776
61.142512896062044
63.739106543526
64.10214571599256
68.31963995841159
67.24491567271063
71.01469179550172
71.80405830025983
71.96906838630727
75.2331138406751
77.21527185773238
78.07202794695192
78.80214391242681
82.09508258864189
84.44886758042522
84.14613468384162
85.74831196268653
87.86400985381974
91.48748074052286
89.75235192447641
91.18371627543263
96.32093621729695
96.9937689405563
97.9927457442067
99.05137880909034
99.02687532739708
102.78245704660722
103.74039631634353
104.50364085895654
108.19480471177319
104.71632608423045
110.5598249259671
110.50743850676199
114.0715395624737
112.47682456631112
114.91930073615875
116.34224381152893
117.64300214361138
117.40724021846346
119.28544384557753
126.99685978855987
119.67200218429956
124.21061243563095
122.53127062780906
128.8719466200664
126.42075767988969
130.75896979237132
129.0980819900184
129.6112188314873
133.37765834333575
132.24371463760272
135.07872459325338
134.22785936505304
136.20626180337857
136.42420935882586
137.7108162380721
136.28503386150837
139.43144802450524
140.37990561901185
142.51667069796375
137.91071862668267
144.63381043828744
142.20609684962372
140.7292791731068
144.95560901195296
145.56479577213506
144.23998612233063
144.25014073737503
145.39175834240638
146.77161349325237
146.02285809366282
146.82153258584506
147.70518806563715
145.15190282349465
146.65608258371492
146.50172534370782
147.61951532439286
148.93704499458212
147.39258158336452
148.92553072481567
145.96915671908016
148.29865420958822
148.54188178440657
146.34993953811656
148.54731596754385
145.19397313789247
147.36910393599948
146.07854786077095
145.91301942547634
147.92976779638371
146.47313573102608
143.35927952871563
148.44054472476807
144.06960186098505
143.0529893668399
142.78788779641897
143.63467304041058
141.27432884907077
139.7429609425191
143.48343403498458
140.24854761932755
140.02991343655685
144.1888519143489
135.7112354653004
139.26992470288616
136.7280183376879
128.80130199681855
139.30632392117082
132.07128363232636
134.31806035022518
134.44691445981536
130.5836997208684
128.88054580552594
128.02111801551985
127.91701272256407
127.40292583887914
124.658377714318
123.98775810650189
122.62070710985473
121.65627513193682
121.2927955857992
117.49496498721636
119.8780619983305
113.43158170343625
117.23063520352554
112.9056689709172
112.57038176883417
111.8941775079496
108.79881995632171
109.86172433734275
105.99286808308793
107.60323648306488
102.73253751685384
101.41270256565339
101.51920250070981
97.95554177518622
96.77377089906673
98.11075435877162
98.03215062488964
92.80148860677632
88.41327596016666
89.9351514873067
90.12596804109265
85.74970846855491
86.36481413622147
82.97120995121706
83.8033059312348
79.3032655130499
78.97088435146262
76.84416674497409
77.11400911149435
75.37792890504164
71.30821196084605
73.986845259363
68.82447282028893
68.16173780642137
68.36225275192986
63.570357505487166
63.028366912106065
62.10356691925235
62.29229579201209
59.24071476431066
57.700376990781535
55.40630891955605
54.168203510749414
52.96102814492958
52.127289942518665
51.29709115966385
49.72362461783606
46.20841899630351
45.542202277101325
44.45712257388002
44.026710604511706
40.155390531454884
41.22580102117457
37.186451815448955
38.792772456958886
35.213107506344855
37.9855973497451
31.68035811201778
31.59948783914436
32.9941336362176
28.724088842290527
28.53626866821059
27.872509982552234
26.48113955782864
25.718397530645746
23.39453133141488
24.19354650383724
22.330246331937147
20.844789296741542
20.16342293347509
19.206460859711157
17.04614480731277
17.567761757600437
16.78826238075966
14.50783485393284
14.287603997067015
14.818509839176683
11.981301632951727
12.310609848408708
11.221745272144746
10.525379082320976
10.216777782840888
8.795000745504002
8.202107091795341
7.743126847868365
6.61760293608829
6.269338387125671
6.102781930932098
6.081302435673846
4.4106524013784
4.739269779467095
3.952404175069828
3.1950127716714376
3.293522546144256
3.2512062285993544
2.3675357932645738
2.2218435317428638
1.8640972741063684
1.7494297931304144
1.1260537284126086
1.41888112896223
0.7944555505700289
0.7261680740772669
0.6031781164876487
0.45066262589200573
0.26939167603388375
0.30787315352325995
0.0808184494637651
0.055946590955033355
2.5918740387411303e-06
