0.0011088768309834435
0.00031348773092079095
4.746337045208844e-05
2.245667892927873e-05
1.398171161174697e-05
9.737288471632322e-06
7.2117005309604015e-06
5.569812475781108e-06
4.4428815551022966e-06
3.6381780837695082e-06
3.044632485473323e-06
2.5943417459089273e-06
2.2441146063979455e-06
1.9656362599579856e-06
1.739862520762926e-06
1.5536818296657468e-06
1.3978658709088702e-06
1.2657812600718574e-06
1.1525632298464903e-06
1.054575788626237e-06
9.69052749134451e-07
8.938548559764486e-07
8.273026300268115e-07
7.68059373523917e-07
7.15047927986514e-07
6.673904990339696e-07
6.243644889369814e-07
5.853696061169176e-07
5.499030358834653e-07
5.175404554658685e-07
4.879213435877558e-07
4.6073748659666363e-07
4.3572389292664396e-07
4.1265154298486587e-07
3.913215529032278e-07
3.7156043848284115e-07
3.532162432789483e-07
3.3615535141682813e-07
3.2025984741800976e-07
3.0542531626858494e-07
2.915590003938299e-07
2.785782477757262e-07
2.664091990756192e-07
2.5498567203825895e-07
2.442482095969887e-07
2.3414326449223285e-07
2.2462249825057875e-07
2.1564217638623302e-07
2.071626448437399e-07
1.9914787540530683e-07
1.9156506972134924e-07
1.8438431343686983e-07
1.7757827325666304e-07
1.7112193086393295e-07
1.6499234866620025e-07
1.5916846301754483e-07
1.5363090127319035e-07
1.4836181957249154e-07
1.4334475865759126e-07
1.3856451548691635e-07
1.340070286391732e-07
1.296592758526835e-07
1.2550918223124443e-07
1.2154553784860187e-07
1.1775792366010498e-07
1.14136644774178e-07
1.106726702376722e-07
1.073575786324356e-07
1.041835088266343e-07
1.0114311532336798e-07
9.822952774290682e-08
9.543631397060832e-08
9.275744661526849e-08
9.018727243307534e-08
8.772048441263147e-08
8.535209627078714e-08
8.307741910748607e-08
8.089204002457099e-08
7.879180251224903e-08
7.677278843998623e-08
7.483130150346905e-08
7.296385199729966e-08
7.11671427810836e-08
6.943805634509806e-08
6.777364287848578e-08
6.617110923554107e-08
6.462780874694577e-08
6.314123178245162e-08
6.17089970153329e-08
6.032884332511955e-08
5.8998622283891526e-08
5.77162911838144e-08
5.647990655751232e-08
5.528761815538703e-08
5.4137663342604975e-08
5.3028361882111966e-08
5.195811107426467e-08
5.0925381229439256e-08
4.992871144198226e-08
4.896670564761729e-08
4.8038028944512045e-08
4.714140415142219e-08
4.627560859766698e-08
4.5439471113178526e-08
4.463186922056928e-08
4.385172650253682e-08
4.309801013665967e-08
4.236972858971041e-08
4.1665929454224956e-08
4.098569742099618e-08
4.032815238064337e-08
3.9692447639725044e-08
3.9077768250079066e-08
3.848332943877345e-08
3.7908375136434616e-08
3.735217659523078e-08
3.681403109015144e-08
3.629326070211039e-08
3.578921117122275e-08
3.530125082428033e-08
3.482876956185688e-08
3.4371177913818475e-08
3.3927906145072174e-08
3.349840341901957e-08
3.3082137011508126e-08
3.267859157228479e-08
3.22872684288773e-08
3.1907684936953795e-08
3.15393738659509e-08
3.118188282371636e-08
3.0834773716843535e-08
3.049762224233202e-08
3.0170017410506776e-08
2.985156109741952e-08
2.9541867625048308e-08
2.924056336597132e-08
2.8947286371459787e-08
2.86616860259923e-08
2.838342271707564e-08
2.811216753198775e-08
2.7847601965801913e-08
2.7589417652869987e-08
2.7337316112793147e-08
2.7091008509408182e-08
2.685021542763564e-08
2.661466666217722e-08
2.6384101017248723e-08
2.615826612042119e-08
2.593691824603895e-08
2.5719822148515343e-08
2.5506750904850478e-08
2.5297485764619918e-08
2.5091816012825053e-08
2.488953882997261e-08
2.4690459172191576e-08
2.44943896426738e-08
2.4301150381541953e-08
2.4110568952139523e-08
2.392248023425264e-08
2.3736726322043225e-08
2.3553156424800466e-08
2.3371626770775314e-08
2.319200051207832e-08
2.30141476340277e-08
2.283794486415305e-08
2.2663275585222482e-08
2.2490029746275782e-08
2.2318103773399984e-08
2.2147400490023894e-08
2.197782902093629e-08
2.180930471463206e-08
2.1641749048912178e-08
2.147508954774467e-08
2.13092596895341e-08
2.114419881882611e-08
2.0979852052508812e-08
2.0816170190352825e-08
2.0653109616227717e-08
2.0490632204468502e-08
2.032870521837419e-08
2.0167301212297917e-08
2.0006397925236576e-08
1.9845978178172008e-08
1.9686029761979518e-08
1.95265453304954e-08
1.9367522284907663e-08
1.9208962657306535e-08
1.9050872991448113e-08
1.889326422316865e-08
1.8736151553037802e-08
1.857955431947844e-08
1.842349586880711e-08
1.826800342286504e-08
1.8113107940806842e-08
1.7958843981787474e-08
1.780524956352903e-08
1.7652366016698893e-08
1.7500237841094714e-08
1.7348912552946136e-08
1.71984405350225e-08
1.704887488287159e-08
1.6900271246879644e-08
1.6752687675222952e-08
1.66061844534329e-08
1.646082394228394e-08
1.6316670411366243e-08
1.617378987810983e-08
1.6032249936093668e-08
1.5892119590012022e-08
1.575346908486518e-08
1.5616369735697455e-08
1.5480893757605545e-08
1.5347114092769525e-08
1.5215104240831297e-08
1.508493808421487e-08
1.4956689717906308e-08
1.483043327671567e-08
1.4706242765029084e-08
1.458419188567809e-08
1.4464353870246497e-08
1.4346801309557983e-08
1.4231605988665503e-08
1.4118838719214706e-08
1.4008569175666575e-08
1.390086573442501e-08
1.379579531250331e-08
1.3693423212179068e-08
1.3593812964883102e-08
1.349702617866449e-08
1.3403122392750705e-08
1.3312158928647625e-08
1.3224190750121354e-08
1.313927032438929e-08
1.3057447489455963e-08
1.2978769321633876e-08
1.2903280012461944e-08
1.2831020745552763e-08
1.2762029581775782e-08
1.2696341346430713e-08
1.2633987524460623e-08
1.2574996157814775e-08
1.2519391750163007e-08
1.2467195178618115e-08
1.24184236064256e-08
1.237309040703137e-08
1.2331205089732242e-08
1.2292773235385993e-08
1.2257796434098857e-08
1.2226272234356075e-08
1.2198194092208295e-08
1.2173551333808134e-08
1.2152329121029748e-08
1.2134508421192423e-08
1.2120065990506051e-08
1.2108974357872477e-08
1.2101201819207538e-08
1.209671243434704e-08
1.2095466040125142e-08
1.2097418258250098e-08
1.2102520518699978e-08
1.2110720087459303e-08
1.2121960098639706e-08
1.2136179600497719e-08
1.2153313597313814e-08
1.217329311007043e-08
1.219604523345461e-08
1.2221493206542943e-08
1.2249556486089078e-08
1.2280150826545177e-08
1.2313188371428554e-08
1.2348577739917597e-08
1.2386224132886282e-08
1.2426029433997711e-08
1.2467892320137517e-08
1.2511708382453188e-08
1.2557370243935065e-08
1.2604767687800697e-08
1.2653787790174855e-08
1.2704315058264598e-08
1.2756231568453697e-08
1.2809417116829333e-08
1.2863749367102418e-08
1.2919104004580231e-08
1.2975354895040807e-08
1.303237424997098e-08
1.3090032783888134e-08
1.3148199889087938e-08
1.320674380477229e-08
1.3265531787908245e-08
1.3324430291460252e-08
1.3383305144209584e-08
1.3442021723998664e-08
1.3500445145440742e-08
1.3558440437955478e-08
1.3615872730723443e-08
1.3672607434701443e-08
1.3728510429648503e-08
1.3783448246835548e-08
1.383728825233909e-08
1.3889898835538301e-08
1.3941149584069683e-08
1.3990911474481049e-08
1.4039057048677064e-08
1.408546059341753e-08
1.4129998319793066e-08
1.417254853856651e-08
1.4212991830786245e-08
1.4251211223339325e-08
1.4287092351968936e-08
1.4320523632716957e-08
1.4351396416984623e-08
1.4379605153113975e-08
1.4405047540629394e-08
1.442762468213134e-08
1.4447241227825932e-08
1.4463805516517648e-08
1.447722971753862e-08
1.4487429957981962e-08
1.4494326454482467e-08
1.4497843634887878e-08
1.4497910252741944e-08
1.4494459505421476e-08
1.4487429130918233e-08
1.4476761517740087e-08
1.4462403793946056e-08
1.4444307917977845e-08
1.442243075699395e-08
1.439673416870761e-08
1.4367185066148495e-08
1.433375548542838e-08
1.4296422635916998e-08
1.4255168958070652e-08
1.4209982160643395e-08
1.4160855261013377e-08
1.4107786612142263e-08
1.405077992944892e-08
1.3989844302527323e-08
1.3924994209811289e-08
1.3856249515282634e-08
1.3783635472478145e-08
1.3707182702491688e-08
1.3626927188134003e-08
1.354291023753262e-08
1.3455178464475916e-08
1.3363783741238014e-08
1.326878316033437e-08
1.3170238978109173e-08
1.306821856309919e-08
1.2962794328316598e-08
1.2854043660833452e-08
1.2742048849171439e-08
1.2626896996428121e-08
1.250867993673628e-08
1.2387494135435134e-08
1.226344059797457e-08
1.213662475240625e-08
1.2007156353987934e-08
1.187514935222041e-08
1.1740721784971463e-08
1.1603995644365554e-08
1.1465096747678705e-08
1.1324154602481073e-08
1.11813022662287e-08
1.1036676203808916e-08
1.0890416137626485e-08
1.0742664899913511e-08
1.0593568269428156e-08
1.0443274820280557e-08
1.0291935758569395e-08
1.0139704750524773e-08
9.986737763359715e-09
9.833192890220741e-09
9.67923017525842e-09
9.525011442522167e-09
9.370700115913756e-09
9.216461040397892e-09
9.062460301167488e-09
8.908865043321274e-09
8.755843286025745e-09
8.603563740887076e-09
8.452195623153463e-09
8.301908472469063e-09
8.152871962645947e-09
8.005255717467757e-09
7.859229123291961e-09
7.714961147746705e-09
7.572620151855351e-09
7.432373707589832e-09
7.294388413802133e-09
7.158829717132098e-09
7.025861728410365e-09
6.895647046232125e-09
6.768346579573278e-09
6.644119372607245e-09
6.523122430233446e-09
6.405510551558005e-09
6.291436157365069e-09
6.181049129242554e-09
6.07449664285852e-09
5.971923011888671e-09
5.8734695291456955e-09
5.779274316046722e-09
5.6894721719286636e-09
5.6041944287183394e-09
5.523568808975434e-09
5.447719287308082e-09
5.376765957436514e-09
5.310824902681432e-09
5.2500080684640534e-09
5.1944231440376335e-09
5.144173444651629e-09
5.09935779987761e-09
5.0600704473886425e-09
5.026400929596868e-09
4.998433997972431e-09
4.976249520637223e-09
4.959922393245223e-09
4.949522461562764e-09
4.945114440351914e-09
4.9467578454615e-09
4.954506925825681e-09
4.968410604966827e-09
4.988512424931524e-09
5.014850495981178e-09
5.047457456253001e-09
5.086360428892619e-09
5.131580992895928e-09
5.183135155328128e-09
5.241033327607673e-09
5.305280313049029e-09
5.37587529456305e-09
5.4528118307428644e-09
5.5360778576290015e-09
5.625655692276123e-09
5.721522050205678e-09
5.823648058095133e-09
5.9319992806018515e-09
6.046535746318736e-09
6.167211983952044e-09
6.293977060786109e-09
6.426774627098203e-09
6.565542969248028e-09
6.710215059743947e-09
6.860718620938296e-09
7.0169761911707245e-09
7.1789051931997206e-09
7.346418009912056e-09
7.519422064454499e-09
7.69781990405849e-09
7.881509293510718e-09
8.070383301902512e-09
8.26433040810351e-09
8.463234597549264e-09
8.666975471277772e-09
8.875428359115946e-09
9.0884644292533e-09
9.305950810860838e-09
9.527750713568276e-09
9.75372355567535e-09
9.983725091189456e-09
1.0217607541795818e-08
1.0455219736431884e-08
1.0696407245094315e-08
1.0941012521230888e-08
1.1188875049349221e-08
1.143983148631038e-08
1.1693715815783998e-08
1.1950359495291281e-08
1.220959161105971e-08
1.2471239034456268e-08
1.273512657828504e-08
1.3001077156548626e-08
1.3268911941204447e-08
1.3538450527627098e-08
1.3809511096956739e-08
1.4081910575453762e-08
1.4355464806517445e-08
1.4629988707114872e-08
1.4905296440542172e-08
1.5181201576912446e-08
1.545751726271771e-08
1.5734056386689938e-08
1.6010631743075467e-08
1.6287056197510206e-08
1.6563142854971932e-08
1.6838705220200076e-08
1.7113557364480657e-08
1.738751408438169e-08
1.7660391067011837e-08
1.7932005045543032e-08
1.820217396145445e-08
1.8470717118801115e-08
1.8737455338976147e-08
1.900221111808963e-08
1.926480877087786e-08
1.9525074584751973e-08
1.9782836964054503e-08
2.003792657390279e-08
2.0290176482179866e-08
2.053942229626264e-08
2.0785502300019803e-08
2.1028257585337854e-08
2.126753217977809e-08
2.150317317552533e-08
2.1735030850128213e-08
2.196295878321849e-08
2.2186813976770934e-08
2.2406456959487402e-08
2.262175190213111e-08
2.283256671414731e-08
2.303877314889719e-08
2.3240246894994984e-08
2.343686766812829e-08
2.3628519298846053e-08
2.381508981541849e-08
2.399647152111322e-08
2.4172561066635162e-08
2.4343259520155265e-08
2.4508472431848063e-08
2.466810989210987e-08
2.4822086587990095e-08
2.4970321851320252e-08
2.5112739705637255e-08
2.524926890597711e-08
2.5379842973282284e-08
2.55044002273664e-08
2.5622883811483897e-08
2.5735241710976178e-08
2.5841426774135644e-08
2.5941396719322568e-08
2.6035114142094854e-08
2.6122546517297033e-08
2.6203666196129325e-08
2.627845039579527e-08
2.6346881188457736e-08
2.6408945481710943e-08
2.6464634997698e-08
2.6513946244957056e-08
2.6556880488086535e-08
2.6593443708331637e-08
2.6623646566048617e-08
2.664750435554311e-08
2.666503695227291e-08
2.667626876418997e-08
2.668122866768348e-08
2.667994995166558e-08
2.6672470248129712e-08
2.6658831463814522e-08
2.663907970520989e-08
2.6613265202967047e-08
2.6581442229805425e-08
2.654366901757127e-08
2.6500007668120452e-08
2.6450524064136865e-08
2.6395287774188486e-08
2.6334371954950442e-08
2.6267853255761238e-08
2.6195811710404234e-08
2.6118330636310237e-08
2.603549652693426e-08
2.5947398940071468e-08
2.5854130388009686e-08
2.5755786224353075e-08
2.5652464525393936e-08
2.5544265977416943e-08
2.543129375352611e-08
2.531365339667646e-08
2.519145269642593e-08
2.50648015688196e-08
2.4933811929965992e-08
2.4798597573391946e-08
2.4659274046653325e-08
2.451595852337485e-08
2.4368769679579825e-08
2.4217827567033207e-08
2.4063253488154444e-08
2.3905169869984396e-08
2.3743700139223495e-08
2.3578968596737013e-08
2.341110029387393e-08
2.3240220907937765e-08
2.3066456620901838e-08
2.2889933995628722e-08
2.2710779857527176e-08
2.25291211733489e-08
2.2345084934037342e-08
2.215879803802203e-08
2.1970387177221906e-08
2.177997872262014e-08
2.1587698614704873e-08
2.1393672252788557e-08
2.1198024389704847e-08
2.1000879025593076e-08
2.0802359306135675e-08
2.0602587422579463e-08
2.040168451441034e-08
2.0199770573680627e-08
1.9996964353799073e-08
1.9793383279617094e-08
1.9589143361055894e-08
1.9384359109158683e-08
1.9179143456165046e-08
1.8973607677100955e-08
1.8767861316306367e-08
1.856201211502828e-08
1.835616594446803e-08
1.815042673991237e-08
1.794489644010911e-08
1.77396749286265e-08
1.7534859978878707e-08
1.73305472031906e-08
1.7126830003564262e-08
1.692379952871457e-08
1.6721544631401576e-08
1.6520151830848927e-08
1.6319705278684893e-08
1.612028672735149e-08
1.5921975502817062e-08
1.5724848480302487e-08
1.552898006280599e-08
1.5334442163954942e-08
1.5141304193341266e-08
1.4949633045739247e-08
1.4759493092881294e-08
1.457094617886185e-08
1.4384051618553821e-08
1.419886619911499e-08
1.4015444184596115e-08
