# step du_rel dp_rel
# u_rtol 1.0000000000000000e-04
# p_rtol 1.0000000000000000e-03
0001 1.5329572054534866e-04 1.8606032889500886e-03
0002 1.5329113249146884e-04 1.7835329163182264e-03
0003 1.5328656097667091e-04 1.7054949569144668e-03
0004 1.5328200355378490e-04 1.6271390285380143e-03
0005 1.5327745827397135e-04 1.5490329597738085e-03
0006 1.5327292356057056e-04 1.4716680318810668e-03
0007 1.5326839811700003e-04 1.3954644956028267e-03
0008 1.5326388086825830e-04 1.3207770905747859e-03
0009 1.5325937090403496e-04 1.2479012394687704e-03
0010 1.5325486745557880e-04 1.1770782940431004e-03
0011 1.5325036985567233e-04 1.1085017929787192e-03
0012 1.5324587753031199e-04 1.0423220827385652e-03
0013 1.5324138997376333e-04 9.7865179610049507e-04
0014 1.5323690674789610e-04 9.1757000644903536e-04
0015 1.5323242746009569e-04 8.5912714999785203e-04
0016 1.5322795176326778e-04 8.0334829355932101e-04
0017 1.5322347935020443e-04 7.5023679849897825e-04
0018 1.5321900994995171e-04 6.9977767139147720e-04
0019 1.5321454331275716e-04 6.5194074250596507e-04
0020 1.5321007922509350e-04 6.0668241819996076e-04
0021 1.5320561748928828e-04 5.6394901095947866e-04
0022 1.5320115793121322e-04 5.2367807739601752e-04
0023 1.5319670039682829e-04 4.8580053325183488e-04
0024 1.5319224475026996e-04 4.5024241456047682e-04
0025 1.5318779086328667e-04 4.1692647126115659e-04
0026 1.5318333862632155e-04 3.8577268343116441e-04
0027 1.5317888794644583e-04 3.5669986214347047e-04
0028 1.5317443873326568e-04 3.2962701926533264e-04
0029 1.5316999091074290e-04 3.0447335181604411e-04
0030 1.5316554440949974e-04 2.8115933709471597e-04
0031 1.5316109917891030e-04 2.5960703520968366e-04
0032 1.5315665515529771e-04 2.3974149895552348e-04
0033 1.5315221229753086e-04 2.2148909565557011e-04
0034 1.5314777056613858e-04 2.0477910560984429e-04
0035 1.5314332992763627e-04 1.8954321883576418e-04
0036 1.5313889034941400e-04 1.7571532362256140e-04
0037 1.5313445180369531e-04 1.6323068714106334e-04
0038 1.5313001427176660e-04 1.5202535688215490e-04
0039 1.5312557773467073e-04 1.4203575576920413e-04
0040 1.5312114217123950e-04 1.3319743190306165e-04
0041 1.5311670757080407e-04 1.2544376434662360e-04
0042 1.5311227391965449e-04 1.1870575803464952e-04
0043 1.5310784121224511e-04 1.1291117491320468e-04
0044 1.5310340943678255e-04 1.0798486309269878e-04
0045 1.5309897858415010e-04 1.0384873662719685e-04
0046 1.5309454865303018e-04 1.0042292769982902e-04
0047 1.5309011963929049e-04 9.7627518574758227e-05
0048 1.5308569153361899e-04 9.5383981928757154e-05
0049 1.5308126433928734e-04 9.3616702125196762e-05
0050 1.5307683804979187e-04 9.2254870400702849e-05
0051 1.5307241266385250e-04 9.1233325313513539e-05
0052 1.5306798817997668e-04 9.0493453379384222e-05
0053 1.5306356459716922e-04 8.9983504371888488e-05
0054 1.5305914191583383e-04 8.9658562667285975e-05
0055 1.5305472013146576e-04 8.9480236010958719e-05
0056 1.5305029924377110e-04 8.9416155173506354e-05
0057 1.5304587925673782e-04 8.9439398525805654e-05
0058 1.5304146016240102e-04 8.9527792709466264e-05
0059 1.5303704196631079e-04 8.9663346122698833e-05
0060 1.5303262466377610e-04 8.9831535619451191e-05
0061 1.5302820825639020e-04 9.0020842245033369e-05
0062 1.5302379273971595e-04 9.0222178594361106e-05
0063 1.5301937811693461e-04 9.0428556408011742e-05
0064 1.5301496438375892e-04 9.0634573183719577e-05
0065 1.5301055153813092e-04 9.0836239423948138e-05
0066 1.5300613958059837e-04 9.1030673795219124e-05
0067 1.5300172851078845e-04 9.1215822999256134e-05
0068 1.5299731832375921e-04 9.1390288073216273e-05
0069 1.5299290902113971e-04 9.1553288756507416e-05
0070 1.5298850059695452e-04 9.1704373206967610e-05
0071 1.5298409305210961e-04 9.1843520008725880e-05
0072 1.5297968638256754e-04 9.1970862802754944e-05
0073 1.5297528058799876e-04 9.2086766468109561e-05
0074 1.5297087566539961e-04 9.2191664627354304e-05
0075 1.5296647161175094e-04 9.2286091555327288e-05
0076 1.5296206842242780e-04 9.2370650104847435e-05
0077 1.5295766610048234e-04 9.2446038138014369e-05
0078 1.5295326463832861e-04 9.2512782748940180e-05
0079 1.5294886403336279e-04 9.2571559588650596e-05
0080 1.5294446428524991e-04 9.2623022577564747e-05
0081 1.5294006538873277e-04 9.2667726286878104e-05
0082 1.5293566734227645e-04 9.2706267283060054e-05
0083 1.5293127014239102e-04 9.2739168276979598e-05
0084 1.5292687378671879e-04 9.2766931771371525e-05
0085 1.5292247827018712e-04 9.2790004233669050e-05
0086 1.5291808359236764e-04 9.2808864299091386e-05
0087 1.5291368974686365e-04 9.2823869405707300e-05
0088 1.5290929673452162e-04 9.2835450313424273e-05
0089 1.5290490454895761e-04 9.2843877298459876e-05
0090 1.5290051318868152e-04 9.2849497353288129e-05
0091 1.5289612265020084e-04 9.2852573953836591e-05
0092 1.5289173292917945e-04 9.2853357261908561e-05
0093 1.5288734402380815e-04 9.2852112688274969e-05
0094 1.5288295593231648e-04 9.2849041967999122e-05
0095 1.5287856864742774e-04 9.2844274559369415e-05
0096 1.5287418217008652e-04 9.2838066029284831e-05
0097 1.5286979649677926e-04 9.2830517236101989e-05
0098 1.5286541162130946e-04 9.2821725783217784e-05
0099 1.5286102754278247e-04 9.2811882705886794e-05
0100 1.5285664425733478e-04 9.2801094164653812e-05
0101 1.5285226176664379e-04 9.2789484482611848e-05
0102 1.5284788006053840e-04 9.2777007400150625e-05
0103 1.5284349913833480e-04 9.2763852022245826e-05
0104 1.5283911900228672e-04 9.2750124926840673e-05
0105 1.5283473964111538e-04 9.2735748277064631e-05
0106 1.5283036105922444e-04 9.2720924763280079e-05
0107 1.5282598324883038e-04 9.2705603386658144e-05
0108 1.5282160621099561e-04 9.2689900908253346e-05
0109 1.5281722994018299e-04 9.2673795107364834e-05
0110 1.5281285443543137e-04 9.2657357918098172e-05
0111 1.5280847969169995e-04 9.2640598751343462e-05
0112 1.5280410570999898e-04 9.2623600920143246e-05
0113 1.5279973248442019e-04 9.2606326459017914e-05
0114 1.5279536001510576e-04 9.2588844401431144e-05
0115 1.5279098829684985e-04 9.2571132422973119e-05
0116 1.5278661733021629e-04 9.2553255552052237e-05
0117 1.5278224711070366e-04 9.2535172706933276e-05
0118 1.5277787763531362e-04 9.2516913378714181e-05
0119 1.5277350890300509e-04 9.2498526719171081e-05
0120 1.5276914091017223e-04 9.2480010953504673e-05
0121 1.5276477365901592e-04 9.2461409774161063e-05
0122 1.5276040713943726e-04 9.2442614384807495e-05
0123 1.5275604135484973e-04 9.2423774089498074e-05
0124 1.5275167630230242e-04 9.2404852432712679e-05
0125 1.5274731197851519e-04 9.2385834674794292e-05
0126 1.5274294838111681e-04 9.2366743771585055e-05
0127 1.5273858550971900e-04 9.2347609123553790e-05
0128 1.5273422335923594e-04 9.2328403986277713e-05
0129 1.5272986193154780e-04 9.2309200260181064e-05
0130 1.5272550122345866e-04 9.2289940046660912e-05
0131 1.5272114123107225e-04 9.2270600940387996e-05
0132 1.5271678195341809e-04 9.2251224961043061e-05
0133 1.5271242338965382e-04 9.2231823483851237e-05
0134 1.5270806553450622e-04 9.2212369753453283e-05
0135 1.5270370838972911e-04 9.2192947248676024e-05
0136 1.5269935195234209e-04 9.2173521384944225e-05
0137 1.5269499622155310e-04 9.2154093780994511e-05
0138 1.5269064119268183e-04 9.2134631686782888e-05
0139 1.5268628686800328e-04 9.2115198214203861e-05
0140 1.5268193324203356e-04 9.2095722775312357e-05
0141 1.5267758031431769e-04 9.2076256575659364e-05
0142 1.5267322808248230e-04 9.2056810748173282e-05
0143 1.5266887654654638e-04 9.2037416422202317e-05
0144 1.5266452570450505e-04 9.2018052961670191e-05
0145 1.5266017555481406e-04 9.1998707087250143e-05
0146 1.5265582609534303e-04 9.1979364768140519e-05
0147 1.5265147732347283e-04 9.1960030150045757e-05
0148 1.5264712923765761e-04 9.1940739908415940e-05
0149 1.5264278183963132e-04 9.1921528376185039e-05
0150 1.5263843512487618e-04 9.1902325254182693e-05
0151 1.5263408909229831e-04 9.1883157121165174e-05
0152 1.5262974374183363e-04 9.1864037494987692e-05
0153 1.5262539906903737e-04 9.1844933489472255e-05
0154 1.5262105507661382e-04 9.1825907023056024e-05
0155 1.5261671175898671e-04 9.1806889157718111e-05
0156 1.5261236911729716e-04 9.1787943461139041e-05
0157 1.5260802714928969e-04 9.1769049283203192e-05
0158 1.5260368585367178e-04 9.1750217611367627e-05
0159 1.5259934522877431e-04 9.1731452207200010e-05
0160 1.5259500527595648e-04 9.1712773016318537e-05
0161 1.5259066598992662e-04 9.1694108158488669e-05
0162 1.5258632737234618e-04 9.1675514896298469e-05
0163 1.5258198941949918e-04 9.1656956217257588e-05
0164 1.5257765213111453e-04 9.1638468506997797e-05
0165 1.5257331550772542e-04 9.1620059550127382e-05
0166 1.5256897954350765e-04 9.1601679323305107e-05
0167 1.5256464424323008e-04 9.1583423242313911e-05
0168 1.5256030960152407e-04 9.1565195669668641e-05
0169 1.5255597561828895e-04 9.1547031582121151e-05
0170 1.5255164229283275e-04 9.1528933415805012e-05
0171 1.5254730962109629e-04 9.1510885816067927e-05
0172 1.5254297760728229e-04 9.1492965479336057e-05
0173 1.5253864624707012e-04 9.1475078746089511e-05
0174 1.5253431553724351e-04 9.1457231291981121e-05
0175 1.5252998548072276e-04 9.1439494000555648e-05
0176 1.5252565607328083e-04 9.1421813206278782e-05
0177 1.5252132731621862e-04 9.1404228049378339e-05
0178 1.5251699920653669e-04 9.1386706607289697e-05
0179 1.5251267174455911e-04 9.1369275425929526e-05
0180 1.5250834492943290e-04 9.1351916698403885e-05
0181 1.5250401875897032e-04 9.1334604212100224e-05
0182 1.5249969323207236e-04 9.1317347242676148e-05
0183 1.5249536834813446e-04 9.1300157307476503e-05
0184 1.5249104410333282e-04 9.1283032887556339e-05
0185 1.5248672050185326e-04 9.1266056725879843e-05
0186 1.5248239754090209e-04 9.1249151135732733e-05
0187 1.5247807521863660e-04 9.1232297866560366e-05
0188 1.5247375353316409e-04 9.1215498990890491e-05
0189 1.5246943248454800e-04 9.1198783682181069e-05
0190 1.5246511207125818e-04 9.1182154299983498e-05
0191 1.5246079229552209e-04 9.1165625476504031e-05
0192 1.5245647315097329e-04 9.1149115827150731e-05
0193 1.5245215464120172e-04 9.1132707727351151e-05
0194 1.5244783676255012e-04 9.1116347019024044e-05
0195 1.5244351951396667e-04 9.1100059889011222e-05
0196 1.5243920289668069e-04 9.1083877723581989e-05
0197 1.5243488690779442e-04 9.1067766714909227e-05
0198 1.5243057154745929e-04 9.1051750372771236e-05
0199 1.5242625681497667e-04 9.1035824877435723e-05
0200 1.5242194271141611e-04 9.1019976936507498e-05
0201 1.5241762922975206e-04 9.1004133636736183e-05
0202 1.5241331637498242e-04 9.0988405070061563e-05
0203 1.5240900414239020e-04 9.0972729768873473e-05
0204 1.5240469253460591e-04 9.0957155340520561e-05
0205 1.5240038154740716e-04 9.0941629389878847e-05
0206 1.5239607118203375e-04 9.0926198521800944e-05
0207 1.5239176143614009e-04 9.0910845184728785e-05
0208 1.5238745231310161e-04 9.0895596509635404e-05
0209 1.5238314380488770e-04 9.0880358887800172e-05
0210 1.5237883591782384e-04 9.0865244214130599e-05
0211 1.5237452864560411e-04 9.0850157674739611e-05
0212 1.5237022199103426e-04 9.0835165368508987e-05
0213 1.5236591594985270e-04 9.0820225734736257e-05
0214 1.5236161052444735e-04 9.0805398410444361e-05
0215 1.5235730571421606e-04 9.0790650743476713e-05
0216 1.5235300151517396e-04 9.0775942163790735e-05
0217 1.5234869792965652e-04 9.0761327385098530e-05
0218 1.5234439495545327e-04 9.0746766735739178e-05
0219 1.5234009258950661e-04 9.0732264287030179e-05
0220 1.5233579083757763e-04 9.0717891433315096e-05
0221 1.5233148969201371e-04 9.0703525016355750e-05
0222 1.5232718915463825e-04 9.0689246295282968e-05
0223 1.5232288922710765e-04 9.0675057028645961e-05
0224 1.5231858990315137e-04 9.0660894029877273e-05
0225 1.5231429118638974e-04 9.0646846862208681e-05
0226 1.5230999307617120e-04 9.0632883886308108e-05
0227 1.5230569556854917e-04 9.0618969858780274e-05
0228 1.5230139866601354e-04 9.0605161261739440e-05
0229 1.5229710236699527e-04 9.0591421475839541e-05
0230 1.5229280666991969e-04 9.0577738722916453e-05
0231 1.5228851157583816e-04 9.0564123883437141e-05
0232 1.5228421708115593e-04 9.0550535241169086e-05
0233 1.5227992318565440e-04 9.0537015805691761e-05
0234 1.5227562989067329e-04 9.0523592899024595e-05
0235 1.5227133719428440e-04 9.0510236595611415e-05
0236 1.5226704509570846e-04 9.0496952181499631e-05
0237 1.5226275359413180e-04 9.0483743567880263e-05
0238 1.5225846269008005e-04 9.0470620346162371e-05
0239 1.5225417238208725e-04 9.0457558050502691e-05
0240 1.5224988266833385e-04 9.0444550196924563e-05
0241 1.5224559354979668e-04 9.0431629051550855e-05
0242 1.5224130502599029e-04 9.0418771930842517e-05
0243 1.5223701709324847e-04 9.0405955125417355e-05
0244 1.5223272975451008e-04 9.0393237209480669e-05
0245 1.5222844300867726e-04 9.0380575750319571e-05
0246 1.5222415684985541e-04 9.0367941359921313e-05
0247 1.5221987128632663e-04 9.0355447222926957e-05
0248 1.5221558630992637e-04 9.0342960229165790e-05
0249 1.5221130192296181e-04 9.0330553617296928e-05
0250 1.5220701812630619e-04 9.0318219982158613e-05
0251 1.5220273491401128e-04 9.0305907821673517e-05
0252 1.5219845229108900e-04 9.0293713451067252e-05
0253 1.5219417025529025e-04 9.0281576364594938e-05
0254 1.5218988880311778e-04 9.0269481225623843e-05
0255 1.5218560793945246e-04 9.0257487143618142e-05
0256 1.5218132765787947e-04 9.0245505523183943e-05
0257 1.5217704796090806e-04 9.0233604182641717e-05
0258 1.5217276884672680e-04 9.0221766581769622e-05
0259 1.5216849031634818e-04 9.0209999805417415e-05
0260 1.5216421236711921e-04 9.0198289082631225e-05
0261 1.5215993499938577e-04 9.0186648940580045e-05
0262 1.5215565821234740e-04 9.0175080602176649e-05
0263 1.5215138200779703e-04 9.0163586866682065e-05
0264 1.5214710637993445e-04 9.0152106391398485e-05
0265 1.5214283133334659e-04 9.0140715946676023e-05
0266 1.5213855686326705e-04 9.0129354068754625e-05
0267 1.5213428297096505e-04 9.0118069779125491e-05
0268 1.5213000965668474e-04 9.0106863003292439e-05
0269 1.5212573691819858e-04 9.0095710069750947e-05
0270 1.5212146475547715e-04 9.0084631044839701e-05
0271 1.5211719317170198e-04 9.0073632514869165e-05
0272 1.5211292215712614e-04 9.0062620276817139e-05
0273 1.5210865172023044e-04 9.0051737297783897e-05
0274 1.5210438185585650e-04 9.0040894269014145e-05
0275 1.5210011256558853e-04 9.0030119717736880e-05
0276 1.5209584384886192e-04 9.0019381677499359e-05
0277 1.5209157570000896e-04 9.0008653663001855e-05
0278 1.5208730812412013e-04 8.9998036804889311e-05
0279 1.5208304112036990e-04 8.9987486854308202e-05
0280 1.5207877468455247e-04 8.9976967903521580e-05
0281 1.5207450881994745e-04 8.9966534935524993e-05
0282 1.5207024352414302e-04 8.9956145148616099e-05
0283 1.5206597879661196e-04 8.9945802886390788e-05
0284 1.5206171463610872e-04 8.9935512781264416e-05
0285 1.5205745104343544e-04 8.9925295632425851e-05
0286 1.5205318801736318e-04 8.9915136264270059e-05
0287 1.5204892555877335e-04 8.9905040184214382e-05
0288 1.5204466366364479e-04 8.9894975625028862e-05
0289 1.5204040233607295e-04 8.9884995918582935e-05
0290 1.5203614157190571e-04 8.9875038629707576e-05
0291 1.5203188137042216e-04 8.9865133178210126e-05
0292 1.5202762173494058e-04 8.9855312425281161e-05
0293 1.5202336266059669e-04 8.9845510465750837e-05
0294 1.5201910414888644e-04 8.9835774399914091e-05
0295 1.5201484620002936e-04 8.9826099074140239e-05
0296 1.5201058881201347e-04 8.9816455662334764e-05
0297 1.5200633198351438e-04 8.9806859537041952e-05
0298 1.5200207571633561e-04 8.9797339164297458e-05
0299 1.5199782000868705e-04 8.9787871883604579e-05
0300 1.5199356486210371e-04 8.9778461174603490e-05
0301 1.5198931027176282e-04 8.9769060745343435e-05
0302 1.5198505624035606e-04 8.9759732679437688e-05
0303 1.5198080276593553e-04 8.9750458040192756e-05
0304 1.5197654984989555e-04 8.9741255362527544e-05
0305 1.5197229749011203e-04 8.9732091927310437e-05
0306 1.5196804568744747e-04 8.9722978677581527e-05
0307 1.5196379443845379e-04 8.9713892604804550e-05
0308 1.5195954374691624e-04 8.9704880921469770e-05
0309 1.5195529360671989e-04 8.9695889055028735e-05
0310 1.5195104402447598e-04 8.9686996013692240e-05
0311 1.5194679499364337e-04 8.9678108419893347e-05
0312 1.5194254651546970e-04 8.9669282666021542e-05
0313 1.5193829859174311e-04 8.9660531895025358e-05
0314 1.5193405121981783e-04 8.9651811587196834e-05
0315 1.5192980439949230e-04 8.9643130518577197e-05
0316 1.5192555813058205e-04 8.9634492377557742e-05
0317 1.5192131241109741e-04 8.9625892224281690e-05
0318 1.5191706724226579e-04 8.9617363128135369e-05
0319 1.5191282262584671e-04 8.9608894054485122e-05
0320 1.5190857855580810e-04 8.9600422290434537e-05
0321 1.5190433503534318e-04 8.9592017275559528e-05
0322 1.5190009206406127e-04 8.9583662741768406e-05
0323 1.5189584963935384e-04 8.9575337921102459e-05
0324 1.5189160776142192e-04 8.9567075318653581e-05
0325 1.5188736643303934e-04 8.9558895481579756e-05
0326 1.5188312565055331e-04 8.9550733837788965e-05
0327 1.5187888541465147e-04 8.9542603954609920e-05
0328 1.5187464572260096e-04 8.9534494695826648e-05
0329 1.5187040657552815e-04 8.9526448933278217e-05
0330 1.5186616797432324e-04 8.9518471736371556e-05
0331 1.5186192991937516e-04 8.9510534596890954e-05
0332 1.5185769240456273e-04 8.9502589702283706e-05
0333 1.5185345543490382e-04 8.9494724955543954e-05
0334 1.5184921900877494e-04 8.9486898052182589e-05
0335 1.5184498312339429e-04 8.9479094290467769e-05
0336 1.5184074778011209e-04 8.9471356441868017e-05
0337 1.5183651298151230e-04 8.9463683627317644e-05
0338 1.5183227872119740e-04 8.9456003678741602e-05
0339 1.5182804500123756e-04 8.9448385436573962e-05
0340 1.5182381182523376e-04 8.9440839251026229e-05
0341 1.5181957918695339e-04 8.9433278235568180e-05
0342 1.5181534708753736e-04 8.9425752914568086e-05
0343 1.5181111552744740e-04 8.9418278595353428e-05
0344 1.5180688450351385e-04 8.9410851112332440e-05
0345 1.5180265402287146e-04 8.9403531505964794e-05
0346 1.5179842407629166e-04 8.9396197082264377e-05
0347 1.5179419467033843e-04 8.9388939618645238e-05
0348 1.5178996579958250e-04 8.9381681968123740e-05
0349 1.5178573746634535e-04 8.9374465661408198e-05
0350 1.5178150966756944e-04 8.9367270311335435e-05
0351 1.5177728240700061e-04 8.9360134760981818e-05
0352 1.5177305567821577e-04 8.9353004885871137e-05
0353 1.5176882948741597e-04 8.9345961767261717e-05
0354 1.5176460382992658e-04 8.9338937227395604e-05
0355 1.5176037870765052e-04 8.9331961496150116e-05
0356 1.5175615411795466e-04 8.9325010223646856e-05
0357 1.5175193006345756e-04 8.9318112311548165e-05
0358 1.5174770654030666e-04 8.9311226589410550e-05
0359 1.5174348354977544e-04 8.9304390295201185e-05
0360 1.5173926109425881e-04 8.9297604769137258e-05
0361 1.5173503916697574e-04 8.9290806268988186e-05
0362 1.5173081777239452e-04 8.9284078196504564e-05
0363 1.5172659691086663e-04 8.9277394556793032e-05
0364 1.5172237657761745e-04 8.9270708285240047e-05
0365 1.5171815677562605e-04 8.9264075322167941e-05
0366 1.5171393750311349e-04 8.9257476627935487e-05
0367 1.5170971876080522e-04 8.9250922908880152e-05
0368 1.5170550054869808e-04 8.9244400422488232e-05
0369 1.5170128286219915e-04 8.9237889065031420e-05
0370 1.5169706570692702e-04 8.9231463310062570e-05
0371 1.5169284908026856e-04 8.9225060586855100e-05
0372 1.5168863298104182e-04 8.9218671328452625e-05
0373 1.5168441740878610e-04 8.9212302580349271e-05
0374 1.5168020236204621e-04 8.9205967605081831e-05
0375 1.5167598784452378e-04 8.9199699990097784e-05
0376 1.5167177385138071e-04 8.9193443247272204e-05
0377 1.5166756038513545e-04 8.9187243850998230e-05
0378 1.5166334744662100e-04 8.9181083563692111e-05
0379 1.5165913503069496e-04 8.9174914225723632e-05
0380 1.5165492314113234e-04 8.9168797872466959e-05
0381 1.5165071177582654e-04 8.9162704894036164e-05
0382 1.5164650093346329e-04 8.9156640826492008e-05
0383 1.5164229061778747e-04 8.9150640343922566e-05
0384 1.5163808082621679e-04 8.9144638937680852e-05
0385 1.5163387155464448e-04 8.9138625580494009e-05
0386 1.5162966280864222e-04 8.9132675557683727e-05
0387 1.5162545458089900e-04 8.9126729866866028e-05
0388 1.5162124687948043e-04 8.9120886708393424e-05
0389 1.5161703970034926e-04 8.9115056926357240e-05
0390 1.5161283304079815e-04 8.9109233336283865e-05
0391 1.5160862690374630e-04 8.9103460646902910e-05
0392 1.5160442128829080e-04 8.9097713181687173e-05
0393 1.5160021619186519e-04 8.9091978822889174e-05
0394 1.5159601161759086e-04 8.9086294028312610e-05
0395 1.5159180756277736e-04 8.9080618235736132e-05
0396 1.5158760402636908e-04 8.9074964177666657e-05
0397 1.5158340101203063e-04 8.9069360847810153e-05
0398 1.5157919851363868e-04 8.9063751155978168e-05
0399 1.5157499653622842e-04 8.9058203875764646e-05
0400 1.5157079507479296e-04 8.9052669976381286e-05
0401 1.5156659413378433e-04 8.9047206178662864e-05
0402 1.5156239371209810e-04 8.9041764877104175e-05
0403 1.5155819380653559e-04 8.9036310288244418e-05
0404 1.5155399441764436e-04 8.9030875640131374e-05
0405 1.5154979554549876e-04 8.9025472396579017e-05
0406 1.5154559718974516e-04 8.9020107304884486e-05
0407 1.5154139935206175e-04 8.9014786287220350e-05
0408 1.5153720202942873e-04 8.9009472691265457e-05
0409 1.5153300522164395e-04 8.9004187693309805e-05
0410 1.5152880893070782e-04 8.8998953586757779e-05
0411 1.5152461315682571e-04 8.8993740048624872e-05
0412 1.5152041789552752e-04 8.8988504630238958e-05
0413 1.5151622314726261e-04 8.8983299760036778e-05
0414 1.5151202891562496e-04 8.8978160143467647e-05
0415 1.5150783519760498e-04 8.8973035290055780e-05
0416 1.5150364199458633e-04 8.8967934395850059e-05
0417 1.5149944930094051e-04 8.8962832445891021e-05
0418 1.5149525712501017e-04 8.8957817950633571e-05
0419 1.5149106546059866e-04 8.8952794058183069e-05
0420 1.5148687430730875e-04 8.8947790591785466e-05
0421 1.5148268366993163e-04 8.8942843044133028e-05
0422 1.5147849354071307e-04 8.8937872830357706e-05
0423 1.5147430392697015e-04 8.8932966444120365e-05
0424 1.5147011482316734e-04 8.8928044568124093e-05
0425 1.5146592623003816e-04 8.8923141162646421e-05
0426 1.5146173814741784e-04 8.8918272749434195e-05
0427 1.5145755057712184e-04 8.8913446952067595e-05
0428 1.5145336351673620e-04 8.8908632355653053e-05
0429 1.5144917696604903e-04 8.8903842972401124e-05
0430 1.5144499092627450e-04 8.8899088495397293e-05
0431 1.5144080539578237e-04 8.8894349069853351e-05
0432 1.5143662037654136e-04 8.8889634595018077e-05
0433 1.5143243586328907e-04 8.8884905003157211e-05
0434 1.5142825186058770e-04 8.8880231004810634e-05
0435 1.5142406836565365e-04 8.8875576905277095e-05
0436 1.5141988538005946e-04 8.8870963964016107e-05
0437 1.5141570290439228e-04 8.8866372892452443e-05
0438 1.5141152093283878e-04 8.8861764245682650e-05
0439 1.5140733947253859e-04 8.8857222062534627e-05
0440 1.5140315851802730e-04 8.8852668496741682e-05
0441 1.5139897806994146e-04 8.8848138577164054e-05
0442 1.5139479812963154e-04 8.8843648822920442e-05
0443 1.5139061869668798e-04 8.8839182535841444e-05
0444 1.5138643977018163e-04 8.8834724401684644e-05
0445 1.5138226135036424e-04 8.8830273828927254e-05
0446 1.5137808343514613e-04 8.8825821570306216e-05
0447 1.5137390602377033e-04 8.8821395440577861e-05
0448 1.5136972911998481e-04 8.8817034827915657e-05
0449 1.5136555272296582e-04 8.8812699037873582e-05
0450 1.5136137682888529e-04 8.8808353086690698e-05
0451 1.5135720144065083e-04 8.8804042147510849e-05
0452 1.5135302655559324e-04 8.8799742810241568e-05
0453 1.5134885217743955e-04 8.8795485543864005e-05
0454 1.5134467830102627e-04 8.8791215471414431e-05
0455 1.5134050493000980e-04 8.8786981175034761e-05
0456 1.5133633206223379e-04 8.8782749598745168e-05
0457 1.5133215969707984e-04 8.8778529300416576e-05
0458 1.5132798783411194e-04 8.8774335790158633e-05
0459 1.5132381647570866e-04 8.8770191721993335e-05
0460 1.5131964562154529e-04 8.8766062217558102e-05
0461 1.5131547526699485e-04 8.8761915089527604e-05
0462 1.5131130541485026e-04 8.8757810988511295e-05
0463 1.5130713606770934e-04 8.8753747866874124e-05
0464 1.5130296721948340e-04 8.8749663031010236e-05
0465 1.5129879887449711e-04 8.8745619201420299e-05
0466 1.5129463102993892e-04 8.8741580214200547e-05
0467 1.5129046368770786e-04 8.8737567100339251e-05
0468 1.5128629684462759e-04 8.8733555629092627e-05
0469 1.5128213050294008e-04 8.8729584765522378e-05
0470 1.5127796466236638e-04 8.8725640933831550e-05
0471 1.5127379932347704e-04 8.8721712297033442e-05
0472 1.5126963448181682e-04 8.8717769532458207e-05
0473 1.5126547014335582e-04 8.8713871391321610e-05
0474 1.5126130630169725e-04 8.8709950541147564e-05
0475 1.5125714295911405e-04 8.8706067129852676e-05
0476 1.5125298011868458e-04 8.8702230063797554e-05
0477 1.5124881777680725e-04 8.8698378616328417e-05
0478 1.5124465593110799e-04 8.8694523122423744e-05
0479 1.5124049458565473e-04 8.8690719602296092e-05
0480 1.5123633373895239e-04 8.8686935292275768e-05
0481 1.5123217338989999e-04 8.8683163405729666e-05
0482 1.5122801353920849e-04 8.8679416628787455e-05
0483 1.5122385418837379e-04 8.8675690059855503e-05
0484 1.5121969533210991e-04 8.8671939201011673e-05
0485 1.5121553697548955e-04 8.8668228042245811e-05
0486 1.5121137911354321e-04 8.8664512251992631e-05
0487 1.5120722175119002e-04 8.8660844416044108e-05
0488 1.5120306488404213e-04 8.8657171243184199e-05
0489 1.5119890851392824e-04 8.8653527078362977e-05
0490 1.5119475264113098e-04 8.8649903971268213e-05
0491 1.5119059726451299e-04 8.8646284240600449e-05
0492 1.5118644238198335e-04 8.8642669477568159e-05
0493 1.5118228799815858e-04 8.8639100617252448e-05
0494 1.5117813410895118e-04 8.8635517899302322e-05
0495 1.5117398071332633e-04 8.8631945275405435e-05
0496 1.5116982781535472e-04 8.8628421254908457e-05
0497 1.5116567541113924e-04 8.8624898142102950e-05
0498 1.5116152350456541e-04 8.8621404527304751e-05
0499 1.5115737209023066e-04 8.8617881441191638e-05
0500 1.5115322117068358e-04 8.8614381638885495e-05
0501 1.5114907074578198e-04 8.8610900596006035e-05
0502 1.5114492081360419e-04 8.8607431589391843e-05
0503 1.5114077137696921e-04 8.8604004399817378e-05
0504 1.5113662243574890e-04 8.8600588098190926e-05
0505 1.5113247398557508e-04 8.8597149009976632e-05
0506 1.5112832602870010e-04 8.8593738780513569e-05
0507 1.5112417856542328e-04 8.8590362054318618e-05
0508 1.5112003159750977e-04 8.8587010257195833e-05
0509 1.5111588512119490e-04 8.8583638043738492e-05
0510 1.5111173913693893e-04 8.8580270924344356e-05
0511 1.5110759364544052e-04 8.8576922343719047e-05
0512 1.5110344864446002e-04 8.8573587587358144e-05
0513 1.5109930413914727e-04 8.8570304022464173e-05
0514 1.5109516012311257e-04 8.8567001594199444e-05
0515 1.5109101660080920e-04 8.8563735809603296e-05
0516 1.5108687357013096e-04 8.8560467145852131e-05
0517 1.5108273102882298e-04 8.8557195554055655e-05
0518 1.5107858897993217e-04 8.8553965412882494e-05
0519 1.5107444742361949e-04 8.8550753470006044e-05
0520 1.5107030635786844e-04 8.8547529174742265e-05
0521 1.5106616578071066e-04 8.8544300984443394e-05
0522 1.5106202569531636e-04 8.8541113825073504e-05
0523 1.5105788610001930e-04 8.8537945204714773e-05
0524 1.5105374699701400e-04 8.8534799916198821e-05
0525 1.5104960838196015e-04 8.8531639160406361e-05
0526 1.5104547025671406e-04 8.8528505233500304e-05
0527 1.5104133262405290e-04 8.8525402410528155e-05
0528 1.5103719547881171e-04 8.8522270897763616e-05
0529 1.5103305882263328e-04 8.8519155099517306e-05
0530 1.5102892265677338e-04 8.8516063655326077e-05
0531 1.5102478697902110e-04 8.8512974378442076e-05
0532 1.5102065179137229e-04 8.8509906481290640e-05
0533 1.5101651709192176e-04 8.8506836264955324e-05
0534 1.5101238288101686e-04 8.8503775301758845e-05
0535 1.5100824915680866e-04 8.8500724846741314e-05
0536 1.5100411592343914e-04 8.8497720080816375e-05
0537 1.5099998317789779e-04 8.8494708861734797e-05
0538 1.5099585091970716e-04 8.8491697566603876e-05
0539 1.5099171914867749e-04 8.8488697627518535e-05
0540 1.5098758786537581e-04 8.8485721098839160e-05
0541 1.5098345707168680e-04 8.8482767391380676e-05
0542 1.5097932676276949e-04 8.8479790860273094e-05
0543 1.5097519694200434e-04 8.8476843836806390e-05
0544 1.5097106760833483e-04 8.8473906746144821e-05
0545 1.5096693876058770e-04 8.8470976143831414e-05
0546 1.5096281040055052e-04 8.8468070980604133e-05
0547 1.5095868252779150e-04 8.8465169736331477e-05
0548 1.5095455513930339e-04 8.8462257405121396e-05
0549 1.5095042823778617e-04 8.8459375021686517e-05
0550 1.5094630182307334e-04 8.8456508701296915e-05
0551 1.5094217589315095e-04 8.8453641562538340e-05
0552 1.5093805045017966e-04 8.8450796843775637e-05
0553 1.5093392549266958e-04 8.8447949482736916e-05
0554 1.5092980101888759e-04 8.8445102012738681e-05
0555 1.5092567703076115e-04 8.8442288923737966e-05
0556 1.5092155352963249e-04 8.8439502419700270e-05
0557 1.5091743051258877e-04 8.8436705631052644e-05
0558 1.5091330798122066e-04 8.8433915019436914e-05
0559 1.5090918593303835e-04 8.8431113634195919e-05
0560 1.5090506436853522e-04 8.8428330262665673e-05
0561 1.5090094329057728e-04 8.8425582058353929e-05
0562 1.5089682269581070e-04 8.8422826867981394e-05
0563 1.5089270258502048e-04 8.8420084439457634e-05
0564 1.5088858295956529e-04 8.8417355183769268e-05
0565 1.5088446381579103e-04 8.8414612210401593e-05
0566 1.5088034515711875e-04 8.8411895081496366e-05
0567 1.5087622698018696e-04 8.8409176330502595e-05
0568 1.5087210928865511e-04 8.8406490145686483e-05
0569 1.5086799207906810e-04 8.8403794755369765e-05
0570 1.5086387535272289e-04 8.8401114527228449e-05
0571 1.5085975910977896e-04 8.8398445760856507e-05
0572 1.5085564334929981e-04 8.8395778292833904e-05
0573 1.5085152807097258e-04 8.8393116735865039e-05
0574 1.5084741327531438e-04 8.8390471203466165e-05
0575 1.5084329896249406e-04 8.8387835957874801e-05
0576 1.5083918513031515e-04 8.8385201205176762e-05
0577 1.5083507178163173e-04 8.8382597396333026e-05
0578 1.5083095891428141e-04 8.8379996284340199e-05
0579 1.5082684652895504e-04 8.8377407461766555e-05
0580 1.5082273462580751e-04 8.8374826832058378e-05
0581 1.5081862320354754e-04 8.8372241431382170e-05
0582 1.5081451226238408e-04 8.8369662474856907e-05
0583 1.5081040180257133e-04 8.8367094452549693e-05
0584 1.5080629182315087e-04 8.8364533757560756e-05
0585 1.5080218232525075e-04 8.8361993845312040e-05
0586 1.5079807330858520e-04 8.8359462643660102e-05
0587 1.5079396477116189e-04 8.8356929526719504e-05
0588 1.5078985671647697e-04 8.8354422019676056e-05
0589 1.5078574913896621e-04 8.8351895513169094e-05
0590 1.5078164204532742e-04 8.8349412387064673e-05
0591 1.5077753542930413e-04 8.8346901505185224e-05
0592 1.5077342929377998e-04 8.8344410159198550e-05
0593 1.5076932363854633e-04 8.8341926133625790e-05
0594 1.5076521846185106e-04 8.8339439638433984e-05
0595 1.5076111376542060e-04 8.8336973774939267e-05
0596 1.5075700954778510e-04 8.8334513403277666e-05
0597 1.5075290580997237e-04 8.8332070186909216e-05
0598 1.5074880255181260e-04 8.8329632576200393e-05
0599 1.5074469977105159e-04 8.8327190213431252e-05
0600 1.5074059747155043e-04 8.8324774192888878e-05
