# step du_rel dp_rel
# u_rtol 1.0000000000000000e-04
# p_rtol 1.0000000000000000e-03
0001 1.4427865868834203e-04 1.8917227803326336e-03
0002 1.4427511713192883e-04 1.8062724085876564e-03
0003 1.4427158560027776e-04 1.7212778053615930e-03
0004 1.4426806229570280e-04 1.6371422240085355e-03
0005 1.4426454585874724e-04 1.5542326536721793e-03
0006 1.4426103524458456e-04 1.4728762852559173e-03
0007 1.4425752964480584e-04 1.3933582786630247e-03
0008 1.4425402842283889e-04 1.3159224956851429e-03
0009 1.4425053106965102e-04 1.2407727454877395e-03
0010 1.4424703717354816e-04 1.1680747356307977e-03
0011 1.4424354639608420e-04 1.0979589225260232e-03
0012 1.4424005845390081e-04 1.0305234394297595e-03
0013 1.4423657310910830e-04 9.6583694021165547e-04
0014 1.4423309015701457e-04 9.0394202472317221e-04
0015 1.4422960942148420e-04 8.4485798453478764e-04
0016 1.4422613074802735e-04 7.8858387754866691e-04
0017 1.4422265400121370e-04 7.3510110125194308e-04
0018 1.4421917906150535e-04 6.8437603421015564e-04
0019 1.4421570582219800e-04 6.3636246826510553e-04
0020 1.4421223418786071e-04 5.9100369893227479e-04
0021 1.4420876407288230e-04 5.4823448185873421e-04
0022 1.4420529540123801e-04 5.0798279765717233e-04
0023 1.4420182810421031e-04 4.7017164913066320e-04
0024 1.4419836211882679e-04 4.3472042150781746e-04
0025 1.4419489738975449e-04 4.0154595250056551e-04
0026 1.4419143386699027e-04 3.7056396213112810e-04
0027 1.4418797150503952e-04 3.4169002822070482e-04
0028 1.4418451026324049e-04 3.1484036433902828e-04
0029 1.4418105010530015e-04 2.8993263364426202e-04
0030 1.4417759099812099e-04 2.6688664261690644e-04
0031 1.4417413291181437e-04 2.4562472191390019e-04
0032 1.4417067582062114e-04 2.2607206538150559e-04
0033 1.4416721970036069e-04 2.0815712620551738e-04
0034 1.4416376452952543e-04 1.9181138905311263e-04
0035 1.4416031028973862e-04 1.7696918909962912e-04
0036 1.4415685696353027e-04 1.6356737000393454e-04
0037 1.4415340453559532e-04 1.5154431332265638e-04
0038 1.4414995299212604e-04 1.4083891101991202e-04
0039 1.4414650232157694e-04 1.3138922344417612e-04
0040 1.4414305251284269e-04 1.2313109595128412e-04
0041 1.4413960355550554e-04 1.1599655143144932e-04
0042 1.4413615544095064e-04 1.0991255892534438e-04
0043 1.4413270816131360e-04 1.0480050358354602e-04
0044 1.4412926170889623e-04 1.0057631846273080e-04
0045 1.4412581607815405e-04 9.7151485097948510e-05
0046 1.4412237126197735e-04 9.4435014226498370e-05
0047 1.4411892725512730e-04 9.2335683706495488e-05
0048 1.4411548405267769e-04 9.0764740953031583e-05
0049 1.4411204164964468e-04 8.9638270325816647e-05
0050 1.4410860004164958e-04 8.8879055873084846e-05
0051 1.4410515922451118e-04 8.8417840960043265e-05
0052 1.4410171919384231e-04 8.8193912117488920e-05
0053 1.4409827994650291e-04 8.8155125674119520e-05
0054 1.4409484147827515e-04 8.8257502363246914e-05
0055 1.4409140378556648e-04 8.8464550684396709e-05
0056 1.4408796686474470e-04 8.8746440740903131e-05
0057 1.4408453071240894e-04 8.9079130332864678e-05
0058 1.4408109532493423e-04 8.9443504702530044e-05
0059 1.4407766069881789e-04 8.9824586658834412e-05
0060 1.4407422683110284e-04 9.0210828390480037e-05
0061 1.4407079371822341e-04 9.0593456286141986e-05
0062 1.4406736135645976e-04 9.0965969399899458e-05
0063 1.4406392974208201e-04 9.1323707024759939e-05
0064 1.4406049887208218e-04 9.1663474136465827e-05
0065 1.4405706874388288e-04 9.1983193237152560e-05
0066 1.4405363935217171e-04 9.2281611572101222e-05
0067 1.4405021069466574e-04 9.2558283125275981e-05
0068 1.4404678276694661e-04 9.2813194600131562e-05
0069 1.4404335556601679e-04 9.3046786824646171e-05
0070 1.4403992908812446e-04 9.3259738541362001e-05
0071 1.4403650332970753e-04 9.3452932362150429e-05
0072 1.4403307828720369e-04 9.3627382109864315e-05
0073 1.4402965395584323e-04 9.3784173626275191e-05
0074 1.4402623033387977e-04 9.3924520214916626e-05
0075 1.4402280741664098e-04 9.4049493928943732e-05
0076 1.4401938520029848e-04 9.4160227375864074e-05
0077 1.4401596368111670e-04 9.4257835599634410e-05
0078 1.4401254285539828e-04 9.4343396684546960e-05
0079 1.4400912272004347e-04 9.4417931555742864e-05
0080 1.4400570327124910e-04 9.4482363976821780e-05
0081 1.4400228450460185e-04 9.4537563536400683e-05
0082 1.4399886641670344e-04 9.4584400487976062e-05
0083 1.4399544900459442e-04 9.4623665116673141e-05
0084 1.4399203226404093e-04 9.4656025811354556e-05
0085 1.4398861619149337e-04 9.4682148808725175e-05
0086 1.4398520078300203e-04 9.4702635829313898e-05
0087 1.4398178603576266e-04 9.4718070884096360e-05
0088 1.4397837194527068e-04 9.4728920288469933e-05
0089 1.4397495850903909e-04 9.4735688737622849e-05
0090 1.4397154572298062e-04 9.4738751376398099e-05
0091 1.4396813358378139e-04 9.4738492147248925e-05
0092 1.4396472208770740e-04 9.4735247621652777e-05
0093 1.4396131123201381e-04 9.4729350333647760e-05
0094 1.4395790101306185e-04 9.4721042334062515e-05
0095 1.4395449142714300e-04 9.4710564641476647e-05
0096 1.4395108247127256e-04 9.4698162484496039e-05
0097 1.4394767414231235e-04 9.4684036037987458e-05
0098 1.4394426643692882e-04 9.4668355465215093e-05
0099 1.4394085935149630e-04 9.4651281108588527e-05
0100 1.4393745288437902e-04 9.4632997413679343e-05
0101 1.4393404703064836e-04 9.4613545002976610e-05
0102 1.4393064178814754e-04 9.4593106747801429e-05
0103 1.4392723715403550e-04 9.4571776335690015e-05
0104 1.4392383312475423e-04 9.4549627874606113e-05
0105 1.4392042969771772e-04 9.4526770053235908e-05
0106 1.4391702687047676e-04 9.4503278665727009e-05
0107 1.4391362463953610e-04 9.4479180942028641e-05
0108 1.4391022300217271e-04 9.4454554663592576e-05
0109 1.4390682195634325e-04 9.4429463677989613e-05
0110 1.4390342149822195e-04 9.4403905219648125e-05
0111 1.4390002162526695e-04 9.4377968077984645e-05
0112 1.4389662233603724e-04 9.4351720416651971e-05
0113 1.4389322362676096e-04 9.4325128969932907e-05
0114 1.4388982549512919e-04 9.4298253460369322e-05
0115 1.4388642793911977e-04 9.4271132596795217e-05
0116 1.4388303095542158e-04 9.4243754399369226e-05
0117 1.4387963454187659e-04 9.4216179911196313e-05
0118 1.4387623869695920e-04 9.4188443326060338e-05
0119 1.4387284341709966e-04 9.4160498654187393e-05
0120 1.4386944870011618e-04 9.4132402410436691e-05
0121 1.4386605454459479e-04 9.4104196329865633e-05
0122 1.4386266094718405e-04 9.4075846890519297e-05
0123 1.4385926790640605e-04 9.4047408875236541e-05
0124 1.4385587542005619e-04 9.4018874227577571e-05
0125 1.4385248348557013e-04 9.3990235458181828e-05
0126 1.4384909210080985e-04 9.3961516044822397e-05
0127 1.4384570126439137e-04 9.3932740250252935e-05
0128 1.4384231097295386e-04 9.3903872704527959e-05
0129 1.4383892122512806e-04 9.3874985346119072e-05
0130 1.4383553201966840e-04 9.3846095465513501e-05
0131 1.4383214335383812e-04 9.3817158913761327e-05
0132 1.4382875522573718e-04 9.3788188576315862e-05
0133 1.4382536763333877e-04 9.3759199009730402e-05
0134 1.4382198057487621e-04 9.3730212770462502e-05
0135 1.4381859404873675e-04 9.3701241321324675e-05
0136 1.4381520805320652e-04 9.3672277736551673e-05
0137 1.4381182258609300e-04 9.3643303569726402e-05
0138 1.4380843764509349e-04 9.3614332658235731e-05
0139 1.4380505322969970e-04 9.3585425798625545e-05
0140 1.4380166933759421e-04 9.3556535681361868e-05
0141 1.4379828596725291e-04 9.3527671091039633e-05
0142 1.4379490311636862e-04 9.3498817974354284e-05
0143 1.4379152078417205e-04 9.3470020700866095e-05
0144 1.4378813896825357e-04 9.3441246158307403e-05
0145 1.4378475766725456e-04 9.3412532784068362e-05
0146 1.4378137687989795e-04 9.3383894740595833e-05
0147 1.4377799660470088e-04 9.3355318968035825e-05
0148 1.4377461683972862e-04 9.3326791806327055e-05
0149 1.4377123758366794e-04 9.3298329672688047e-05
0150 1.4376785883489721e-04 9.3269931376870787e-05
0151 1.4376448059213692e-04 9.3241607260426647e-05
0152 1.4376110285384459e-04 9.3213353250797771e-05
0153 1.4375772561849560e-04 9.3185168896540399e-05
0154 1.4375434888462907e-04 9.3157066993861470e-05
0155 1.4375097265128959e-04 9.3129057369673542e-05
0156 1.4374759691651958e-04 9.3101120946940561e-05
0157 1.4374422167956461e-04 9.3073282145326926e-05
0158 1.4374084693846167e-04 9.3045516375014201e-05
0159 1.4373747269270750e-04 9.3017850749316542e-05
0160 1.4373409893992073e-04 9.2990247549134839e-05
0161 1.4373072567947732e-04 9.2962752545767369e-05
0162 1.4372735290997673e-04 9.2935360751638581e-05
0163 1.4372398063039007e-04 9.2908076529211542e-05
0164 1.4372060883938953e-04 9.2880887522581149e-05
0165 1.4371723753562013e-04 9.2853784303139971e-05
0166 1.4371386671773427e-04 9.2826771777811251e-05
0167 1.4371049638467866e-04 9.2799866074738446e-05
0168 1.4370712653513889e-04 9.2773069838706393e-05
0169 1.4370375716853570e-04 9.2746400027117357e-05
0170 1.4370038828323726e-04 9.2719822143370775e-05
0171 1.4369701987789182e-04 9.2693344398256538e-05
0172 1.4369365195255755e-04 9.2666988329830638e-05
0173 1.4369028450398499e-04 9.2640682974838909e-05
0174 1.4368691753275802e-04 9.2614529309849197e-05
0175 1.4368355103779425e-04 9.2588492019214476e-05
0176 1.4368018501708841e-04 9.2562535562901480e-05
0177 1.4367681947002875e-04 9.2536699413224978e-05
0178 1.4367345439606147e-04 9.2510989745857476e-05
0179 1.4367008979349183e-04 9.2485368570377905e-05
0180 1.4366672566128397e-04 9.2459851925063809e-05
0181 1.4366336199887902e-04 9.2434457567452044e-05
0182 1.4365999880498165e-04 9.2409167765491375e-05
0183 1.4365663607841589e-04 9.2383986461238188e-05
0184 1.4365327381841932e-04 9.2358932169555506e-05
0185 1.4364991202450643e-04 9.2334007079621381e-05
0186 1.4364655069505964e-04 9.2309174164220738e-05
0187 1.4364318982903126e-04 9.2284446816146568e-05
0188 1.4363982942628076e-04 9.2259847576354911e-05
0189 1.4363646948467712e-04 9.2235336993777624e-05
0190 1.4363311000466930e-04 9.2210965900981661e-05
0191 1.4362975098421773e-04 9.2186680854338364e-05
0192 1.4362639242274691e-04 9.2162515619861630e-05
0193 1.4362303431981427e-04 9.2138477296657754e-05
0194 1.4361967667381897e-04 9.2114539431597500e-05
0195 1.4361631948474229e-04 9.2090728995637667e-05
0196 1.4361296275090230e-04 9.2067007718832732e-05
0197 1.4360960647163829e-04 9.2043399131826263e-05
0198 1.4360625064623885e-04 9.2019911759384478e-05
0199 1.4360289527400917e-04 9.1996541535122522e-05
0200 1.4359954035362527e-04 9.1973274903452577e-05
0201 1.4359618588493647e-04 9.1950132777581734e-05
0202 1.4359283186675552e-04 9.1927088285853931e-05
0203 1.4358947829796263e-04 9.1904134917988544e-05
0204 1.4358612517779970e-04 9.1881297861978053e-05
0205 1.4358277250574661e-04 9.1858593221155169e-05
0206 1.4357942028157816e-04 9.1836017058444195e-05
0207 1.4357606850352007e-04 9.1813522996711161e-05
0208 1.4357271717097941e-04 9.1791135710771155e-05
0209 1.4356936628365840e-04 9.1768869050482029e-05
0210 1.4356601584026245e-04 9.1746697453556238e-05
0211 1.4356266584040703e-04 9.1724638364047283e-05
0212 1.4355931628265520e-04 9.1702679195947840e-05
0213 1.4355596716714470e-04 9.1680858142851649e-05
0214 1.4355261849327157e-04 9.1659147599419311e-05
0215 1.4354927025926121e-04 9.1637508427436942e-05
0216 1.4354592246495503e-04 9.1615979172632092e-05
0217 1.4354257510929461e-04 9.1594554045514942e-05
0218 1.4353922819174852e-04 9.1573255509546259e-05
0219 1.4353588171250577e-04 9.1552090284162979e-05
0220 1.4353253566969416e-04 9.1530995571223320e-05
0221 1.4352919006240279e-04 9.1509997259488403e-05
0222 1.4352584489111519e-04 9.1489134676784283e-05
0223 1.4352250015403983e-04 9.1468362219525301e-05
0224 1.4351915585138417e-04 9.1447712535689448e-05
0225 1.4351581198167139e-04 9.1427152031057479e-05
0226 1.4351246854502186e-04 9.1406706968297311e-05
0227 1.4350912553986499e-04 9.1386342168539347e-05
0228 1.4350578296601818e-04 9.1366090087242142e-05
0229 1.4350244082280173e-04 9.1345948738041634e-05
0230 1.4349909910970563e-04 9.1325915274238748e-05
0231 1.4349575782564416e-04 9.1305977107757383e-05
0232 1.4349241697042786e-04 9.1286150301436668e-05
0233 1.4348907654326845e-04 9.1266417886694707e-05
0234 1.4348573654303031e-04 9.1246776069490220e-05
0235 1.4348239696997529e-04 9.1227252792349986e-05
0236 1.4347905782272701e-04 9.1207811258017655e-05
0237 1.4347571910057765e-04 9.1188472266995037e-05
0238 1.4347238080346980e-04 9.1169257189237444e-05
0239 1.4346904293085881e-04 9.1150153140184730e-05
0240 1.4346570548167669e-04 9.1131132757563113e-05
0241 1.4346236845519836e-04 9.1112205482050081e-05
0242 1.4345903185140806e-04 9.1093391004460665e-05
0243 1.4345569566922428e-04 9.1074659922381595e-05
0244 1.4345235990826535e-04 9.1056022513024597e-05
0245 1.4344902456749135e-04 9.1037468406296757e-05
0246 1.4344568964702714e-04 9.1019024745611204e-05
0247 1.4344235514529327e-04 9.1000661957684579e-05
0248 1.4343902106264090e-04 9.0982423967122129e-05
0249 1.4343568739810258e-04 9.0964287523826435e-05
0250 1.4343235415160450e-04 9.0946254946688672e-05
0251 1.4342902132181713e-04 9.0928293476087095e-05
0252 1.4342568890854602e-04 9.0910422771077419e-05
0253 1.4342235691080016e-04 9.0892637062559467e-05
0254 1.4341902532840478e-04 9.0874959624939365e-05
0255 1.4341569416092151e-04 9.0857388281381075e-05
0256 1.4341236340752411e-04 9.0839907669306404e-05
0257 1.4340903306802059e-04 9.0822524111505124e-05
0258 1.4340570314109763e-04 9.0805218157169151e-05
0259 1.4340237362718233e-04 9.0788021685185412e-05
0260 1.4339904452481520e-04 9.0770900782270159e-05
0261 1.4339571583418220e-04 9.0753883096102148e-05
0262 1.4339238755399145e-04 9.0736945226424306e-05
0263 1.4338905968447964e-04 9.0720119640216054e-05
0264 1.4338573222515076e-04 9.0703383313846540e-05
0265 1.4338240517439979e-04 9.0686705544145492e-05
0266 1.4337907853288219e-04 9.0670137687476530e-05
0267 1.4337575229931220e-04 9.0653643873205472e-05
0268 1.4337242647330457e-04 9.0637242313843923e-05
0269 1.4336910105469623e-04 9.0620944576641361e-05
0270 1.4336577604304019e-04 9.0604733303190158e-05
0271 1.4336245143683834e-04 9.0588589134622604e-05
0272 1.4335912723667326e-04 9.0572559886348546e-05
0273 1.4335580344169727e-04 9.0556618535855786e-05
0274 1.4335248005133193e-04 9.0540761767818987e-05
0275 1.4334915706537961e-04 9.0524989931943956e-05
0276 1.4334583448272729e-04 9.0509282549521889e-05
0277 1.4334251230310331e-04 9.0493661796676151e-05
0278 1.4333919052624420e-04 9.0478135228010373e-05
0279 1.4333586915146651e-04 9.0462693978704122e-05
0280 1.4333254817857963e-04 9.0447343426962076e-05
0281 1.4332922760657940e-04 9.0432067401888288e-05
0282 1.4332590743560235e-04 9.0416887526736548e-05
0283 1.4332258766444969e-04 9.0401780827104584e-05
0284 1.4331926829381494e-04 9.0386774098741987e-05
0285 1.4331594932165525e-04 9.0371814146935475e-05
0286 1.4331263074871030e-04 9.0356955977489620e-05
0287 1.4330931257378995e-04 9.0342170244822590e-05
0288 1.4330599479682715e-04 9.0327479382054239e-05
0289 1.4330267741752349e-04 9.0312876451285922e-05
0290 1.4329936043522658e-04 9.0298345199943278e-05
0291 1.4329604384916663e-04 9.0283882162873826e-05
0292 1.4329272765913257e-04 9.0269502015185890e-05
0293 1.4328941186477552e-04 9.0255208802283334e-05
0294 1.4328609646551159e-04 9.0240994591331958e-05
0295 1.4328278146111335e-04 9.0226862666712682e-05
0296 1.4327946685096431e-04 9.0212801341002204e-05
0297 1.4327615263441492e-04 9.0198810779953788e-05
0298 1.4327283881152418e-04 9.0184903431145001e-05
0299 1.4326952538126704e-04 9.0171061799703228e-05
0300 1.4326621234340473e-04 9.0157305800153386e-05
0301 1.4326289969822170e-04 9.0143641781930301e-05
0302 1.4325958744413120e-04 9.0130028808333180e-05
0303 1.4325627558145430e-04 9.0116502999006747e-05
0304 1.4325296410989087e-04 9.0103054182395700e-05
0305 1.4324965302821884e-04 9.0089656402430061e-05
0306 1.4324634233653971e-04 9.0076344443445320e-05
0307 1.4324303203464903e-04 9.0063115315751910e-05
0308 1.4323972212149680e-04 9.0049953324614323e-05
0309 1.4323641259765868e-04 9.0036885173722355e-05
0310 1.4323310346166398e-04 9.0023870330311457e-05
0311 1.4322979471381112e-04 9.0010940716669818e-05
0312 1.4322648635359389e-04 8.9998079755718510e-05
0313 1.4322317838012208e-04 8.9985278049378213e-05
0314 1.4321987079380993e-04 8.9972560020175454e-05
0315 1.4321656359333429e-04 8.9959895533701825e-05
0316 1.4321325677899881e-04 8.9947315217445527e-05
0317 1.4320995035021518e-04 8.9934804478636508e-05
0318 1.4320664430662197e-04 8.9922362086935139e-05
0319 1.4320333864759527e-04 8.9909984844935905e-05
0320 1.4320003337317311e-04 8.9897684659720597e-05
0321 1.4319672848274741e-04 8.9885444215435063e-05
0322 1.4319342397573951e-04 8.9873264635959290e-05
0323 1.4319011985211908e-04 8.9861155728993244e-05
0324 1.4318681611097167e-04 8.9849109439166537e-05
0325 1.4318351275266917e-04 8.9837152191477425e-05
0326 1.4318020977675475e-04 8.9825259045240839e-05
0327 1.4317690718196305e-04 8.9813413774541203e-05
0328 1.4317360496899885e-04 8.9801656017701319e-05
0329 1.4317030313695757e-04 8.9789956286771385e-05
0330 1.4316700168566469e-04 8.9778321659203809e-05
0331 1.4316370061503154e-04 8.9766748326138924e-05
0332 1.4316039992368258e-04 8.9755210098968534e-05
0333 1.4315709961199968e-04 8.9743751493773295e-05
0334 1.4315379967971739e-04 8.9732368628617812e-05
0335 1.4315050012621432e-04 8.9721052844549039e-05
0336 1.4314720095171099e-04 8.9709810942383656e-05
0337 1.4314390215509012e-04 8.9698613646670676e-05
0338 1.4314060373644093e-04 8.9687482440717784e-05
0339 1.4313730569523906e-04 8.9676409874084488e-05
0340 1.4313400803105418e-04 8.9665401368126129e-05
0341 1.4313071074446019e-04 8.9654470249089444e-05
0342 1.4312741383359071e-04 8.9643566781225369e-05
0343 1.4312411729948971e-04 8.9632743362664174e-05
0344 1.4312082114060787e-04 8.9621962140923941e-05
0345 1.4311752535779983e-04 8.9611265831574533e-05
0346 1.4311422995012636e-04 8.9600620382144754e-05
0347 1.4311093491736838e-04 8.9590028600059578e-05
0348 1.4310764025901205e-04 8.9579490946745989e-05
0349 1.4310434597479736e-04 8.9569017611568869e-05
0350 1.4310105206512798e-04 8.9558617318576708e-05
0351 1.4309775852839080e-04 8.9548249166960167e-05
0352 1.4309446536520863e-04 8.9537958948669231e-05
0353 1.4309117257518226e-04 8.9527733169634716e-05
0354 1.4308788015785241e-04 8.9517561767415995e-05
0355 1.4308458811325702e-04 8.9507444341273271e-05
0356 1.4308129644033089e-04 8.9497358105996341e-05
0357 1.4307800513877332e-04 8.9487330624750877e-05
0358 1.4307471420952513e-04 8.9477390863967898e-05
0359 1.4307142365118167e-04 8.9467486457853521e-05
0360 1.4306813346371991e-04 8.9457634567386790e-05
0361 1.4306484364700527e-04 8.9447837954736916e-05
0362 1.4306155420039379e-04 8.9438086991571017e-05
0363 1.4305826512394851e-04 8.9428395680099957e-05
0364 1.4305497641749746e-04 8.9418754355467404e-05
0365 1.4305168807976089e-04 8.9409147652270833e-05
0366 1.4304840011166478e-04 8.9399623657813153e-05
0367 1.4304511251281228e-04 8.9390153842968648e-05
0368 1.4304182528198709e-04 8.9380714608218765e-05
0369 1.4303853841969623e-04 8.9371345996016135e-05
0370 1.4303525192585237e-04 8.9362034359935974e-05
0371 1.4303196579929035e-04 8.9352755972536314e-05
0372 1.4302868004053716e-04 8.9343544440550167e-05
0373 1.4302539464891790e-04 8.9334382485883524e-05
0374 1.4302210962458515e-04 8.9325276892232304e-05
0375 1.4301882496672887e-04 8.9316208960927754e-05
0376 1.4301554067581261e-04 8.9307195434699976e-05
0377 1.4301225675027407e-04 8.9298205018972473e-05
0378 1.4300897319099017e-04 8.9289289952548657e-05
0379 1.4300568999784538e-04 8.9280431065861621e-05
0380 1.4300240716966638e-04 8.9271599823740895e-05
0381 1.4299912470679170e-04 8.9262824584569042e-05
0382 1.4299584260887906e-04 8.9254098189375531e-05
0383 1.4299256087543745e-04 8.9245416612429359e-05
0384 1.4298927950694184e-04 8.9236794935277432e-05
0385 1.4298599850215367e-04 8.9228198697229900e-05
0386 1.4298271786150849e-04 8.9219657834141883e-05
0387 1.4297943758466249e-04 8.9211160171245106e-05
0388 1.4297615767095573e-04 8.9202695891386254e-05
0389 1.4297287812037771e-04 8.9194285415064277e-05
0390 1.4296959893288124e-04 8.9185935044066637e-05
0391 1.4296632010839301e-04 8.9177638914215686e-05
0392 1.4296304164624279e-04 8.9169377376947033e-05
0393 1.4295976354628304e-04 8.9161162787286047e-05
0394 1.4295648580878493e-04 8.9152998874025298e-05
0395 1.4295320843262088e-04 8.9144861408548779e-05
0396 1.4294993141825122e-04 8.9136777166742604e-05
0397 1.4294665476522936e-04 8.9128731495545524e-05
0398 1.4294337847320157e-04 8.9120727509781164e-05
0399 1.4294010254217225e-04 8.9112772752119844e-05
0400 1.4293682697208746e-04 8.9104860349248623e-05
0401 1.4293355176195742e-04 8.9096973646897660e-05
0402 1.4293027691244506e-04 8.9089146293530499e-05
0403 1.4292700242245576e-04 8.9081353237291532e-05
0404 1.4292372829305847e-04 8.9073627798615955e-05
0405 1.4292045452322683e-04 8.9065920126536163e-05
0406 1.4291718111205707e-04 8.9058231970960032e-05
0407 1.4291390806070916e-04 8.9050607515714082e-05
0408 1.4291063536758507e-04 8.9043008292904728e-05
0409 1.4290736303401621e-04 8.9035481068389406e-05
0410 1.4290409105863040e-04 8.9027974973312587e-05
0411 1.4290081944165866e-04 8.9020513924332301e-05
0412 1.4289754818285556e-04 8.9013093767452241e-05
0413 1.4289427728190039e-04 8.9005713193384035e-05
0414 1.4289100673899402e-04 8.8998377678516273e-05
0415 1.4288773655331979e-04 8.8991067843991332e-05
0416 1.4288446672533429e-04 8.8983803627395584e-05
0417 1.4288119725426650e-04 8.8976562892184263e-05
0418 1.4287792813984400e-04 8.8969360736898450e-05
0419 1.4287465938262289e-04 8.8962216733007795e-05
0420 1.4287139098187620e-04 8.8955103793304034e-05
0421 1.4286812293754146e-04 8.8948027843802760e-05
0422 1.4286485524936987e-04 8.8940985600035179e-05
0423 1.4286158791713591e-04 8.8933980437327066e-05
0424 1.4285832094077173e-04 8.8927015903614699e-05
0425 1.4285505432017450e-04 8.8920087326809598e-05
0426 1.4285178805500791e-04 8.8913186606998592e-05
0427 1.4284852214485174e-04 8.8906315410291505e-05
0428 1.4284525658973595e-04 8.8899487411875323e-05
0429 1.4284199138974615e-04 8.8892707583489999e-05
0430 1.4283872654484182e-04 8.8885961863152197e-05
0431 1.4283546205396105e-04 8.8879225738967138e-05
0432 1.4283219791759520e-04 8.8872531449563460e-05
0433 1.4282893413514631e-04 8.8865869796431952e-05
0434 1.4282567070703455e-04 8.8859258685893016e-05
0435 1.4282240763276654e-04 8.8852677118007262e-05
0436 1.4281914491187618e-04 8.8846125531712815e-05
0437 1.4281588254488542e-04 8.8839621798798696e-05
0438 1.4281262053095857e-04 8.8833143782165856e-05
0439 1.4280935887055549e-04 8.8826705054621273e-05
0440 1.4280609756283508e-04 8.8820284231784966e-05
0441 1.4280283660811696e-04 8.8813900505286649e-05
0442 1.4279957600580185e-04 8.8807542350183418e-05
0443 1.4279631575618801e-04 8.8801226915049162e-05
0444 1.4279305585907336e-04 8.8794940049570295e-05
0445 1.4278979631366287e-04 8.8788673551725819e-05
0446 1.4278653712053181e-04 8.8782454103516472e-05
0447 1.4278327827947035e-04 8.8776267193086008e-05
0448 1.4278001978969084e-04 8.8770098391926367e-05
0449 1.4277676165154116e-04 8.8763973106157818e-05
0450 1.4277350386506421e-04 8.8757885471380888e-05
0451 1.4277024642942980e-04 8.8751818093152810e-05
0452 1.4276698934543431e-04 8.8745793970279732e-05
0453 1.4276373261210826e-04 8.8739776776887433e-05
0454 1.4276047622934114e-04 8.8733780590225412e-05
0455 1.4275722019689642e-04 8.8727817413148229e-05
0456 1.4275396451528987e-04 8.8721905525583885e-05
0457 1.4275070918411099e-04 8.8716022565235171e-05
0458 1.4274745420308712e-04 8.8710160299063556e-05
0459 1.4274419957174177e-04 8.8704319165604003e-05
0460 1.4274094529048763e-04 8.8698518093858610e-05
0461 1.4273769135895420e-04 8.8692744140013766e-05
0462 1.4273443777690172e-04 8.8686996536875898e-05
0463 1.4273118454419779e-04 8.8681279669039162e-05
0464 1.4272793166100048e-04 8.8675599235590985e-05
0465 1.4272467912706413e-04 8.8669940280695049e-05
0466 1.4272142694151180e-04 8.8664295497023948e-05
0467 1.4271817510537490e-04 8.8658702953424328e-05
0468 1.4271492361808647e-04 8.8653126499828468e-05
0469 1.4271167247859639e-04 8.8647561075493568e-05
0470 1.4270842168820550e-04 8.8642047703198240e-05
0471 1.4270517124603200e-04 8.8636548616573174e-05
0472 1.4270192115176623e-04 8.8631067938423197e-05
0473 1.4269867140564866e-04 8.8625620821429745e-05
0474 1.4269542200737084e-04 8.8620199185972744e-05
0475 1.4269217295691030e-04 8.8614805470083673e-05
0476 1.4268892425396403e-04 8.8609436122651114e-05
0477 1.4268567589855789e-04 8.8604095308745116e-05
0478 1.4268242789064060e-04 8.8598779891433559e-05
0479 1.4267918022977177e-04 8.8593481608639156e-05
0480 1.4267593291576074e-04 8.8588209094189215e-05
0481 1.4267268594913407e-04 8.8582975661441558e-05
0482 1.4266943932914123e-04 8.8577755691339030e-05
0483 1.4266619305576515e-04 8.8572559714838271e-05
0484 1.4266294712907563e-04 8.8567390939051823e-05
0485 1.4265970154866064e-04 8.8562241835178046e-05
0486 1.4265645631448420e-04 8.8557122979919284e-05
0487 1.4265321142660611e-04 8.8552037008969770e-05
0488 1.4264996688513560e-04 8.8546977464343233e-05
0489 1.4264672268915284e-04 8.8541920352006417e-05
0490 1.4264347883906415e-04 8.8536893308209028e-05
0491 1.4264023533464723e-04 8.8531889709711554e-05
0492 1.4263699217577217e-04 8.8526909702585179e-05
0493 1.4263374936245981e-04 8.8521952724092070e-05
0494 1.4263050689408699e-04 8.8517010452125744e-05
0495 1.4262726477138289e-04 8.8512102932963973e-05
0496 1.4262402299330604e-04 8.8507202072981257e-05
0497 1.4262078156012552e-04 8.8502333656320374e-05
0498 1.4261754047210077e-04 8.8497497530900257e-05
0499 1.4261429972857451e-04 8.8492675622488544e-05
0500 1.4261105932957349e-04 8.8487878517362341e-05
0501 1.4260781927537307e-04 8.8483107999953449e-05
0502 1.4260457956517852e-04 8.8478344647558880e-05
0503 1.4260134019903890e-04 8.8473606443386941e-05
0504 1.4259810117737818e-04 8.8468902270914308e-05
0505 1.4259486249954388e-04 8.8464210153967144e-05
0506 1.4259162416577098e-04 8.8459538803157026e-05
0507 1.4258838617526326e-04 8.8454874789628692e-05
0508 1.4258514852849352e-04 8.8450248556017967e-05
0509 1.4258191122555415e-04 8.8445652495144081e-05
0510 1.4257867426585482e-04 8.8441067858541610e-05
0511 1.4257543764952316e-04 8.8436504051272378e-05
0512 1.4257220137619888e-04 8.8431955302277368e-05
0513 1.4256896544608935e-04 8.8427431154715187e-05
0514 1.4256572985906822e-04 8.8422922258912510e-05
0515 1.4256249461446372e-04 8.8418418621923929e-05
0516 1.4255925971276421e-04 8.8413943663466361e-05
0517 1.4255602515357091e-04 8.8409486618838649e-05
0518 1.4255279093702470e-04 8.8405052311081822e-05
0519 1.4254955706275417e-04 8.8400631810201509e-05
0520 1.4254632353059141e-04 8.8396230882312386e-05
0521 1.4254309034052943e-04 8.8391859008280117e-05
0522 1.4253985749305574e-04 8.8387519627451235e-05
0523 1.4253662498708646e-04 8.8383180816939964e-05
0524 1.4253339282308057e-04 8.8378867043534219e-05
0525 1.4253016100084390e-04 8.8374570938883307e-05
0526 1.4252692952009216e-04 8.8370288558668031e-05
0527 1.4252369838090631e-04 8.8366025813686340e-05
0528 1.4252046758281287e-04 8.8361780113073671e-05
0529 1.4251723712644569e-04 8.8357569273240439e-05
0530 1.4251400701109410e-04 8.8353366006265700e-05
0531 1.4251077723705598e-04 8.8349178901918064e-05
0532 1.4250754780356076e-04 8.8344993890618318e-05
0533 1.4250431871101255e-04 8.8340833701615513e-05
0534 1.4250108995935009e-04 8.8336693523726717e-05
0535 1.4249786154801853e-04 8.8332563924874131e-05
0536 1.4249463347733163e-04 8.8328464794983750e-05
0537 1.4249140574757501e-04 8.8324386952111009e-05
0538 1.4248817835769403e-04 8.8320302246134311e-05
0539 1.4248495130776519e-04 8.8316234509600079e-05
0540 1.4248172459828111e-04 8.8312200118734725e-05
0541 1.4247849822872634e-04 8.8308178761094600e-05
0542 1.4247527219908647e-04 8.8304176861817753e-05
0543 1.4247204650909065e-04 8.8300191131240478e-05
0544 1.4246882115921786e-04 8.8296232567557968e-05
0545 1.4246559614850668e-04 8.8292273534072455e-05
0546 1.4246237147759089e-04 8.8288340196528140e-05
0547 1.4245914714576893e-04 8.8284412768614804e-05
0548 1.4245592315350204e-04 8.8280509608774710e-05
0549 1.4245269949991445e-04 8.8276612572132159e-05
0550 1.4244947618606888e-04 8.8272751170583158e-05
0551 1.4244625321076755e-04 8.8268886307424360e-05
0552 1.4244303057453373e-04 8.8265042714725389e-05
0553 1.4243980827676093e-04 8.8261207269106013e-05
0554 1.4243658631811875e-04 8.8257398188815002e-05
0555 1.4243336469763038e-04 8.8253588168288525e-05
0556 1.4243014341574819e-04 8.8249800291498464e-05
0557 1.4242692247223919e-04 8.8246024744237253e-05
0558 1.4242370186686452e-04 8.8242261989646882e-05
0559 1.4242048159953587e-04 8.8238517895115740e-05
0560 1.4241726167037617e-04 8.8234799346308826e-05
0561 1.4241404207951462e-04 8.8231099593619148e-05
0562 1.4241082282612479e-04 8.8227398347746859e-05
0563 1.4240760391059159e-04 8.8223716878188023e-05
0564 1.4240438533267595e-04 8.8220050791884227e-05
0565 1.4240116709232482e-04 8.8216400339523736e-05
0566 1.4239794918946365e-04 8.8212765626575432e-05
0567 1.4239473162411034e-04 8.8209143833208197e-05
0568 1.4239151439577553e-04 8.8205525459530013e-05
0569 1.4238829750457544e-04 8.8201922915963669e-05
0570 1.4238508095031692e-04 8.8198339484931335e-05
0571 1.4238186473358223e-04 8.8194780226980845e-05
0572 1.4237864885328655e-04 8.8191210838055764e-05
0573 1.4237543330955607e-04 8.8187654436887102e-05
0574 1.4237221810258570e-04 8.8184124343426541e-05
0575 1.4236900323255167e-04 8.8180613786327779e-05
0576 1.4236578869836636e-04 8.8177099833453631e-05
0577 1.4236257450116061e-04 8.8173617576109634e-05
0578 1.4235936063956313e-04 8.8170131912165169e-05
0579 1.4235614711476498e-04 8.8166680755380692e-05
0580 1.4235293392568795e-04 8.8163226747285366e-05
0581 1.4234972107276663e-04 8.8159790012288234e-05
0582 1.4234650855551032e-04 8.8156358704542768e-05
0583 1.4234329637407780e-04 8.8152945109403505e-05
0584 1.4234008452836000e-04 8.8149544801609613e-05
0585 1.4233687301823142e-04 8.8146156773280046e-05
0586 1.4233366184355218e-04 8.8142779279577226e-05
0587 1.4233045100421301e-04 8.8139414136375547e-05
0588 1.4232724050042893e-04 8.8136063435995156e-05
0589 1.4232403033130706e-04 8.8132708939084997e-05
0590 1.4232082049757793e-04 8.8129382226766361e-05
0591 1.4231761099883691e-04 8.8126066550839265e-05
0592 1.4231440183512512e-04 8.8122760724610035e-05
0593 1.4231119300599432e-04 8.8119457404662989e-05
0594 1.4230798451129084e-04 8.8116167815187874e-05
0595 1.4230477635169696e-04 8.8112908119321114e-05
0596 1.4230156852637578e-04 8.8109646953034445e-05
0597 1.4229836103557897e-04 8.8106401738013271e-05
0598 1.4229515387887011e-04 8.8103163164327501e-05
0599 1.4229194705658353e-04 8.8099944191602248e-05
0600 1.4228874056843903e-04 8.8096732675917256e-05
