# step du_rel dp_rel
# u_rtol 1.0000000000000000e-04
# p_rtol 1.0000000000000000e-03
0001 2.2178484664443529e-04 6.1825780387574419e-03
0002 2.2178009246731493e-04 5.8242765391341997e-03
0003 2.2177554562019536e-04 5.4558972611103871e-03
0004 2.2177112095765261e-04 5.0854124996753602e-03
0005 2.2176676908052450e-04 4.7190434283857540e-03
0006 2.2176246182573273e-04 4.3615577367450906e-03
0007 2.2175818355235220e-04 4.0165218265387822e-03
0008 2.2175392591593706e-04 3.6865172795028473e-03
0009 2.2174968474542777e-04 3.3733230371132180e-03
0010 2.2174545819634249e-04 3.0780675879281678e-03
0011 2.2174124565666324e-04 2.8013605776356781e-03
0012 2.2173704712327269e-04 2.5433974540921044e-03
0013 2.2173286284040767e-04 2.3040519149092023e-03
0014 2.2172869310861949e-04 2.0829492572489146e-03
0015 2.2172453818746830e-04 1.8795273595855933e-03
0016 2.2172039824866342e-04 1.6930895815341037e-03
0017 2.2171627336323179e-04 1.5228446533260347e-03
0018 2.2171216350527946e-04 1.3679407949200389e-03
0019 2.2170806856280955e-04 1.2274934860566551e-03
0020 2.2170398834882481e-04 1.1006072831973687e-03
0021 2.2169992261921636e-04 9.8639194594139106e-04
0022 2.2169587108367277e-04 8.8397673385614260e-04
0023 2.2169183341852195e-04 7.9251812501098982e-04
0024 2.2168780927621118e-04 7.1120780542192094e-04
0025 2.2168379829334026e-04 6.3927443964263448e-04
0026 2.2167980010156832e-04 5.7598452988920064e-04
0027 2.2167581432558806e-04 5.2064234116657490e-04
0028 2.2167184059422912e-04 4.7258366911196359e-04
0029 2.2166787854169620e-04 4.3117241753463871e-04
0030 2.2166392780813873e-04 3.9579510683946599e-04
0031 2.2165998804204827e-04 3.6585469027226240e-04
0032 2.2165605890388953e-04 3.4076727554274911e-04
0033 2.2165214006502666e-04 3.1996421267952737e-04
0034 2.2164823120757814e-04 3.0289488433072822e-04
0035 2.2164433202519288e-04 2.8903342957216062e-04
0036 2.2164044222501708e-04 2.7788699285384295e-04
0037 2.2163656152393544e-04 2.6900534783281757e-04
0038 2.2163268965096926e-04 2.6198591749731928e-04
0039 2.2162882634692489e-04 2.5647786312409630e-04
0040 2.2162497136154520e-04 2.5218228519231317e-04
0041 2.2162112445652134e-04 2.4884954239342470e-04
0042 2.2161728540231348e-04 2.4627496624085224e-04
0043 2.2161345397895738e-04 2.4429325358891514e-04
0044 2.2160962997573374e-04 2.4277246928200167e-04
0045 2.2160581319022972e-04 2.4160860758975654e-04
0046 2.2160200342823840e-04 2.4072024909409443e-04
0047 2.2159820050271585e-04 2.4004417680112137e-04
0048 2.2159440423478343e-04 2.3953137023531614e-04
0049 2.2159061445095255e-04 2.3914430111831656e-04
0050 2.2158683098638478e-04 2.3885390463525456e-04
0051 2.2158305368042265e-04 2.3863812814835169e-04
0052 2.2157928237942099e-04 2.3847996930262787e-04
0053 2.2157551693529278e-04 2.3836645805510220e-04
0054 2.2157175720477167e-04 2.3828768821868333e-04
0055 2.2156800304832502e-04 2.3823605150517056e-04
0056 2.2156425433479123e-04 2.3820552254665421e-04
0057 2.2156051093413803e-04 2.3819173860288787e-04
0058 2.2155677272142304e-04 2.3819116894241329e-04
0059 2.2155303957707747e-04 2.3820101859786842e-04
0060 2.2154931138403566e-04 2.3821925840845638e-04
0061 2.2154558802910473e-04 2.3824423337195688e-04
0062 2.2154186940337762e-04 2.3827460257432829e-04
0063 2.2153815540056705e-04 2.3830933208317801e-04
0064 2.2153444591777328e-04 2.3834763015858729e-04
0065 2.2153074085472246e-04 2.3838883732812979e-04
0066 2.2152704011648076e-04 2.3843237541528595e-04
0067 2.2152334360691988e-04 2.3847797572533770e-04
0068 2.2151965123575737e-04 2.3852517070690338e-04
0069 2.2151596291446559e-04 2.3857373863948175e-04
0070 2.2151227855640599e-04 2.3862351460154067e-04
0071 2.2150859807718072e-04 2.3867430149006444e-04
0072 2.2150492139621125e-04 2.3872587483210361e-04
0073 2.2150124843342691e-04 2.3877820013480520e-04
0074 2.2149757911212300e-04 2.3883117035379512e-04
0075 2.2149391335704943e-04 2.3888469964952682e-04
0076 2.2149025109451220e-04 2.3893883927990597e-04
0077 2.2148659225327476e-04 2.3899338341789092e-04
0078 2.2148293676431979e-04 2.3904838882352118e-04
0079 2.2147928455806376e-04 2.3910382692738879e-04
0080 2.2147563557071685e-04 2.3915953545147964e-04
0081 2.2147198973658037e-04 2.3921560747142495e-04
0082 2.2146834699241405e-04 2.3927201242262888e-04
0083 2.2146470727790231e-04 2.3932866138598469e-04
0084 2.2146107053217193e-04 2.3938562657335537e-04
0085 2.2145743669714502e-04 2.3944283369292814e-04
0086 2.2145380571525188e-04 2.3950024577966815e-04
0087 2.2145017753158133e-04 2.3955783908940343e-04
0088 2.2144655209090880e-04 2.3961572849331796e-04
0089 2.2144292934084969e-04 2.3967369565722297e-04
0090 2.2143930922708885e-04 2.3973196812434412e-04
0091 2.2143569170003137e-04 2.3979023834057279e-04
0092 2.2143207671063519e-04 2.3984857377809966e-04
0093 2.2142846420904086e-04 2.3990702785887979e-04
0094 2.2142485414817156e-04 2.3996557264650373e-04
0095 2.2142124648049055e-04 2.4002422701958995e-04
0096 2.2141764116023765e-04 2.4008288686210819e-04
0097 2.2141403814402892e-04 2.4014148115392042e-04
0098 2.2141043738623282e-04 2.4020014605288068e-04
0099 2.2140683884419273e-04 2.4025876039637833e-04
0100 2.2140324247646570e-04 2.4031724848129683e-04
0101 2.2139964824127666e-04 2.4037568692781907e-04
0102 2.2139605609815090e-04 2.4043403274653883e-04
0103 2.2139246600675976e-04 2.4049231589834611e-04
0104 2.2138887792873843e-04 2.4055036834620948e-04
0105 2.2138529182546873e-04 2.4060826748579302e-04
0106 2.2138170765996075e-04 2.4066595773842011e-04
0107 2.2137812539416949e-04 2.4072352061353021e-04
0108 2.2137454499355369e-04 2.4078079750928472e-04
0109 2.2137096642030769e-04 2.4083795237800118e-04
0110 2.2136738964119730e-04 2.4089470162105966e-04
0111 2.2136381462213272e-04 2.4095120604862298e-04
0112 2.2136024132854445e-04 2.4100747225250341e-04
0113 2.2135666972748021e-04 2.4106349892030174e-04
0114 2.2135309978629092e-04 2.4111917721205504e-04
0115 2.2134953147332105e-04 2.4117452568062165e-04
0116 2.2134596475748019e-04 2.4122953438013859e-04
0117 2.2134239960702672e-04 2.4128425828191146e-04
0118 2.2133883599178140e-04 2.4133859729178554e-04
0119 2.2133527388304691e-04 2.4139250561725878e-04
0120 2.2133171325005316e-04 2.4144613321740521e-04
0121 2.2132815406507037e-04 2.4149931648525518e-04
0122 2.2132459629894030e-04 2.4155214503841603e-04
0123 2.2132103992453475e-04 2.4160456798917999e-04
0124 2.2131748491450561e-04 2.4165654746108949e-04
0125 2.2131393124133551e-04 2.4170815532372449e-04
0126 2.2131037887912364e-04 2.4175931386222671e-04
0127 2.2130682780223789e-04 2.4181002471969332e-04
0128 2.2130327798447147e-04 2.4186035275502649e-04
0129 2.2129972940106301e-04 2.4191023627103065e-04
0130 2.2129618202836499e-04 2.4195962352212234e-04
0131 2.2129263584036454e-04 2.4200870751762605e-04
0132 2.2128909081539974e-04 2.4205722668900871e-04
0133 2.2128554692869319e-04 2.4210536727958690e-04
0134 2.2128200415819937e-04 2.4215298641052776e-04
0135 2.2127846248155529e-04 2.4220016484323629e-04
0136 2.2127492187603009e-04 2.4224692155168704e-04
0137 2.2127138232205427e-04 2.4229316876179721e-04
0138 2.2126784379582800e-04 2.4233914480041013e-04
0139 2.2126430627806540e-04 2.4238453769636503e-04
0140 2.2126076974895780e-04 2.4242943740059616e-04
0141 2.2125723418749035e-04 2.4247397428013421e-04
0142 2.2125369957469191e-04 2.4251802552417335e-04
0143 2.2125016589168546e-04 2.4256159444840204e-04
0144 2.2124663311964135e-04 2.4260476443397665e-04
0145 2.2124310123951223e-04 2.4264750060684634e-04
0146 2.2123957023467233e-04 2.4268968829833213e-04
0147 2.2123604008715824e-04 2.4273146372201168e-04
0148 2.2123251077897039e-04 2.4277286073561821e-04
0149 2.2122898229462608e-04 2.4281376294611582e-04
0150 2.2122545461700173e-04 2.4285423745093809e-04
0151 2.2122192773061180e-04 2.4289420460202286e-04
0152 2.2121840161892499e-04 2.4293382848665938e-04
0153 2.2121487626765329e-04 2.4297297874214906e-04
0154 2.2121135166064423e-04 2.4301173047514281e-04
0155 2.2120782778478428e-04 2.4304995786011597e-04
0156 2.2120430462529585e-04 2.4308780822564197e-04
0157 2.2120078216721274e-04 2.4312531973067500e-04
0158 2.2119726039842026e-04 2.4316230053570019e-04
0159 2.2119373930541862e-04 2.4319889482837177e-04
0160 2.2119021887422459e-04 2.4323515391009166e-04
0161 2.2118669909394932e-04 2.4327092794502190e-04
0162 2.2118317995094343e-04 2.4330634859845858e-04
0163 2.2117966143378129e-04 2.4334143430974556e-04
0164 2.2117614353067022e-04 2.4337603758023245e-04
0165 2.2117262623022366e-04 2.4341026672829877e-04
0166 2.2116910952126528e-04 2.4344411826421734e-04
0167 2.2116559339301515e-04 2.4347760392806302e-04
0168 2.2116207783488373e-04 2.4351068193948866e-04
0169 2.2115856283694250e-04 2.4354336950484660e-04
0170 2.2115504838897583e-04 2.4357571194599453e-04
0171 2.2115153448018973e-04 2.4360777283146548e-04
0172 2.2114802110267785e-04 2.4363932659574489e-04
0173 2.2114450824612655e-04 2.4367056645317219e-04
0174 2.2114099590203552e-04 2.4370154670927700e-04
0175 2.2113748406094762e-04 2.4373211690091717e-04
0176 2.2113397271448457e-04 2.4376236947941119e-04
0177 2.2113046185376876e-04 2.4379227942874284e-04
0178 2.2112695147208456e-04 2.4382177683419140e-04
0179 2.2112344155903653e-04 2.4385114373103457e-04
0180 2.2111993210871875e-04 2.4388004416304182e-04
0181 2.2111642311235124e-04 2.4390871208538020e-04
0182 2.2111291456266053e-04 2.4393704438288144e-04
0183 2.2110940645273121e-04 2.4396502668091140e-04
0184 2.2110589877485470e-04 2.4399276883512816e-04
0185 2.2110239152221196e-04 2.4402022730458754e-04
0186 2.2109888468678122e-04 2.4404745031720990e-04
0187 2.2109537826348858e-04 2.4407415984598215e-04
0188 2.2109187224558162e-04 2.4410063569756460e-04
0189 2.2108836662493374e-04 2.4412698159459480e-04
0190 2.2108486139653198e-04 2.4415298131672528e-04
0191 2.2108135655358761e-04 2.4417870454076547e-04
0192 2.2107785208977352e-04 2.4420417532688873e-04
0193 2.2107434799908799e-04 2.4422935440388216e-04
0194 2.2107084427558154e-04 2.4425424710349127e-04
0195 2.2106734091372173e-04 2.4427888619179986e-04
0196 2.2106383790702476e-04 2.4430334150315943e-04
0197 2.2106033525006604e-04 2.4432752450338047e-04
0198 2.2105683293720669e-04 2.4435150157331811e-04
0199 2.2105333096219528e-04 2.4437528691915306e-04
0200 2.2104982932074976e-04 2.4439874610118295e-04
0201 2.2104632800538468e-04 2.4442209857924681e-04
0202 2.2104282701308414e-04 2.4444505042489363e-04
0203 2.2103932633676921e-04 2.4446789826991966e-04
0204 2.2103582597200015e-04 2.4449054275458909e-04
0205 2.2103232591246793e-04 2.4451306710424005e-04
0206 2.2102882615356628e-04 2.4453529290297281e-04
0207 2.2102532669045425e-04 2.4455726953360638e-04
0208 2.2102182751679493e-04 2.4457908273127515e-04
0209 2.2101832862867282e-04 2.4460060281802416e-04
0210 2.2101483002058350e-04 2.4462190695064381e-04
0211 2.2101133168767894e-04 2.4464312532689628e-04
0212 2.2100783362443072e-04 2.4466412540373694e-04
0213 2.2100433582615336e-04 2.4468495775233041e-04
0214 2.2100083828747788e-04 2.4470566750783385e-04
0215 2.2099734100357359e-04 2.4472617729815664e-04
0216 2.2099384396980727e-04 2.4474647177313293e-04
0217 2.2099034718088263e-04 2.4476664764574448e-04
0218 2.2098685063241599e-04 2.4478655274099597e-04
0219 2.2098335431891181e-04 2.4480635557510097e-04
0220 2.2097985823568345e-04 2.4482599202903244e-04
0221 2.2097636237838563e-04 2.4484544306029569e-04
0222 2.2097286674133742e-04 2.4486477558605720e-04
0223 2.2096937132029971e-04 2.4488388659028312e-04
0224 2.2096587611158920e-04 2.4490284749887611e-04
0225 2.2096238110764265e-04 2.4492192223891273e-04
0226 2.2095888630579438e-04 2.4494066845409597e-04
0227 2.2095539170093487e-04 2.4495926094047078e-04
0228 2.2095189728804022e-04 2.4497772219504444e-04
0229 2.2094840306276911e-04 2.4499596996230982e-04
0230 2.2094490901999382e-04 2.4501408625170234e-04
0231 2.2094141515620065e-04 2.4503198412622901e-04
0232 2.2093792146576205e-04 2.4504990066124855e-04
0233 2.2093442794359622e-04 2.4506768944707410e-04
0234 2.2093093458667524e-04 2.4508530434713010e-04
0235 2.2092744138950513e-04 2.4510277485758936e-04
0236 2.2092394834745608e-04 2.4512015503299044e-04
0237 2.2092045545593842e-04 2.4513739886478260e-04
0238 2.2091696271171271e-04 2.4515444370207023e-04
0239 2.2091347010843253e-04 2.4517149661341670e-04
0240 2.2090997764371759e-04 2.4518830180673496e-04
0241 2.2090648531111079e-04 2.4520516677469385e-04
0242 2.2090299310803841e-04 2.4522176878231011e-04
0243 2.2089950102992505e-04 2.4523829088773843e-04
0244 2.2089600907157297e-04 2.4525477089181700e-04
0245 2.2089251722863331e-04 2.4527114119310720e-04
0246 2.2088902549811712e-04 2.4528725533078794e-04
0247 2.2088553387484742e-04 2.4530330198113958e-04
0248 2.2088204235591927e-04 2.4531922017320879e-04
0249 2.2087855093573752e-04 2.4533509317887858e-04
0250 2.2087505961143904e-04 2.4535080888210710e-04
0251 2.2087156837842428e-04 2.4536650303844533e-04
0252 2.2086807723227956e-04 2.4538212644659266e-04
0253 2.2086458617019957e-04 2.4539753096335435e-04
0254 2.2086109518727894e-04 2.4541288910087000e-04
0255 2.2085760428073543e-04 2.4542809217844425e-04
0256 2.2085411344581357e-04 2.4544324854641736e-04
0257 2.2085062267926118e-04 2.4545833691918531e-04
0258 2.2084713197754953e-04 2.4547324239597212e-04
0259 2.2084364133602313e-04 2.4548814711493978e-04
0260 2.2084015075248109e-04 2.4550280101824770e-04
0261 2.2083666022210656e-04 2.4551744945510372e-04
0262 2.2083316974280714e-04 2.4553191089168831e-04
0263 2.2082967930964198e-04 2.4554640301861200e-04
0264 2.2082618892066977e-04 2.4556072473186114e-04
0265 2.2082269857051764e-04 2.4557510452289402e-04
0266 2.2081920825792187e-04 2.4558920517238992e-04
0267 2.2081571797874953e-04 2.4560322729713581e-04
0268 2.2081222772958050e-04 2.4561719898786406e-04
0269 2.2080873750798217e-04 2.4563108591132401e-04
0270 2.2080524731039075e-04 2.4564482469385514e-04
0271 2.2080175713302299e-04 2.4565857127117224e-04
0272 2.2079826697417993e-04 2.4567211311014582e-04
0273 2.2079477683045742e-04 2.4568558532904759e-04
0274 2.2079128669824069e-04 2.4569903394906404e-04
0275 2.2078779657585783e-04 2.4571229230844972e-04
0276 2.2078430645985100e-04 2.4572550391487215e-04
0277 2.2078081634728969e-04 2.4573862430581626e-04
0278 2.2077732623618367e-04 2.4575167038093701e-04
0279 2.2077383612345637e-04 2.4576465744491333e-04
0280 2.2077034600551955e-04 2.4577763211213090e-04
0281 2.2076685588149958e-04 2.4579035850836028e-04
0282 2.2076336574796074e-04 2.4580307270826736e-04
0283 2.2075987560207016e-04 2.4581565664698893e-04
0284 2.2075638544297060e-04 2.4582806028061190e-04
0285 2.2075289526682189e-04 2.4584057729838563e-04
0286 2.2074940507143468e-04 2.4585294159837915e-04
0287 2.2074591485519976e-04 2.4586514251398911e-04
0288 2.2074242461518330e-04 2.4587728545330865e-04
0289 2.2073893434970690e-04 2.4588933390630636e-04
0290 2.2073544405677356e-04 2.4590127439551253e-04
0291 2.2073195373331433e-04 2.4591318429994206e-04
0292 2.2072846337855122e-04 2.4592490874351833e-04
0293 2.2072497298929373e-04 2.4593664305467921e-04
0294 2.2072148256442028e-04 2.4594826992750224e-04
0295 2.2071799210164868e-04 2.4595980944634553e-04
0296 2.2071450159839748e-04 2.4597129447598244e-04
0297 2.2071101105386511e-04 2.4598256640346081e-04
0298 2.2070752046612893e-04 2.4599376807840265e-04
0299 2.2070402983277468e-04 2.4600492237287981e-04
0300 2.2070053915264237e-04 2.4601596206688957e-04
0301 2.2069704842332072e-04 2.4602694827726145e-04
0302 2.2069355764396532e-04 2.4603778608787763e-04
0303 2.2069006681249898e-04 2.4604859247390258e-04
0304 2.2068657592718154e-04 2.4605932025414668e-04
0305 2.2068308498657968e-04 2.4606997505561027e-04
0306 2.2067959398865798e-04 2.4608052801467444e-04
0307 2.2067610293306282e-04 2.4609089437884916e-04
0308 2.2067261181755345e-04 2.4610127008929715e-04
0309 2.2066912064020613e-04 2.4611159525354820e-04
0310 2.2066562940009616e-04 2.4612174284473350e-04
0311 2.2066213809637764e-04 2.4613186260923141e-04
0312 2.2065864672692956e-04 2.4614183041897725e-04
0313 2.2065515529037588e-04 2.4615177415441652e-04
0314 2.2065166378584718e-04 2.4616160632820260e-04
0315 2.2064817221144269e-04 2.4617140159045484e-04
0316 2.2064468056659270e-04 2.4618106212917376e-04
0317 2.2064118884925643e-04 2.4619069675380941e-04
0318 2.2063769705870894e-04 2.4620018871457068e-04
0319 2.2063420519317310e-04 2.4620958114190966e-04
0320 2.2063071325265099e-04 2.4621877498471500e-04
0321 2.2062722123526883e-04 2.4622798242727838e-04
0322 2.2062372913957053e-04 2.4623718658708948e-04
0323 2.2062023696440997e-04 2.4624627911204141e-04
0324 2.2061674470884033e-04 2.4625521062674155e-04
0325 2.2061325237284502e-04 2.4626404763825646e-04
0326 2.2060975995340376e-04 2.4627286792254776e-04
0327 2.2060626745143202e-04 2.4628151223179864e-04
0328 2.2060277486399916e-04 2.4629021970344741e-04
0329 2.2059928219123038e-04 2.4629877267019415e-04
0330 2.2059578943154606e-04 2.4630723838092370e-04
0331 2.2059229658489190e-04 2.4631555859718076e-04
0332 2.2058880364925394e-04 2.4632393850453608e-04
0333 2.2058531062390643e-04 2.4633219798724757e-04
0334 2.2058181750801356e-04 2.4634034034410148e-04
0335 2.2057832430041359e-04 2.4634838506923894e-04
0336 2.2057483100091125e-04 2.4635628324590393e-04
0337 2.2057133760769671e-04 2.4636419610687082e-04
0338 2.2056784412014498e-04 2.4637201700621579e-04
0339 2.2056435053758341e-04 2.4637972954512762e-04
0340 2.2056085685850623e-04 2.4638743165714561e-04
0341 2.2055736308266663e-04 2.4639496844379492e-04
0342 2.2055386920869549e-04 2.4640241591114120e-04
0343 2.2055037523674870e-04 2.4640973986013199e-04
0344 2.2054688116435688e-04 2.4641714684685967e-04
0345 2.2054338699176997e-04 2.4642438681925341e-04
0346 2.2053989271764502e-04 2.4643162265632285e-04
0347 2.2053639834162251e-04 2.4643867449901304e-04
0348 2.2053290386252374e-04 2.4644565698561763e-04
0349 2.2052940927934687e-04 2.4645262512561911e-04
0350 2.2052591459204032e-04 2.4645945272522486e-04
0351 2.2052241979842249e-04 2.4646630146760829e-04
0352 2.2051892489873755e-04 2.4647297308161715e-04
0353 2.2051542989252656e-04 2.4647967252021413e-04
0354 2.2051193477760499e-04 2.4648630451420533e-04
0355 2.2050843955408387e-04 2.4649278014734631e-04
0356 2.2050494422083279e-04 2.4649922575818148e-04
0357 2.2050144877790818e-04 2.4650547428399061e-04
0358 2.2049795322383670e-04 2.4651175453063072e-04
0359 2.2049445755718778e-04 2.4651810937943258e-04
0360 2.2049096177744425e-04 2.4652428034330128e-04
0361 2.2048746588519057e-04 2.4653030029513935e-04
0362 2.2048396987807054e-04 2.4653633850652018e-04
0363 2.2048047375587069e-04 2.4654231196354678e-04
0364 2.2047697751783298e-04 2.4654815190297449e-04
0365 2.2047348116323141e-04 2.4655394688609340e-04
0366 2.2046998469132709e-04 2.4655968694636528e-04
0367 2.2046648810078196e-04 2.4656543256507037e-04
0368 2.2046299139137694e-04 2.4657105035671891e-04
0369 2.2045949456254819e-04 2.4657657822987634e-04
0370 2.2045599761279699e-04 2.4658212598267966e-04
0371 2.2045250054160946e-04 2.4658759970706329e-04
0372 2.2044900334895098e-04 2.4659288272309505e-04
0373 2.2044550603280574e-04 2.4659823191526878e-04
0374 2.2044200859354620e-04 2.4660345117138234e-04
0375 2.2043851102954265e-04 2.4660867909612568e-04
0376 2.2043501334036931e-04 2.4661381259254964e-04
0377 2.2043151552528535e-04 2.4661885701511533e-04
0378 2.2042801758400605e-04 2.4662384968525587e-04
0379 2.2042451951426116e-04 2.4662892295859192e-04
0380 2.2042102131742807e-04 2.4663377475689938e-04
0381 2.2041752299072260e-04 2.4663876113233010e-04
0382 2.2041402453439927e-04 2.4664359361491049e-04
0383 2.2041052594723470e-04 2.4664833570963053e-04
0384 2.2040702722888431e-04 2.4665294217528791e-04
0385 2.2040352837935214e-04 2.4665748310130343e-04
0386 2.2040002939618976e-04 2.4666216418778444e-04
0387 2.2039653027903231e-04 2.4666680587004424e-04
0388 2.2039303102819132e-04 2.4667125742120177e-04
0389 2.2038953164146312e-04 2.4667576046993449e-04
0390 2.2038603211993460e-04 2.4668010933924213e-04
0391 2.2038253246069585e-04 2.4668456488254113e-04
0392 2.2037903266383405e-04 2.4668892751477327e-04
0393 2.2037553272959316e-04 2.4669307031456123e-04
0394 2.2037203265575506e-04 2.4669731952307866e-04
0395 2.2036853244268809e-04 2.4670150336380848e-04
0396 2.2036503208781332e-04 2.4670565507208106e-04
0397 2.2036153159343924e-04 2.4670978964817228e-04
0398 2.2035803095623430e-04 2.4671378597654152e-04
0399 2.2035453017646027e-04 2.4671783826463948e-04
0400 2.2035102925239513e-04 2.4672185702521364e-04
0401 2.2034752818437490e-04 2.4672571279617651e-04
0402 2.2034402697129060e-04 2.4672957544684057e-04
0403 2.2034052561245687e-04 2.4673338820378825e-04
0404 2.2033702410730345e-04 2.4673715936501665e-04
0405 2.2033352245445672e-04 2.4674102825160714e-04
0406 2.2033002065355233e-04 2.4674479271018923e-04
0407 2.2032651870409017e-04 2.4674857045900206e-04
0408 2.2032301660505500e-04 2.4675227838971090e-04
0409 2.2031951435516110e-04 2.4675601163347033e-04
0410 2.2031601195436726e-04 2.4675960180226079e-04
0411 2.2031250940210095e-04 2.4676312717536854e-04
0412 2.2030900669669622e-04 2.4676668340787878e-04
0413 2.2030550383891987e-04 2.4677009572854401e-04
0414 2.2030200082689380e-04 2.4677359327202042e-04
0415 2.2029849766012644e-04 2.4677710759775812e-04
0416 2.2029499433778382e-04 2.4678058868713581e-04
0417 2.2029149085948255e-04 2.4678400493921375e-04
0418 2.2028798722403104e-04 2.4678742445539005e-04
0419 2.2028448343112831e-04 2.4679075606578570e-04
0420 2.2028097948010393e-04 2.4679401179833672e-04
0421 2.2027747537038491e-04 2.4679726932057088e-04
0422 2.2027397110039242e-04 2.4680058699732112e-04
0423 2.2027046667087136e-04 2.4680382338884601e-04
0424 2.2026696207969661e-04 2.4680712397149354e-04
0425 2.2026345732702822e-04 2.4681034778405538e-04
0426 2.2025995241212710e-04 2.4681352026641786e-04
0427 2.2025644733372375e-04 2.4681673719812624e-04
0428 2.2025294209228601e-04 2.4681985235790112e-04
0429 2.2024943668555317e-04 2.4682306628062456e-04
0430 2.2024593111482515e-04 2.4682607097429237e-04
0431 2.2024242537710940e-04 2.4682920100550483e-04
0432 2.2023891947492712e-04 2.4683211664754459e-04
0433 2.2023541340465325e-04 2.4683525132143750e-04
0434 2.2023190716704741e-04 2.4683834544674606e-04
0435 2.2022840076127751e-04 2.4684138643926365e-04
0436 2.2022489418615945e-04 2.4684442776020440e-04
0437 2.2022138744234697e-04 2.4684729858911715e-04
0438 2.2021788052836689e-04 2.4685024878340480e-04
0439 2.2021437344374220e-04 2.4685320543504864e-04
0440 2.2021086618828029e-04 2.4685613738299007e-04
0441 2.2020735876001436e-04 2.4685913139189686e-04
0442 2.2020385116077818e-04 2.4686194647538414e-04
0443 2.2020034338789249e-04 2.4686492054664289e-04
0444 2.2019683544198052e-04 2.4686777129933387e-04
0445 2.2019332732157039e-04 2.4687070033400991e-04
0446 2.2018981902662891e-04 2.4687354036539213e-04
0447 2.2018631055709936e-04 2.4687634190717145e-04
0448 2.2018280191175594e-04 2.4687916319528512e-04
0449 2.2017929308997016e-04 2.4688197905364979e-04
0450 2.2017578409248240e-04 2.4688470556401688e-04
0451 2.2017227491712995e-04 2.4688756279203617e-04
0452 2.2016876556462848e-04 2.4689034642277517e-04
0453 2.2016525603370382e-04 2.4689317571469766e-04
0454 2.2016174632470074e-04 2.4689593755039020e-04
0455 2.2015823643633281e-04 2.4689878183213203e-04
0456 2.2015472636786800e-04 2.4690160033892435e-04
0457 2.2015121612063717e-04 2.4690424952773430e-04
0458 2.2014770569276534e-04 2.4690697361702329e-04
0459 2.2014419508357784e-04 2.4690977878789796e-04
0460 2.2014068429361574e-04 2.4691242343610905e-04
0461 2.2013717332240688e-04 2.4691508817659369e-04
0462 2.2013366216860393e-04 2.4691785488695336e-04
0463 2.2013015083229717e-04 2.4692057405997152e-04
0464 2.2012663931355754e-04 2.4692318214016766e-04
0465 2.2012312761189972e-04 2.4692583561546761e-04
0466 2.2011961572626569e-04 2.4692863197572522e-04
0467 2.2011610365671677e-04 2.4693130647258942e-04
0468 2.2011259140319457e-04 2.4693393922029872e-04
0469 2.2010907896518532e-04 2.4693659269434321e-04
0470 2.2010556634194516e-04 2.4693931289237434e-04
0471 2.2010205353347424e-04 2.4694198919372837e-04
0472 2.2009854053958155e-04 2.4694462883612811e-04
0473 2.2009502735961795e-04 2.4694728799828426e-04
0474 2.2009151399375354e-04 2.4694990396110925e-04
0475 2.2008800044125390e-04 2.4695252854156998e-04
0476 2.2008448670252735e-04 2.4695514074456312e-04
0477 2.2008097277622916e-04 2.4695787036240770e-04
0478 2.2007745866248199e-04 2.4696052271080005e-04
0479 2.2007394436207705e-04 2.4696309736128326e-04
0480 2.2007042987309274e-04 2.4696579466482741e-04
0481 2.2006691519643924e-04 2.4696839206646607e-04
0482 2.2006340033158919e-04 2.4697102638547618e-04
0483 2.2005988527805837e-04 2.4697365832180283e-04
0484 2.2005637003610199e-04 2.4697627261828975e-04
0485 2.2005285460470641e-04 2.4697892897009781e-04
0486 2.2004933898491001e-04 2.4698145770903421e-04
0487 2.2004582317531032e-04 2.4698409434613410e-04
0488 2.2004230717664850e-04 2.4698665926006514e-04
0489 2.2003879098770473e-04 2.4698928876670285e-04
0490 2.2003527460953405e-04 2.4699179331463632e-04
0491 2.2003175804124914e-04 2.4699437964373361e-04
0492 2.2002824128251845e-04 2.4699698036956746e-04
0493 2.2002472433369611e-04 2.4699950756320839e-04
0494 2.2002120719467896e-04 2.4700204240375945e-04
0495 2.2001768986469237e-04 2.4700464628571575e-04
0496 2.2001417234442975e-04 2.4700720509893419e-04
0497 2.2001065463311763e-04 2.4700983840746885e-04
0498 2.2000713673071503e-04 2.4701246471474619e-04
0499 2.2000361863687510e-04 2.4701505663477793e-04
0500 2.2000010035244958e-04 2.4701759264572626e-04
0501 2.1999658187662896e-04 2.4702010957754081e-04
0502 2.1999306320922142e-04 2.4702265603504341e-04
0503 2.1998954435057563e-04 2.4702519648306766e-04
0504 2.1998602530045032e-04 2.4702770831042456e-04
0505 2.1998250605822191e-04 2.4703028522249550e-04
0506 2.1997898662512260e-04 2.4703275125072613e-04
0507 2.1997546699924840e-04 2.4703539747295428e-04
0508 2.1997194718202374e-04 2.4703786801844111e-04
0509 2.1996842717306289e-04 2.4704037146346987e-04
0510 2.1996490697178580e-04 2.4704292055150687e-04
0511 2.1996138657877170e-04 2.4704542225834655e-04
0512 2.1995786599335643e-04 2.4704797059365468e-04
0513 2.1995434521621772e-04 2.4705046215134640e-04
0514 2.1995082424686112e-04 2.4705304653028359e-04
0515 2.1994730308487153e-04 2.4705561542539547e-04
0516 2.1994378173115540e-04 2.4705807178621801e-04
0517 2.1994026018484135e-04 2.4706058642030848e-04
0518 2.1993673844659318e-04 2.4706308664259414e-04
0519 2.1993321651541249e-04 2.4706560583331194e-04
0520 2.1992969439218365e-04 2.4706799183075268e-04
0521 2.1992617207670231e-04 2.4707049598318324e-04
0522 2.1992264956917734e-04 2.4707286931506425e-04
0523 2.1991912686918400e-04 2.4707535002320408e-04
0524 2.1991560397613131e-04 2.4707790822000160e-04
0525 2.1991208089130508e-04 2.4708033721839020e-04
0526 2.1990855761360549e-04 2.4708283677550178e-04
0527 2.1990503414374751e-04 2.4708528741925042e-04
0528 2.1990151048134152e-04 2.4708776729695389e-04
0529 2.1989798662630842e-04 2.4709019288956304e-04
0530 2.1989446257898379e-04 2.4709261730926357e-04
0531 2.1989093833931940e-04 2.4709498410462657e-04
0532 2.1988741390737543e-04 2.4709738929491585e-04
0533 2.1988388928253404e-04 2.4709985683472538e-04
0534 2.1988036446505031e-04 2.4710225810521783e-04
0535 2.1987683945570984e-04 2.4710458429912173e-04
0536 2.1987331425371855e-04 2.4710699339465644e-04
0537 2.1986978885932612e-04 2.4710938167753135e-04
0538 2.1986626327227910e-04 2.4711178854727592e-04
0539 2.1986273749284872e-04 2.4711416262012466e-04
0540 2.1985921152066864e-04 2.4711655501181973e-04
0541 2.1985568535706784e-04 2.4711884273215717e-04
0542 2.1985215899986252e-04 2.4712133210476344e-04
0543 2.1984863245044122e-04 2.4712366451475249e-04
0544 2.1984510570896191e-04 2.4712597938995201e-04
0545 2.1984157877505869e-04 2.4712830820018054e-04
0546 2.1983805164793927e-04 2.4713069074724106e-04
0547 2.1983452432926739e-04 2.4713293628007122e-04
0548 2.1983099681733702e-04 2.4713528885126024e-04
0549 2.1982746911380265e-04 2.4713751373620985e-04
0550 2.1982394121673797e-04 2.4713987713409339e-04
0551 2.1982041312809577e-04 2.4714209761467318e-04
0552 2.1981688484684495e-04 2.4714436065814878e-04
0553 2.1981335637274503e-04 2.4714667199529747e-04
0554 2.1980982770590049e-04 2.4714892617752393e-04
0555 2.1980629884781465e-04 2.4715109586962239e-04
0556 2.1980276979532667e-04 2.4715348771314191e-04
0557 2.1979924055148613e-04 2.4715565099763209e-04
0558 2.1979571111496401e-04 2.4715780309910482e-04
0559 2.1979218148545195e-04 2.4716000520284793e-04
0560 2.1978865166384244e-04 2.4716211314310414e-04
0561 2.1978512164932647e-04 2.4716429398823840e-04
0562 2.1978159144223609e-04 2.4716648864947049e-04
0563 2.1977806104235233e-04 2.4716866720602153e-04
0564 2.1977453044987120e-04 2.4717081881860326e-04
0565 2.1977099966411398e-04 2.4717299169015473e-04
0566 2.1976746868660493e-04 2.4717508316165923e-04
0567 2.1976393751524983e-04 2.4717726082332909e-04
0568 2.1976040615187580e-04 2.4717935454691991e-04
0569 2.1975687459548164e-04 2.4718147478605066e-04
0570 2.1975334284525506e-04 2.4718364122746858e-04
0571 2.1974981090294252e-04 2.4718569330240894e-04
0572 2.1974627876752449e-04 2.4718772644015771e-04
0573 2.1974274643903529e-04 2.4718979556818374e-04
0574 2.1973921391729129e-04 2.4719190117094956e-04
0575 2.1973568120206113e-04 2.4719398793913208e-04
0576 2.1973214829382000e-04 2.4719597270939168e-04
0577 2.1972861519234396e-04 2.4719797508100682e-04
0578 2.1972508189729452e-04 2.4719998436305361e-04
0579 2.1972154840896915e-04 2.4720191590583805e-04
0580 2.1971801472721772e-04 2.4720386216154207e-04
0581 2.1971448085202197e-04 2.4720581233478978e-04
0582 2.1971094678310796e-04 2.4720774941500823e-04
0583 2.1970741252047096e-04 2.4720971788920329e-04
0584 2.1970387806399897e-04 2.4721167761117003e-04
0585 2.1970034341361772e-04 2.4721360082168513e-04
0586 2.1969680856930560e-04 2.4721547547452039e-04
0587 2.1969327353156046e-04 2.4721735697579505e-04
0588 2.1968973829881129e-04 2.4721934360390961e-04
0589 2.1968620287220685e-04 2.4722111976343907e-04
0590 2.1968266725173682e-04 2.4722290124300417e-04
0591 2.1967913143621735e-04 2.4722476654556735e-04
0592 2.1967559542732944e-04 2.4722657389311854e-04
0593 2.1967205922283621e-04 2.4722846998716317e-04
0594 2.1966852282452370e-04 2.4723024147783293e-04
0595 2.1966498623059245e-04 2.4723213276608372e-04
0596 2.1966144944229410e-04 2.4723388563811349e-04
0597 2.1965791245876295e-04 2.4723567424290310e-04
0598 2.1965437528042759e-04 2.4723736748356358e-04
0599 2.1965083790694188e-04 2.4723907343401371e-04
0600 2.1964730033834564e-04 2.4724079711017677e-04
