# step du_rel dp_rel
# u_rtol 1.0000000000000000e-04
# p_rtol 1.0000000000000000e-03
0001 2.2109506425889132e-04 6.3530345219812313e-03
0002 2.2109056576649267e-04 5.9865863478132360e-03
0003 2.2108627149104848e-04 5.6090132055106540e-03
0004 2.2108209741456255e-04 5.2288449242476895e-03
0005 2.2107799495884293e-04 4.8526911722994856e-03
0006 2.2107393653583428e-04 4.4855837975673546e-03
0007 2.2106990688750108e-04 4.1312652488414018e-03
0008 2.2106589791178637e-04 3.7924290419087715e-03
0009 2.2106190558214323e-04 3.4709202468412850e-03
0010 2.2105792812890634e-04 3.1679019810212017e-03
0011 2.2105396497236075e-04 2.8839947334797673e-03
0012 2.2105001611116566e-04 2.6193903415463750e-03
0013 2.2104608177768881e-04 2.3739472736746324e-03
0014 2.2104216225133914e-04 2.1472689820808046e-03
0015 2.2103825776620631e-04 1.9387678987627362e-03
0016 2.2103436846869116e-04 1.7477185516325084e-03
0017 2.2103049440731767e-04 1.5732998628883704e-03
0018 2.2102663553470999e-04 1.4146305070347064e-03
0019 2.2102279172017713e-04 1.2707962781814393e-03
0020 2.2101896276277558e-04 1.1408724162812027e-03
0021 2.2101514840485310e-04 1.0239408130394772e-03
0022 2.2101134834613415e-04 9.1910262791597961e-04
0023 2.2100756225462180e-04 8.2548789120839882e-04
0024 2.2100378977694542e-04 7.4226148480629485e-04
0025 2.2100003054528752e-04 6.6862639671295249e-04
0026 2.2099628418555787e-04 6.0382399637640756e-04
0027 2.2099255032133748e-04 5.4713260373675458e-04
0028 2.2098882857915302e-04 4.9786381210627673e-04
0029 2.2098511858975375e-04 4.5535830290444480e-04
0030 2.2098141999266218e-04 4.1898008010819027e-04
0031 2.2097773243623999e-04 3.8811327395699136e-04
0032 2.2097405557916746e-04 3.6215974414810606e-04
0033 2.2097038909174303e-04 3.4053988634412364e-04
0034 2.2096673265547108e-04 3.2269679621646237e-04
0035 2.2096308596410020e-04 3.0810231411112186e-04
0036 2.2095944872251250e-04 2.9626487065300203e-04
0037 2.2095582064792025e-04 2.8673605736563926e-04
0038 2.2095220146849595e-04 2.7911623921061273e-04
0039 2.2094859092390687e-04 2.7305679645938551e-04
0040 2.2094498876361847e-04 2.6825998350613143e-04
0041 2.2094139474819539e-04 2.6447598232924330e-04
0042 2.2093780864751306e-04 2.6149879425102447e-04
0043 2.2093423024086459e-04 2.5916076324661162e-04
0044 2.2093065931648413e-04 2.5732702648439395e-04
0045 2.2092709567145288e-04 2.5589008137582236e-04
0046 2.2092353911014746e-04 2.5476493638754133e-04
0047 2.2091998944563342e-04 2.5388464434383541e-04
0048 2.2091644649719413e-04 2.5319683706877141e-04
0049 2.2091290981231766e-04 2.5268256869974751e-04
0050 2.2090937983546170e-04 2.5225574537420052e-04
0051 2.2090585606112929e-04 2.5192698160687226e-04
0052 2.2090233833782562e-04 2.5167565751964234e-04
0053 2.2089882651953662e-04 2.5148574867096281e-04
0054 2.2089532046372062e-04 2.5134483118115436e-04
0055 2.2089182003374839e-04 2.5124309989209352e-04
0056 2.2088832509627976e-04 2.5117292520950680e-04
0057 2.2088483552296456e-04 2.5112823927594914e-04
0058 2.2088135118932212e-04 2.5110425333181938e-04
0059 2.2087787197453969e-04 2.5109715159563946e-04
0060 2.2087439776224960e-04 2.5110384429002621e-04
0061 2.2087092843925141e-04 2.5112189156629300e-04
0062 2.2086746389610078e-04 2.5114929208896835e-04
0063 2.2086400402677425e-04 2.5118443031194379e-04
0064 2.2086054872812031e-04 2.5122600133890035e-04
0065 2.2085709790053702e-04 2.5127291406101202e-04
0066 2.2085365144708570e-04 2.5132429001135568e-04
0067 2.2085020927391713e-04 2.5137940690422839e-04
0068 2.2084677128965581e-04 2.5143766893051821e-04
0069 2.2084333740568542e-04 2.5149858132387755e-04
0070 2.2083990753608834e-04 2.5156172651227978e-04
0071 2.2083648159708933e-04 2.5162678233806002e-04
0072 2.2083305950724132e-04 2.5169346649969975e-04
0073 2.2082964118780326e-04 2.5176153358231096e-04
0074 2.2082622656156725e-04 2.5183081439705135e-04
0075 2.2082281555373500e-04 2.5190113367768422e-04
0076 2.2081940809157488e-04 2.5197234989887647e-04
0077 2.2081600410406494e-04 2.5204435528242489e-04
0078 2.2081260352241761e-04 2.5211703917820419e-04
0079 2.2080920627918127e-04 2.5219034809025032e-04
0080 2.2080581230895000e-04 2.5226419345364599e-04
0081 2.2080242154776076e-04 2.5233851501244524e-04
0082 2.2079903393367964e-04 2.5241324865560245e-04
0083 2.2079564940567464e-04 2.5248836273558439e-04
0084 2.2079226790489400e-04 2.5256378119450229e-04
0085 2.2078888937346791e-04 2.5263948425185528e-04
0086 2.2078551375533459e-04 2.5271541715096089e-04
0087 2.2078214099516551e-04 2.5279156846780482e-04
0088 2.2077877103968439e-04 2.5286786738522521e-04
0089 2.2077540383637156e-04 2.5294430222469905e-04
0090 2.2077203933405911e-04 2.5302084208443534e-04
0091 2.2076867748264234e-04 2.5309745099624998e-04
0092 2.2076531823344425e-04 2.5317407773211095e-04
0093 2.2076196153881426e-04 2.5325070586096641e-04
0094 2.2075860735162916e-04 2.5332732444695988e-04
0095 2.2075525562668412e-04 2.5340386070374821e-04
0096 2.2075190631901391e-04 2.5348032231740019e-04
0097 2.2074855938492843e-04 2.5355666310232375e-04
0098 2.2074521478173838e-04 2.5363285210411595e-04
0099 2.2074187246725588e-04 2.5370887884736056e-04
0100 2.2073853240065107e-04 2.5378468931204582e-04
0101 2.2073519454168309e-04 2.5386027307466250e-04
0102 2.2073185885093538e-04 2.5393561129844920e-04
0103 2.2072852528955264e-04 2.5401068746571705e-04
0104 2.2072519381971222e-04 2.5408545334524712e-04
0105 2.2072186440440862e-04 2.5415988854280818e-04
0106 2.2071853700706117e-04 2.5423398669125705e-04
0107 2.2071521159165499e-04 2.5430772817984417e-04
0108 2.2071188812350004e-04 2.5438106005172886e-04
0109 2.2070856656788098e-04 2.5445399607004597e-04
0110 2.2070524689071531e-04 2.5452651908719948e-04
0111 2.2070192905924497e-04 2.5459856722208438e-04
0112 2.2069861304047111e-04 2.5467018628946424e-04
0113 2.2069529880233319e-04 2.5474133724405788e-04
0114 2.2069198631334989e-04 2.5481200271851968e-04
0115 2.2068867554247499e-04 2.5488217334676398e-04
0116 2.2068536645928968e-04 2.5495183356857263e-04
0117 2.2068205903362967e-04 2.5502097757568144e-04
0118 2.2067875323644341e-04 2.5508956307004232e-04
0119 2.2067544903841142e-04 2.5515762609248905e-04
0120 2.2067214628412334e-04 2.5523371824507561e-04
0121 2.2066884521427651e-04 2.5530600796955976e-04
0122 2.2066554565500069e-04 2.5537372007281429e-04
0123 2.2066224758047811e-04 2.5543851825860295e-04
0124 2.2065895096523742e-04 2.5550149959023186e-04
0125 2.2065565578375645e-04 2.5556338406187453e-04
0126 2.2065236201075037e-04 2.5562460078351135e-04
0127 2.2064906962150865e-04 2.5568538059889714e-04
0128 2.2064577859119488e-04 2.5574587909135287e-04
0129 2.2064248889568403e-04 2.5580613034247767e-04
0130 2.2063920051089420e-04 2.5586615942630760e-04
0131 2.2063591341317832e-04 2.5592594114052516e-04
0132 2.2063262757953222e-04 2.5598542693413981e-04
0133 2.2062934298686094e-04 2.5604460407043064e-04
0134 2.2062605961281262e-04 2.5610340626273118e-04
0135 2.2062277743522876e-04 2.5616179733635013e-04
0136 2.2061949643261051e-04 2.5621973056961790e-04
0137 2.2061621658338079e-04 2.5627719657685496e-04
0138 2.2061293786681735e-04 2.5633414094751493e-04
0139 2.2060966026223104e-04 2.5639055744249120e-04
0140 2.2060638374950083e-04 2.5644641608184337e-04
0141 2.2060310830883249e-04 2.5650170825816145e-04
0142 2.2059983392074700e-04 2.5655642258783751e-04
0143 2.2059656056615048e-04 2.5661054500175352e-04
0144 2.2059328822648187e-04 2.5666406505650622e-04
0145 2.2059001688318926e-04 2.5671699898898744e-04
0146 2.2058674651843330e-04 2.5676932109353827e-04
0147 2.2058347711449963e-04 2.5682104588547545e-04
0148 2.2058020865413361e-04 2.5687216264475688e-04
0149 2.2057694112051547e-04 2.5692267788517261e-04
0150 2.2057367449691294e-04 2.5697261163940059e-04
0151 2.2057040876710961e-04 2.5702195747414317e-04
0152 2.2056714391515000e-04 2.5707071807228168e-04
0153 2.2056387992555531e-04 2.5711889097301436e-04
0154 2.2056061678298440e-04 2.5716649196715367e-04
0155 2.2055735447254642e-04 2.5721351835770274e-04
0156 2.2055409297978869e-04 2.5725997586630278e-04
0157 2.2055083229019601e-04 2.5730589948955618e-04
0158 2.2054757238978417e-04 2.5735127410121195e-04
0159 2.2054431326509280e-04 2.5739609166119547e-04
0160 2.2054105490256333e-04 2.5744038512707195e-04
0161 2.2053779728920485e-04 2.5748414685304767e-04
0162 2.2053454041217057e-04 2.5752739282350491e-04
0163 2.2053128425893650e-04 2.5757011972998812e-04
0164 2.2052802881739069e-04 2.5761233037392825e-04
0165 2.2052477407548846e-04 2.5765404178808255e-04
0166 2.2052152002162342e-04 2.5769525913926474e-04
0167 2.2051826664436377e-04 2.5773599586390348e-04
0168 2.2051501393235905e-04 2.5777626644764154e-04
0169 2.2051176187491144e-04 2.5781604681849148e-04
0170 2.2050851046122595e-04 2.5785536591820413e-04
0171 2.2050525968085287e-04 2.5789422698065524e-04
0172 2.2050200952364077e-04 2.5793262909844022e-04
0173 2.2049875997960932e-04 2.5797059052268874e-04
0174 2.2049551103875257e-04 2.5800812473151315e-04
0175 2.2049226269176513e-04 2.5804520492552413e-04
0176 2.2048901492918493e-04 2.5808186259167052e-04
0177 2.2048576774171162e-04 2.5811810524681061e-04
0178 2.2048252112058617e-04 2.5815391964419880e-04
0179 2.2047927505687201e-04 2.5818934351775247e-04
0180 2.2047602954190472e-04 2.5822436762168005e-04
0181 2.2047278456723620e-04 2.5825900063196605e-04
0182 2.2046954012453000e-04 2.5829323861496263e-04
0183 2.2046629620573667e-04 2.5832708549582156e-04
0184 2.2046305280276943e-04 2.5836056474307046e-04
0185 2.2045980990770915e-04 2.5839367614938072e-04
0186 2.2045656751296656e-04 2.5842641482150567e-04
0187 2.2045332561085155e-04 2.5845880042828505e-04
0188 2.2045008419385227e-04 2.5849083046500004e-04
0189 2.2044684325475341e-04 2.5852250954145131e-04
0190 2.2044360278609268e-04 2.5855386462911452e-04
0191 2.2044036278086849e-04 2.5858487407814809e-04
0192 2.2043712323197376e-04 2.5861555566038556e-04
0193 2.2043388413250641e-04 2.5864591109299749e-04
0194 2.2043064547555769e-04 2.5867595584995196e-04
0195 2.2042740725434782e-04 2.5870569139037152e-04
0196 2.2042416946214773e-04 2.5873512217228423e-04
0197 2.2042093209237687e-04 2.5876424721697620e-04
0198 2.2041769513839421e-04 2.5879307807829779e-04
0199 2.2041445859375503e-04 2.5882161146455521e-04
0200 2.2041122245210692e-04 2.5884985276226164e-04
0201 2.2040798670700380e-04 2.5887782279722095e-04
0202 2.2040475135203118e-04 2.5890552709357075e-04
0203 2.2040151638101583e-04 2.5893295566201493e-04
0204 2.2039828178775495e-04 2.5896010763814159e-04
0205 2.2039504756604368e-04 2.5898700605104315e-04
0206 2.2039181370966791e-04 2.5901365627482110e-04
0207 2.2038858021261400e-04 2.5904004959316479e-04
0208 2.2038534706873036e-04 2.5906619747579989e-04
0209 2.2038211427213823e-04 2.5909209059224507e-04
0210 2.2037888181668710e-04 2.5911775688627979e-04
0211 2.2037564969647826e-04 2.5914318203550097e-04
0212 2.2037241790558122e-04 2.5916837878046380e-04
0213 2.2036918643801270e-04 2.5919335252420716e-04
0214 2.2036595528802141e-04 2.5921809473185921e-04
0215 2.2036272444962690e-04 2.5924262753966479e-04
0216 2.2035949391712169e-04 2.5926694505703558e-04
0217 2.2035626368462126e-04 2.5929106736730030e-04
0218 2.2035303374622314e-04 2.5931498814387929e-04
0219 2.2034980409628809e-04 2.5933869437890021e-04
0220 2.2034657472911511e-04 2.5936219260251620e-04
0221 2.2034334563892312e-04 2.5938549937548210e-04
0222 2.2034011682001871e-04 2.5940861703729651e-04
0223 2.2033688826671107e-04 2.5943154819171426e-04
0224 2.2033365997339098e-04 2.5945428714155288e-04
0225 2.2033043193445194e-04 2.5947684021832929e-04
0226 2.2032720414420513e-04 2.5949921737570267e-04
0227 2.2032397659727971e-04 2.5952140993440909e-04
0228 2.2032074928784431e-04 2.5954344884826730e-04
0229 2.2031752221053459e-04 2.5956530645425147e-04
0230 2.2031429535989360e-04 2.5958699169125371e-04
0231 2.2031106873033452e-04 2.5960851624333984e-04
0232 2.2030784231662673e-04 2.5962987225015724e-04
0233 2.2030461611302878e-04 2.5965109028057052e-04
0234 2.2030139011448494e-04 2.5967212379587591e-04
0235 2.2029816431545660e-04 2.5969300888200139e-04
0236 2.2029493871081332e-04 2.5971372791662429e-04
0237 2.2029171329512488e-04 2.5973430699203576e-04
0238 2.2028848806328972e-04 2.5975473504587644e-04
0239 2.2028526300999486e-04 2.5977502210132295e-04
0240 2.2028203813011211e-04 2.5979515935228500e-04
0241 2.2027881341862723e-04 2.5981514802565536e-04
0242 2.2027558887037193e-04 2.5983500351276862e-04
0243 2.2027236448028648e-04 2.5985472089244828e-04
0244 2.2026914024347684e-04 2.5987429360327857e-04
0245 2.2026591615499264e-04 2.5989373125556952e-04
0246 2.2026269220980948e-04 2.5991304042346873e-04
0247 2.2025946840336413e-04 2.5993219787952862e-04
0248 2.2025624473061950e-04 2.5995124759882579e-04
0249 2.2025302118678435e-04 2.5997017148409281e-04
0250 2.2024979776739067e-04 2.5998894509662309e-04
0251 2.2024657446764373e-04 2.6000759938607808e-04
0252 2.2024335128298557e-04 2.6002612382916324e-04
0253 2.2024012820888759e-04 2.6004452003750743e-04
0254 2.2023690524095244e-04 2.6006278767312012e-04
0255 2.2023368237466013e-04 2.6008094139850260e-04
0256 2.2023045960566009e-04 2.6009897444654201e-04
0257 2.2022723692965385e-04 2.6011688524611216e-04
0258 2.2022401434236861e-04 2.6013468038692061e-04
0259 2.2022079183961580e-04 2.6015235112553954e-04
0260 2.2021756941732407e-04 2.6016990090947195e-04
0261 2.2021434707133141e-04 2.6018732898913248e-04
0262 2.2021112479771816e-04 2.6020463556214967e-04
0263 2.2020790259248333e-04 2.6022183264460961e-04
0264 2.2020468045177920e-04 2.6023891917055394e-04
0265 2.2020145837165994e-04 2.6025590324866633e-04
0266 2.2019823634833964e-04 2.6027276968412089e-04
0267 2.2019501437826745e-04 2.6028950721203602e-04
0268 2.2019179245768956e-04 2.6030613088871276e-04
0269 2.2018857058301902e-04 2.6032264346218475e-04
0270 2.2018534875076844e-04 2.6033904229814036e-04
0271 2.2018212695750611e-04 2.6035533419779860e-04
0272 2.2017890519964250e-04 2.6037153194363364e-04
0273 2.2017568347394264e-04 2.6038760653195172e-04
0274 2.2017246177719082e-04 2.6040356598960336e-04
0275 2.2016924010600123e-04 2.6041942887325290e-04
0276 2.2016601845729498e-04 2.6043517669285923e-04
0277 2.2016279682792375e-04 2.6045081510434553e-04
0278 2.2015957521479869e-04 2.6046634585343118e-04
0279 2.2015635361496974e-04 2.6048175938492909e-04
0280 2.2015313202546936e-04 2.6049706461429546e-04
0281 2.2014991044346719e-04 2.6051225866121247e-04
0282 2.2014668886601445e-04 2.6052735598440665e-04
0283 2.2014346729039663e-04 2.6054234189350288e-04
0284 2.2014024571389459e-04 2.6055722033949260e-04
0285 2.2013702413377394e-04 2.6057199495813088e-04
0286 2.2013380254755729e-04 2.6058666011821745e-04
0287 2.2013058095241334e-04 2.6060123730229604e-04
0288 2.2012735934594401e-04 2.6061569377495861e-04
0289 2.2012413772576824e-04 2.6063002845747398e-04
0290 2.2012091608935710e-04 2.6064426644812575e-04
0291 2.2011769443439197e-04 2.6065839272506870e-04
0292 2.2011447275854774e-04 2.6067242129812523e-04
0293 2.2011125105933602e-04 2.6068635869967206e-04
0294 2.2010802933474365e-04 2.6070017043756770e-04
0295 2.2010480758247479e-04 2.6071387847510509e-04
0296 2.2010158580037007e-04 2.6072747806565405e-04
0297 2.2009836398637149e-04 2.6074097060893624e-04
0298 2.2009514213836804e-04 2.6075436483959227e-04
0299 2.2009192025424523e-04 2.6076766069565771e-04
0300 2.2008869833210035e-04 2.6078084298736715e-04
0301 2.2008547636989204e-04 2.6079392442238922e-04
0302 2.2008225436574954e-04 2.6080689413770315e-04
0303 2.2007903231783632e-04 2.6081975924946660e-04
0304 2.2007581022415748e-04 2.6083253159239284e-04
0305 2.2007258808291001e-04 2.6084519453646929e-04
0306 2.2006936589239110e-04 2.6085774064222206e-04
0307 2.2006614365078603e-04 2.6087018460794911e-04
0308 2.2006292135643221e-04 2.6088252410603059e-04
0309 2.2005969900752099e-04 2.6089477170486907e-04
0310 2.2005647660241405e-04 2.6090691202891586e-04
0311 2.2005325402125323e-04 2.6088661506497432e-04
0312 2.2005003149518622e-04 2.6090854419346196e-04
0313 2.2004680891093316e-04 2.6092788056264406e-04
0314 2.2004358626574801e-04 2.6094518756820175e-04
0315 2.2004036355704711e-04 2.6096095651497418e-04
0316 2.2003714078299300e-04 2.6097551056187472e-04
0317 2.2003391794181177e-04 2.6098912949856502e-04
0318 2.2003069503190328e-04 2.6100200994832898e-04
0319 2.2002747205183306e-04 2.6101430573133300e-04
0320 2.2002424900001300e-04 2.6102614759595215e-04
0321 2.2002102587510532e-04 2.6103760921402410e-04
0322 2.2001780267569883e-04 2.6104876280978685e-04
0323 2.2001457940040454e-04 2.6105966104495457e-04
0324 2.2001135604793388e-04 2.6107034028756231e-04
0325 2.2000813261694580e-04 2.6108084193045918e-04
0326 2.2000490910604534e-04 2.6109119154100270e-04
0327 2.2000168551404185e-04 2.6110139934950834e-04
0328 2.1999846183964460e-04 2.6111148924043307e-04
0329 2.1999523808131699e-04 2.6112146614968310e-04
0330 2.1999201423815188e-04 2.6113133280893780e-04
0331 2.1998879030868409e-04 2.6114110602693891e-04
0332 2.1998556629183796e-04 2.6115077531690511e-04
0333 2.1998234218621087e-04 2.6116036570467019e-04
0334 2.1997911799069653e-04 2.6116986715659762e-04
0335 2.1997589370403473e-04 2.6117928649670559e-04
0336 2.1997266932504195e-04 2.6118861909880009e-04
0337 2.1996944485256628e-04 2.6119786940350759e-04
0338 2.1996622028534746e-04 2.6120704001409084e-04
0339 2.1996299562231984e-04 2.6121612105653951e-04
0340 2.1995977086222931e-04 2.6122513183363734e-04
0341 2.1995654600397998e-04 2.6123405644997637e-04
0342 2.1995332104637639e-04 2.6124290267689305e-04
0343 2.1995009598833288e-04 2.6125166058717827e-04
0344 2.1994687082870390e-04 2.6126034189208081e-04
0345 2.1994364556633108e-04 2.6126894559123307e-04
0346 2.1994042020011365e-04 2.6127746544440548e-04
0347 2.1993719472893750e-04 2.6128589927027228e-04
0348 2.1993396915179016e-04 2.6129424675340538e-04
0349 2.1993074346742406e-04 2.6130252860394711e-04
0350 2.1992751767475796e-04 2.6131072691002312e-04
0351 2.1992429177281639e-04 2.6131883188937083e-04
0352 2.1992106576039833e-04 2.6132686284235967e-04
0353 2.1991783963652857e-04 2.6133480699913462e-04
0354 2.1991461340002159e-04 2.6134267712533813e-04
0355 2.1991138704987865e-04 2.6135045941437642e-04
0356 2.1990816058502314e-04 2.6135815948952689e-04
0357 2.1990493400434588e-04 2.6136578123004799e-04
0358 2.1990170730692339e-04 2.6137331459420758e-04
0359 2.1989848049150978e-04 2.6138078299845944e-04
0360 2.1989525355718464e-04 2.6138816339314969e-04
0361 2.1989202650290462e-04 2.6139546508199715e-04
0362 2.1988879932752792e-04 2.6140269609870346e-04
0363 2.1988557203010190e-04 2.6140984239883373e-04
0364 2.1988234460954063e-04 2.6141691383713437e-04
0365 2.1987911706492625e-04 2.6142390376786620e-04
0366 2.1987588939503442e-04 2.6143083023723334e-04
0367 2.1987266159900678e-04 2.6143767157161922e-04
0368 2.1986943367570982e-04 2.6144444641774305e-04
0369 2.1986620562419254e-04 2.6145114075426279e-04
0370 2.1986297744344322e-04 2.6145776495027027e-04
0371 2.1985974924536577e-04 2.6151558498457725e-04
0372 2.1985652080781527e-04 2.6150446463398772e-04
0373 2.1985329223632007e-04 2.6149830465699878e-04
0374 2.1985006353009715e-04 2.6149570530813822e-04
0375 2.1984683468858864e-04 2.6149564509144824e-04
0376 2.1984360571102759e-04 2.6149741269845074e-04
0377 2.1984037659680076e-04 2.6150048022926490e-04
0378 2.1983714734500945e-04 2.6150448624488411e-04
0379 2.1983391795491651e-04 2.6150914813327208e-04
0380 2.1983068842546400e-04 2.6151428837449742e-04
0381 2.1982745875577417e-04 2.6151973560254441e-04
0382 2.1982422894494067e-04 2.6152538394319817e-04
0383 2.1982099899208704e-04 2.6153115869536584e-04
0384 2.1981776889614483e-04 2.6153702001517973e-04
0385 2.1981453865606659e-04 2.6154291376025965e-04
0386 2.1981130827115222e-04 2.6154878504032144e-04
0387 2.1980807774025070e-04 2.6155464907281763e-04
0388 2.1980484706234435e-04 2.6156047766281440e-04
0389 2.1980161623669908e-04 2.6156623580843367e-04
0390 2.1979838526226238e-04 2.6157194003335237e-04
0391 2.1979515413801564e-04 2.6157759112618807e-04
0392 2.1979192286314918e-04 2.6158316502622502e-04
0393 2.1978869143659968e-04 2.6158867767536704e-04
0394 2.1978545985751037e-04 2.6159411185539341e-04
0395 2.1978222812505798e-04 2.6159946639378037e-04
0396 2.1977899623807986e-04 2.6160476935974250e-04
0397 2.1977576419593680e-04 2.6160998408124769e-04
0398 2.1977253199754643e-04 2.6161514626587282e-04
0399 2.1976929964205507e-04 2.6162024115993708e-04
0400 2.1976606712853448e-04 2.6162526738174519e-04
0401 2.1976283445622935e-04 2.6163022045867237e-04
0402 2.1975960162415174e-04 2.6163512071611318e-04
0403 2.1975636863142816e-04 2.6163996533485636e-04
0404 2.1975313547725305e-04 2.6164474800370070e-04
0405 2.1974990216071477e-04 2.6164947843435819e-04
0406 2.1974666868095178e-04 2.6165415716243579e-04
0407 2.1974343503720854e-04 2.6165877594898395e-04
0408 2.1974020122851801e-04 2.6166335454765266e-04
0409 2.1973696725418167e-04 2.6166787454109404e-04
0410 2.1973373311327872e-04 2.6167235642248209e-04
0411 2.1973049880507492e-04 2.6167679026679072e-04
0412 2.1972726432860812e-04 2.6168118749369211e-04
0413 2.1972402968328439e-04 2.6168552301301446e-04
0414 2.1972079486820085e-04 2.6168982492402948e-04
0415 2.1971755988261843e-04 2.6169408703673760e-04
0416 2.1971432472572491e-04 2.6169831850194719e-04
0417 2.1971108939676149e-04 2.6170250691721192e-04
0418 2.1970785389506620e-04 2.6170666203606107e-04
0419 2.1970461821969233e-04 2.6171079359812256e-04
0420 2.1970138237009312e-04 2.6171487865256436e-04
0421 2.1969814634543764e-04 2.6171893943479458e-04
0422 2.1969491014497161e-04 2.6172296780644776e-04
0423 2.1969167376811527e-04 2.6172695329038402e-04
0424 2.1968843721414662e-04 2.6173091617192072e-04
0425 2.1968520048227318e-04 2.6173486632058321e-04
0426 2.1968196357177692e-04 2.6173878945228536e-04
0427 2.1967872648214314e-04 2.6174266137612469e-04
0428 2.1967548921256855e-04 2.6174651163431628e-04
0429 2.1967225176256717e-04 2.6175032660755295e-04
0430 2.1966901413132618e-04 2.6175412822326924e-04
0431 2.1966577631835416e-04 2.6175790145835419e-04
0432 2.1966253832288448e-04 2.6176166282598269e-04
0433 2.1965930014442470e-04 2.6176539696505508e-04
0434 2.1965606178235309e-04 2.6176911410366783e-04
0435 2.1965282323603235e-04 2.6177281956958105e-04
0436 2.1964958450480739e-04 2.6177650829290226e-04
0437 2.1964634558828216e-04 2.6178016201142357e-04
0438 2.1964310648574616e-04 2.6178379874923507e-04
0439 2.1963986719676946e-04 2.6178740964447072e-04
0440 2.1963662772073238e-04 2.6179100926199041e-04
0441 2.1963338805711368e-04 2.6179459186468951e-04
0442 2.1963014820541917e-04 2.6179815364054629e-04
0443 2.1962690816513226e-04 2.6180169897620779e-04
0444 2.1962366793574925e-04 2.6180522974525450e-04
0445 2.1962042751677102e-04 2.6180874463201467e-04
0446 2.1961718690778845e-04 2.6181224367104557e-04
0447 2.1961394610823054e-04 2.6181573412742735e-04
0448 2.1961070511769006e-04 2.6181920863966668e-04
0449 2.1960746393577372e-04 2.6182266325423174e-04
0450 2.1960422256195764e-04 2.6182610978060794e-04
0451 2.1960098099589812e-04 2.6182954453157667e-04
0452 2.1959773923712183e-04 2.6183297553976467e-04
0453 2.1959449728518963e-04 2.6183639030906452e-04
0454 2.1959125513987642e-04 2.6183978180418713e-04
0455 2.1958801280056112e-04 2.6184317984053791e-04
0456 2.1958477026707876e-04 2.6184654960030612e-04
0457 2.1958152753895506e-04 2.6184991422105404e-04
0458 2.1957828461588054e-04 2.6185326882224782e-04
0459 2.1957504149749883e-04 2.6185661270895414e-04
0460 2.1957179818353511e-04 2.6185994694968720e-04
0461 2.1956855467353500e-04 2.6186328456379813e-04
0462 2.1956531096728685e-04 2.6186660611342505e-04
0463 2.1956206706454022e-04 2.6186991760069386e-04
0464 2.1955882296477222e-04 2.6187323743288935e-04
0465 2.1955557866792778e-04 2.6187652872482529e-04
0466 2.1955233417371244e-04 2.6187980925873193e-04
0467 2.1954908948176006e-04 2.6188309742253767e-04
0468 2.1954584459180684e-04 2.6188637862484639e-04
0469 2.1954259950368566e-04 2.6188963932865470e-04
0470 2.1953935421723463e-04 2.6189288917403031e-04
0471 2.1953610873198001e-04 2.6189615061382216e-04
0472 2.1953286304803680e-04 2.6189939167512442e-04
0473 2.1952961716480425e-04 2.6190265197768441e-04
0474 2.1952637108241284e-04 2.6190588250384690e-04
0475 2.1952312480047221e-04 2.6190912358414390e-04
0476 2.1951987831887740e-04 2.6191235117384765e-04
0477 2.1951663163747166e-04 2.6191557614626637e-04
0478 2.1951338475605643e-04 2.6191880344038213e-04
0479 2.1951013767426656e-04 2.6192203043810846e-04
0480 2.1950689039232731e-04 2.6192521910568735e-04
0481 2.1950364290988436e-04 2.6192841766028275e-04
0482 2.1950039522677914e-04 2.6193161770802039e-04
0483 2.1949714734290904e-04 2.6193480958144742e-04
0484 2.1949389925825840e-04 2.6193798759743971e-04
0485 2.1949065097251504e-04 2.6194117549672275e-04
0486 2.1948740248573895e-04 2.6194435188136781e-04
0487 2.1948415379777084e-04 2.6194752761293089e-04
0488 2.1948090490843462e-04 2.6195070856215323e-04
0489 2.1947765581774911e-04 2.6195387386395829e-04
0490 2.1947440652555288e-04 2.6195703792136836e-04
0491 2.1947115703182792e-04 2.6196019284926368e-04
0492 2.1946790733651434e-04 2.6196334656561256e-04
0493 2.1946465743944788e-04 2.6196650216382233e-04
0494 2.1946140734069604e-04 2.6196964574884884e-04
0495 2.1945815704014810e-04 2.6197279097441825e-04
0496 2.1945490653771483e-04 2.6197593670917118e-04
0497 2.1945165583338091e-04 2.6197907606462939e-04
0498 2.1944840492712342e-04 2.6198220390216079e-04
0499 2.1944515381895868e-04 2.6198532360926640e-04
0500 2.1944190250872177e-04 2.6198844605866505e-04
0501 2.1943865099657034e-04 2.6199155248171044e-04
0502 2.1943539928240713e-04 2.6199466418870343e-04
0503 2.1943214736616849e-04 2.6199778114110333e-04
0504 2.1942889524786391e-04 2.6200088989397906e-04
0505 2.1942564292756788e-04 2.6200398975951709e-04
0506 2.1942239040524873e-04 2.6200708759854059e-04
0507 2.1941913768083781e-04 2.6201018977517384e-04
0508 2.1941588475436915e-04 2.6201327985203121e-04
0509 2.1941263162595991e-04 2.6201635854340087e-04
0510 2.1940937829554314e-04 2.6201943726254095e-04
0511 2.1940612476317468e-04 2.6202251514659345e-04
0512 2.1940287102873508e-04 2.6202559343103498e-04
0513 2.1939961709244212e-04 2.6202864772287369e-04
0514 2.1939636295427838e-04 2.6203169828234826e-04
0515 2.1939310861425655e-04 2.6203474773063931e-04
0516 2.1938985407237354e-04 2.6203779748835607e-04
0517 2.1938659932878556e-04 2.6204083360175610e-04
0518 2.1938334438334934e-04 2.6204387647455829e-04
0519 2.1938008923631886e-04 2.6204689691264283e-04
0520 2.1937683388762968e-04 2.6204992196416017e-04
0521 2.1937357833737522e-04 2.6205294196397311e-04
0522 2.1937032258554945e-04 2.6205596548380502e-04
0523 2.1936706663224675e-04 2.6205897760833290e-04
0524 2.1936381047752324e-04 2.6206197941748809e-04
0525 2.1936055412146135e-04 2.6206497415983673e-04
0526 2.1935729756411039e-04 2.6206796467111030e-04
0527 2.1935404080547361e-04 2.6207095462448340e-04
0528 2.1935078384568166e-04 2.6207392718795167e-04
0529 2.1934752668486149e-04 2.6207689022646105e-04
0530 2.1934426932289288e-04 2.6207985518483833e-04
0531 2.1934101176008340e-04 2.6208280338951904e-04
0532 2.1933775399634518e-04 2.6208574485018111e-04
0533 2.1933449603184763e-04 2.6208867870162572e-04
0534 2.1933123786658081e-04 2.6209161616198899e-04
0535 2.1932797950062875e-04 2.6209454220677822e-04
0536 2.1932472093415590e-04 2.6209745419428508e-04
0537 2.1932146216715640e-04 2.6210036011812133e-04
0538 2.1931820319979347e-04 2.6210325941078568e-04
0539 2.1931494403200764e-04 2.6210615400684554e-04
0540 2.1931168466400607e-04 2.6210903191399473e-04
0541 2.1930842509589496e-04 2.6211189677560157e-04
0542 2.1930516532765899e-04 2.6211476255979290e-04
0543 2.1930190535942950e-04 2.6211761490372047e-04
0544 2.1929864519130326e-04 2.6212046209164307e-04
0545 2.1929538482329687e-04 2.6212329793073928e-04
0546 2.1929212425566286e-04 2.6212611328160719e-04
0547 2.1928886348824666e-04 2.6212893868192460e-04
0548 2.1928560252138294e-04 2.6213173570666500e-04
0549 2.1928234135501075e-04 2.6213454063288288e-04
0550 2.1927907998916247e-04 2.6213732805326241e-04
0551 2.1927581842401945e-04 2.6214009964515520e-04
0552 2.1927255665979151e-04 2.6214284838506715e-04
0553 2.1926929469638179e-04 2.6214560671650975e-04
0554 2.1926603253397372e-04 2.6214835839895984e-04
0555 2.1926277017247697e-04 2.6215110672300068e-04
0556 2.1925950761225737e-04 2.6215381922104776e-04
0557 2.1925624485316241e-04 2.6215653619121360e-04
0558 2.1925298189545426e-04 2.6215922619462096e-04
0559 2.1924971873915031e-04 2.6216191113929933e-04
0560 2.1924645538432368e-04 2.6216459005515145e-04
0561 2.1924319183106312e-04 2.6216726078260027e-04
0562 2.1923992807943346e-04 2.6216991787958015e-04
0563 2.1923666412956158e-04 2.6217255496802907e-04
0564 2.1923339998155815e-04 2.6217517571506258e-04
0565 2.1923013563549020e-04 2.6217779298695133e-04
0566 2.1922687109138299e-04 2.6218040395768034e-04
0567 2.1922360634934931e-04 2.6218299822878725e-04
0568 2.1922034140944225e-04 2.6218557305416777e-04
0569 2.1921707627191791e-04 2.6218812659995156e-04
0570 2.1921381093659929e-04 2.6219068711387278e-04
0571 2.1921054535975463e-04 2.6233231856127718e-04
0572 2.1920727969149256e-04 2.6226813533010543e-04
0573 2.1920401380844375e-04 2.6222859099221500e-04
0574 2.1920074771531711e-04 2.6220547557449493e-04
0575 2.1919748141570978e-04 2.6219317723113502e-04
0576 2.1919421491214380e-04 2.6218789085870841e-04
0577 2.1919094820665286e-04 2.6218701306844838e-04
0578 2.1918768130092448e-04 2.6218882041677028e-04
0579 2.1918441419559715e-04 2.6219222708115397e-04
0580 2.1918114689163534e-04 2.6219644276924842e-04
0581 2.1917787938969434e-04 2.6220100069102281e-04
0582 2.1917461169011348e-04 2.6220563294966230e-04
0583 2.1917134379325839e-04 2.6221016857556125e-04
0584 2.1916807569928159e-04 2.6221451285263539e-04
0585 2.1916480740838651e-04 2.6221860611094408e-04
0586 2.1916153892084650e-04 2.6222244672407797e-04
0587 2.1915827023666508e-04 2.6222604859480874e-04
0588 2.1915500135597527e-04 2.6222941105997274e-04
0589 2.1915173227902258e-04 2.6223255450511911e-04
0590 2.1914846300579807e-04 2.6223553480489751e-04
0591 2.1914519353621732e-04 2.6223837252100268e-04
0592 2.1914192387056288e-04 2.6224106377861821e-04
0593 2.1913865400882845e-04 2.6224364676902755e-04
0594 2.1913538395092937e-04 2.6224614517778098e-04
0595 2.1913211369717705e-04 2.6224854953602142e-04
0596 2.1912884324751377e-04 2.6225089808848190e-04
0597 2.1912557260194305e-04 2.6225320320417468e-04
0598 2.1912230176047596e-04 2.6225546272166288e-04
0599 2.1911903072322831e-04 2.6225767585339848e-04
0600 2.1911575949026837e-04 2.6225984789347379e-04
