# step du_rel dp_rel
# u_rtol 1.0000000000000000e-04
# p_rtol 1.0000000000000000e-03
0001 1.0499870382458840e-04 2.2539982813663813e-03
0002 1.0499796966288712e-04 2.1310901035973243e-03
0003 1.0499724063026690e-04 2.0134820440887982e-03
0004 1.0499651520921303e-04 1.9007229621933056e-03
0005 1.0499579235753778e-04 1.7925001552709077e-03
0006 1.0499507136600457e-04 1.6885998566047858e-03
0007 1.0499435176148179e-04 1.5888756656038563e-03
0008 1.0499363323051509e-04 1.4932254766677542e-03
0009 1.0499291557418269e-04 1.4015749618513759e-03
0010 1.0499219866972871e-04 1.3138651098185624e-03
0011 1.0499148244888471e-04 1.2300443540838799e-03
0012 1.0499076687536765e-04 1.1500619291302471e-03
0013 1.0499005193744135e-04 1.0738638042206471e-03
0014 1.0498933763639108e-04 1.0013910697830575e-03
0015 1.0498862398473051e-04 9.3258014359715274e-04
0016 1.0498791099566782e-04 8.6735803082625164e-04
0017 1.0498719868773128e-04 8.0564735740045140e-04
0018 1.0498648707646311e-04 7.4736305965616772e-04
0019 1.0498577617864783e-04 6.9241672360582885e-04
0020 1.0498506600951515e-04 6.4071479453553244e-04
0021 1.0498435658014186e-04 5.9215993553638976e-04
0022 1.0498364790192893e-04 5.4665464961238639e-04
0023 1.0498293998268974e-04 5.0409973867692425e-04
0024 1.0498223282936656e-04 4.6439652664572177e-04
0025 1.0498152644550033e-04 4.2744675931775602e-04
0026 1.0498082083411582e-04 3.9315628529691096e-04
0027 1.0498011599618880e-04 3.6143325699854488e-04
0028 1.0497941193172765e-04 3.3219012457153695e-04
0029 1.0497870863973829e-04 3.0534253453167815e-04
0030 1.0497800611582038e-04 2.8081058753095606e-04
0031 1.0497730435731705e-04 2.5852057927858830e-04
0032 1.0497660336023480e-04 2.3840107484249197e-04
0033 1.0497590311857469e-04 2.2038173173128124e-04
0034 1.0497520362786537e-04 2.0439392004012566e-04
0035 1.0497450488057843e-04 1.9036390034170956e-04
0036 1.0497380687078231e-04 1.7821319467185566e-04
0037 1.0497310959201125e-04 1.6785167121622426e-04
0038 1.0497241303654047e-04 1.5917667635647242e-04
0039 1.0497171719709968e-04 1.5206945572525474e-04
0040 1.0497102206586764e-04 1.4639641216942383e-04
0041 1.0497032763564140e-04 1.4201098587377596e-04
0042 1.0496963389805546e-04 1.3875767586784171e-04
0043 1.0496894084658452e-04 1.3647843730409128e-04
0044 1.0496824847194975e-04 1.3501871763259919e-04
0045 1.0496755676703060e-04 1.3423278294806386e-04
0046 1.0496686572416294e-04 1.3398775536878400e-04
0047 1.0496617533546076e-04 1.3416623697110383e-04
0048 1.0496548559334809e-04 1.3466716478767444e-04
0049 1.0496479649004828e-04 1.3540546148906052e-04
0050 1.0496410801788368e-04 1.3631104152389656e-04
0051 1.0496342016999017e-04 1.3732701503670533e-04
0052 1.0496273293758895e-04 1.3840832503421953e-04
0053 1.0496204631484804e-04 1.3951926472211270e-04
0054 1.0496136029372746e-04 1.4063272963030316e-04
0055 1.0496067486689193e-04 1.4172800576058879e-04
0056 1.0495999002825894e-04 1.4278987775181347e-04
0057 1.0495930577051546e-04 1.4380794412282837e-04
0058 1.0495862208642325e-04 1.4477463480914982e-04
0059 1.0495793896917985e-04 1.4568551866185337e-04
0060 1.0495725641290652e-04 1.4653763723690666e-04
0061 1.0495657441100536e-04 1.4733041839470851e-04
0062 1.0495589295616965e-04 1.4806449630196868e-04
0063 1.0495521204365474e-04 1.4874075244345738e-04
0064 1.0495453166490504e-04 1.4936171311536627e-04
0065 1.0495385181601361e-04 1.4992877927482844e-04
0066 1.0495317249008180e-04 1.5044542125324361e-04
0067 1.0495249368088816e-04 1.5091450258416738e-04
0068 1.0495181538298032e-04 1.5133861668346937e-04
0069 1.0495113759016801e-04 1.5172102998189382e-04
0070 1.0495046029790769e-04 1.5206466817395829e-04
0071 1.0494978349961469e-04 1.5237229838618499e-04
0072 1.0494910718968314e-04 1.5264685437526619e-04
0073 1.0494843136363723e-04 1.5289092567760074e-04
0074 1.0494775601524524e-04 1.5310709145984960e-04
0075 1.0494708113952722e-04 1.5329765012594488e-04
0076 1.0494640673112605e-04 1.5346475840894035e-04
0077 1.0494573278507517e-04 1.5361014820473119e-04
0078 1.0494505929823605e-04 1.5373663177260154e-04
0079 1.0494438626297598e-04 1.5384533375295418e-04
0080 1.0494371367435526e-04 1.5393814100875052e-04
0081 1.0494304153009353e-04 1.5401644493698234e-04
0082 1.0494236982365828e-04 1.5408146008666766e-04
0083 1.0494169855013246e-04 1.5413470190590815e-04
0084 1.0494102770618272e-04 1.5417701155237066e-04
0085 1.0494035728575013e-04 1.5420995838052708e-04
0086 1.0493968728598902e-04 1.5423372694042364e-04
0087 1.0493901770165586e-04 1.5425000066501718e-04
0088 1.0493834852800387e-04 1.5425918066823866e-04
0089 1.0493767976167883e-04 1.5426190077609365e-04
0090 1.0493701139811309e-04 1.5425882853742001e-04
0091 1.0493634343264188e-04 1.5425089119962580e-04
0092 1.0493567586156261e-04 1.5423818672786997e-04
0093 1.0493500868102593e-04 1.5422131106209978e-04
0094 1.0493434188611181e-04 1.5420081314038766e-04
0095 1.0493367547450384e-04 1.5417653935973608e-04
0096 1.0493300944049590e-04 1.5414968714724347e-04
0097 1.0493234378167548e-04 1.5411986474193128e-04
0098 1.0493167849281459e-04 1.5408775916522503e-04
0099 1.0493101357170230e-04 1.5405322365014644e-04
0100 1.0493034901364707e-04 1.5401712865280228e-04
0101 1.0492968481576975e-04 1.5397897621757708e-04
0102 1.0492902097302118e-04 1.5393966448090733e-04
0103 1.0492835748275369e-04 1.5389862780275718e-04
0104 1.0492769434208880e-04 1.5385617168500740e-04
0105 1.0492703154675896e-04 1.5381279200747411e-04
0106 1.0492636909276318e-04 1.5376862918731426e-04
0107 1.0492570697805049e-04 1.5372303945788990e-04
0108 1.0492504519842858e-04 1.5367676285294376e-04
0109 1.0492438375060768e-04 1.5362985168870347e-04
0110 1.0492372263152157e-04 1.5358218471813595e-04
0111 1.0492306183724284e-04 1.5353393700087830e-04
0112 1.0492240136647495e-04 1.5348463036598994e-04
0113 1.0492174121366578e-04 1.5343536146356657e-04
0114 1.0492108137751815e-04 1.5338541232906412e-04
0115 1.0492042185462615e-04 1.5333514292396373e-04
0116 1.0491976264003201e-04 1.5328501213471909e-04
0117 1.0491910373327585e-04 1.5323378548964453e-04
0118 1.0491844513061093e-04 1.5318235839871557e-04
0119 1.0491778682857625e-04 1.5313102917378929e-04
0120 1.0491712882424194e-04 1.5307944192936748e-04
0121 1.0491647111559472e-04 1.5302745236292985e-04
0122 1.0491581369859229e-04 1.5297551053727713e-04
0123 1.0491515657166990e-04 1.5292309075376731e-04
0124 1.0491449973119752e-04 1.5287069081017327e-04
0125 1.0491384317487269e-04 1.5281813709080278e-04
0126 1.0491318689961581e-04 1.5276561550705718e-04
0127 1.0491253090362042e-04 1.5271266500683874e-04
0128 1.0491187518266474e-04 1.5266014092251212e-04
0129 1.0491121973566154e-04 1.5260711965810184e-04
0130 1.0491056455897562e-04 1.5255411049167701e-04
0131 1.0490990965158006e-04 1.5250112561388855e-04
0132 1.0490925500908750e-04 1.5244843590515996e-04
0133 1.0490860062933761e-04 1.5239554068958300e-04
0134 1.0490794651093157e-04 1.5234235834944148e-04
0135 1.0490729265118695e-04 1.5228913172093427e-04
0136 1.0490663904671676e-04 1.5223622656198265e-04
0137 1.0490598569627020e-04 1.5218321194731746e-04
0138 1.0490533259635315e-04 1.5213032535782374e-04
0139 1.0490467974543763e-04 1.5207740592913387e-04
0140 1.0490402714136709e-04 1.5202444300939954e-04
0141 1.0490337478120537e-04 1.5197163622207829e-04
0142 1.0490272266334173e-04 1.5191892048214037e-04
0143 1.0490207078533317e-04 1.5186616320685353e-04
0144 1.0490141914479293e-04 1.5181372337687226e-04
0145 1.0490076773962871e-04 1.5176132838355466e-04
0146 1.0490011656719638e-04 1.5170922466356554e-04
0147 1.0489946562702556e-04 1.5165668296121846e-04
0148 1.0489881491474796e-04 1.5160481430372374e-04
0149 1.0489816442997353e-04 1.5155264828842715e-04
0150 1.0489751416971991e-04 1.5150068301467121e-04
0151 1.0489686413288151e-04 1.5144884808855874e-04
0152 1.0489621431695286e-04 1.5139712683342850e-04
0153 1.0489556471952719e-04 1.5134579923827872e-04
0154 1.0489491533870304e-04 1.5129464000669034e-04
0155 1.0489426617307550e-04 1.5124339897833706e-04
0156 1.0489361722087627e-04 1.5119210502799154e-04
0157 1.0489296847926578e-04 1.5114131031983112e-04
0158 1.0489231994689157e-04 1.5109049693020062e-04
0159 1.0489167162220368e-04 1.5103965817422999e-04
0160 1.0489102350277244e-04 1.5098909270182736e-04
0161 1.0489037558713086e-04 1.5093850284170850e-04
0162 1.0488972787378539e-04 1.5088806713632491e-04
0163 1.0488908036104931e-04 1.5083796953377772e-04
0164 1.0488843304559800e-04 1.5078846954590680e-04
0165 1.0488778592761527e-04 1.5073887748644408e-04
0166 1.0488713900364354e-04 1.5068948054056862e-04
0167 1.0488649227359958e-04 1.5063988391409989e-04
0168 1.0488584573552211e-04 1.5059064798356148e-04
0169 1.0488519938684550e-04 1.5054182655174829e-04
0170 1.0488455322613920e-04 1.5049320388712728e-04
0171 1.0488390725241570e-04 1.5044446924011197e-04
0172 1.0488326146364493e-04 1.5039601735975075e-04
0173 1.0488261585806731e-04 1.5034777373328841e-04
0174 1.0488197043448158e-04 1.5029968428095807e-04
0175 1.0488132519151802e-04 1.5025155028830115e-04
0176 1.0488068012683102e-04 1.5020370054013744e-04
0177 1.0488003523992778e-04 1.5015587448407710e-04
0178 1.0487939052848438e-04 1.5010854303175211e-04
0179 1.0487874599128104e-04 1.5006135464000844e-04
0180 1.0487810162688512e-04 1.5001441620833463e-04
0181 1.0487745743361423e-04 1.4996771459813266e-04
0182 1.0487681340990989e-04 1.4992104960398454e-04
0183 1.0487616955542332e-04 1.4987447664137612e-04
0184 1.0487552586704146e-04 1.4982810576387047e-04
0185 1.0487488234535562e-04 1.4978175675832802e-04
0186 1.0487423898738983e-04 1.4973592836536932e-04
0187 1.0487359579199352e-04 1.4969020761759278e-04
0188 1.0487295275894061e-04 1.4964444425399285e-04
0189 1.0487230988532704e-04 1.4959926620917137e-04
0190 1.0487166717148239e-04 1.4955404590639076e-04
0191 1.0487102461403431e-04 1.4950937612015646e-04
0192 1.0487038221340985e-04 1.4946443481836941e-04
0193 1.0486973996759906e-04 1.4941990947938696e-04
0194 1.0486909787624076e-04 1.4937543517480357e-04
0195 1.0486845593662207e-04 1.4933116772061333e-04
0196 1.0486781414882259e-04 1.4928720672896984e-04
0197 1.0486717251006614e-04 1.4924337400308731e-04
0198 1.0486653102141851e-04 1.4919955262148561e-04
0199 1.0486588967964931e-04 1.4915612238051496e-04
0200 1.0486524848450648e-04 1.4911286516153553e-04
0201 1.0486460743421158e-04 1.4906986045914430e-04
0202 1.0486396652830961e-04 1.4902685339408610e-04
0203 1.0486332576548947e-04 1.4898410045010834e-04
0204 1.0486268514376988e-04 1.4894167582984831e-04
0205 1.0486204466375663e-04 1.4889913892502982e-04
0206 1.0486140432251546e-04 1.4885716879011357e-04
0207 1.0486076411965836e-04 1.4881522714610827e-04
0208 1.0486012405484150e-04 1.4877339315361735e-04
0209 1.0485948412585558e-04 1.4873189138844503e-04
0210 1.0485884433202563e-04 1.4869077714593359e-04
0211 1.0485820467228702e-04 1.4864951936569213e-04
0212 1.0485756514573424e-04 1.4860841177311476e-04
0213 1.0485692575116743e-04 1.4856735370680148e-04
0214 1.0485628648800227e-04 1.4852642118266918e-04
0215 1.0485564735455539e-04 1.4848599980890010e-04
0216 1.0485500834976806e-04 1.4844557071079048e-04
0217 1.0485436947390173e-04 1.4840518763862141e-04
0218 1.0485373072443216e-04 1.4836529615883868e-04
0219 1.0485309210209487e-04 1.4832557951682671e-04
0220 1.0485245360316172e-04 1.4828646427419127e-04
0221 1.0485181522954682e-04 1.4824690259135668e-04
0222 1.0485117697853239e-04 1.4820784048226300e-04
0223 1.0485053884945167e-04 1.4816880354726026e-04
0224 1.0484990084235232e-04 1.4812979194098462e-04
0225 1.0484926295557592e-04 1.4809095979229043e-04
0226 1.0484862518903121e-04 1.4805237602427232e-04
0227 1.0484798754014759e-04 1.4801429440673342e-04
0228 1.0484735000901478e-04 1.4797632646803627e-04
0229 1.0484671259493807e-04 1.4793843099737624e-04
0230 1.0484607529640598e-04 1.4790078369106600e-04
0231 1.0484543811337944e-04 1.4786306613398040e-04
0232 1.0484480104448027e-04 1.4782566185325092e-04
0233 1.0484416408832290e-04 1.4778847012733790e-04
0234 1.0484352724574000e-04 1.4775110806221917e-04
0235 1.0484289051437860e-04 1.4771423173966458e-04
0236 1.0484225389373953e-04 1.4767759468744518e-04
0237 1.0484161738366114e-04 1.4764101795858214e-04
0238 1.0484098098229592e-04 1.4760484048937855e-04
0239 1.0484034468939670e-04 1.4756878370079772e-04
0240 1.0483970850446231e-04 1.4753280532899270e-04
0241 1.0483907242636526e-04 1.4749702020201732e-04
0242 1.0483843645388733e-04 1.4746152415617014e-04
0243 1.0483780058705093e-04 1.4742603480555089e-04
0244 1.0483716482434937e-04 1.4739068677869921e-04
0245 1.0483652916593885e-04 1.4735554059543097e-04
0246 1.0483589360991168e-04 1.4732065565714530e-04
0247 1.0483525815674137e-04 1.4728570662781798e-04
0248 1.0483462280462793e-04 1.4725114198888318e-04
0249 1.0483398755354837e-04 1.4721669232882752e-04
0250 1.0483335240232075e-04 1.4718247935267148e-04
0251 1.0483271735031092e-04 1.4714833586931283e-04
0252 1.0483208239672528e-04 1.4711429534577762e-04
0253 1.0483144754151460e-04 1.4708031272027785e-04
0254 1.0483081278378302e-04 1.4704658882682575e-04
0255 1.0483017812185979e-04 1.4701338540827198e-04
0256 1.0482954355607634e-04 1.4698018597245137e-04
0257 1.0482890908491102e-04 1.4694717482678432e-04
0258 1.0482827470875668e-04 1.4691417114716298e-04
0259 1.0482764042587140e-04 1.4688148869998870e-04
0260 1.0482700623633098e-04 1.4684888486857326e-04
0261 1.0482637213850288e-04 1.4681658977915962e-04
0262 1.0482573813323775e-04 1.4678408487524698e-04
0263 1.0482510421841923e-04 1.4675219972535243e-04
0264 1.0482447039475689e-04 1.4671994181811936e-04
0265 1.0482383666038280e-04 1.4668817313793123e-04
0266 1.0482320301477816e-04 1.4665656521478220e-04
0267 1.0482256945891129e-04 1.4662488187028034e-04
0268 1.0482193598906341e-04 1.4659399261740256e-04
0269 1.0482130260755234e-04 1.4656277041625882e-04
0270 1.0482066931254674e-04 1.4653152238976546e-04
0271 1.0482003610394360e-04 1.4650054536849790e-04
0272 1.0481940297993263e-04 1.4647005682126696e-04
0273 1.0481876994121267e-04 1.4643947793833723e-04
0274 1.0481813698628665e-04 1.4640923689316057e-04
0275 1.0481750411489699e-04 1.4637906596430306e-04
0276 1.0481687132673558e-04 1.4634903598709426e-04
0277 1.0481623862111054e-04 1.4631915330660239e-04
0278 1.0481560599625489e-04 1.4628959981555047e-04
0279 1.0481497345325244e-04 1.4625991417533844e-04
0280 1.0481434099139089e-04 1.4623030069768454e-04
0281 1.0481370860875602e-04 1.4620118541313414e-04
0282 1.0481307630638214e-04 1.4617208236603508e-04
0283 1.0481244408203025e-04 1.4614349453699724e-04
0284 1.0481181193647213e-04 1.4611468414714812e-04
0285 1.0481117986760637e-04 1.4608616761461096e-04
0286 1.0481054787707271e-04 1.4605740187720526e-04
0287 1.0480991596268841e-04 1.4602906746506269e-04
0288 1.0480928412456649e-04 1.4600070039481734e-04
0289 1.0480865236218839e-04 1.4597257623273798e-04
0290 1.0480802067454701e-04 1.4594463899768260e-04
0291 1.0480738906144060e-04 1.4591690562682470e-04
0292 1.0480675752185618e-04 1.4588933403330968e-04
0293 1.0480612605657352e-04 1.4586179379771550e-04
0294 1.0480549466317145e-04 1.4583474092383982e-04
0295 1.0480486334235757e-04 1.4580758142974392e-04
0296 1.0480423209309273e-04 1.4578055664910000e-04
0297 1.0480360091541859e-04 1.4575354921533907e-04
0298 1.0480296980799027e-04 1.4572677688655158e-04
0299 1.0480233877106212e-04 1.4570018432696674e-04
0300 1.0480170780431585e-04 1.4567366120384377e-04
0301 1.0480107690689942e-04 1.4564719255324345e-04
0302 1.0480044607726489e-04 1.4562124764121393e-04
0303 1.0479981531611560e-04 1.4559513339662498e-04
0304 1.0479918462270417e-04 1.4556924218365758e-04
0305 1.0479855399655490e-04 1.4554343052899097e-04
0306 1.0479792343699874e-04 1.4551783893396124e-04
0307 1.0479729294361019e-04 1.4549241318262713e-04
0308 1.0479666251617509e-04 1.4546709207251146e-04
0309 1.0479603215287543e-04 1.4544206400720464e-04
0310 1.0479540185556791e-04 1.4541667525236069e-04
0311 1.0479477162169873e-04 1.4539173730588988e-04
0312 1.0479414145205588e-04 1.4536679044429722e-04
0313 1.0479351134611439e-04 1.4534216339941882e-04
0314 1.0479288130226006e-04 1.4531792601600715e-04
0315 1.0479225132029501e-04 1.4529369144405135e-04
0316 1.0479162140156239e-04 1.4526924343953132e-04
0317 1.0479099154264086e-04 1.4524538312671697e-04
0318 1.0479036174603290e-04 1.4522125236994770e-04
0319 1.0478973200882284e-04 1.4519764140941610e-04
0320 1.0478910233176417e-04 1.4517379440306743e-04
0321 1.0478847271538455e-04 1.4515016415821882e-04
0322 1.0478784315677531e-04 1.4512700945358391e-04
0323 1.0478721365734056e-04 1.4510352399871144e-04
0324 1.0478658421630875e-04 1.4508018662549060e-04
0325 1.0478595483219147e-04 1.4505723322728406e-04
0326 1.0478532550598677e-04 1.4503403963432416e-04
0327 1.0478469623705573e-04 1.4501110537223233e-04
0328 1.0478406702373867e-04 1.4498869178061381e-04
0329 1.0478343786678747e-04 1.4496607072386021e-04
0330 1.0478280876507828e-04 1.4494368128463496e-04
0331 1.0478217971888200e-04 1.4492128934030432e-04
0332 1.0478155072683477e-04 1.4489912438988233e-04
0333 1.0478092178942597e-04 1.4487689296241186e-04
0334 1.0478029290605597e-04 1.4485484429532170e-04
0335 1.0477966407543845e-04 1.4483320244276120e-04
0336 1.0477903529850924e-04 1.4481144094224320e-04
0337 1.0477840657339049e-04 1.4478999938673441e-04
0338 1.0477777790109158e-04 1.4476857107966292e-04
0339 1.0477714928031248e-04 1.4474731698672534e-04
0340 1.0477652071051262e-04 1.4472623383672884e-04
0341 1.0477589219180734e-04 1.4470522816052126e-04
0342 1.0477526372355473e-04 1.4468419787918609e-04
0343 1.0477463530552367e-04 1.4466333302259735e-04
0344 1.0477400693701576e-04 1.4464257994833551e-04
0345 1.0477337861757415e-04 1.4462195676170398e-04
0346 1.0477275034763802e-04 1.4460135309068731e-04
0347 1.0477212212570563e-04 1.4458101514637945e-04
0348 1.0477149395166935e-04 1.4456062375338061e-04
0349 1.0477086582607666e-04 1.4454020899804933e-04
0350 1.0477023774707214e-04 1.4452012246912092e-04
0351 1.0476960971576240e-04 1.4450005520897949e-04
0352 1.0476898173028798e-04 1.4448030782014725e-04
0353 1.0476835379168823e-04 1.4446049077099753e-04
0354 1.0476772589830008e-04 1.4444115092744392e-04
0355 1.0476709805055020e-04 1.4442181513676984e-04
0356 1.0476647024766247e-04 1.4440244455475162e-04
0357 1.0476584248984471e-04 1.4438325087809558e-04
0358 1.0476521477520980e-04 1.4436412543582838e-04
0359 1.0476458710557732e-04 1.4434486792597837e-04
0360 1.0476395947958069e-04 1.4432591118683738e-04
0361 1.0476333189619827e-04 1.4430730304938857e-04
0362 1.0476270435563814e-04 1.4428861072284804e-04
0363 1.0476207685751247e-04 1.4426995113194343e-04
0364 1.0476144940190681e-04 1.4425131906618721e-04
0365 1.0476082198754963e-04 1.4423282814255494e-04
0366 1.0476019461557731e-04 1.4421424075877084e-04
0367 1.0475956728406973e-04 1.4419613728434218e-04
0368 1.0475893999274163e-04 1.4417822532536599e-04
0369 1.0475831274258446e-04 1.4415994288247944e-04
0370 1.0475768553251022e-04 1.4414198553616768e-04
0371 1.0475705836135960e-04 1.4412435217712078e-04
0372 1.0475643123021972e-04 1.4410654009445282e-04
0373 1.0475580413781186e-04 1.4408896975934125e-04
0374 1.0475517708415560e-04 1.4407147340169885e-04
0375 1.0475455006908377e-04 1.4405400194505264e-04
0376 1.0475392309165821e-04 1.4403673534727537e-04
0377 1.0475329615241179e-04 1.4401946302655368e-04
0378 1.0475266925064644e-04 1.4400247050712256e-04
0379 1.0475204238526350e-04 1.4398576421958734e-04
0380 1.0475141555692570e-04 1.4396891973960199e-04
0381 1.0475078876485657e-04 1.4395209493941129e-04
0382 1.0475016200920473e-04 1.4393542485696876e-04
0383 1.0474953528945386e-04 1.4391873988098511e-04
0384 1.0474890860490030e-04 1.4390233547927005e-04
0385 1.0474828195609776e-04 1.4388584890800035e-04
0386 1.0474765534171283e-04 1.4386960749308475e-04
0387 1.0474702876140377e-04 1.4385344806538139e-04
0388 1.0474640221631635e-04 1.4383709983817902e-04
0389 1.0474577570478105e-04 1.4382107010197637e-04
0390 1.0474514922749461e-04 1.4380497238346564e-04
0391 1.0474452278317267e-04 1.4378904743808828e-04
0392 1.0474389637223376e-04 1.4377322487008616e-04
0393 1.0474326999327344e-04 1.4375760580863936e-04
0394 1.0474264364772478e-04 1.4374167257988132e-04
0395 1.0474201733512809e-04 1.4372605258458369e-04
0396 1.0474139105317810e-04 1.4371082157167768e-04
0397 1.0474076480372335e-04 1.4369550894776159e-04
0398 1.0474013858566892e-04 1.4368032357803609e-04
0399 1.0473951239857191e-04 1.4366531445915407e-04
0400 1.0473888624175151e-04 1.4365006884034740e-04
0401 1.0473826011682081e-04 1.4363482456666369e-04
0402 1.0473763402236614e-04 1.4361987844663094e-04
0403 1.0473700795704447e-04 1.4360531216157580e-04
0404 1.0473638192246054e-04 1.4359069437389015e-04
0405 1.0473575591684601e-04 1.4357614360834339e-04
0406 1.0473512994092093e-04 1.4356157266282550e-04
0407 1.0473450399398937e-04 1.4354701086317703e-04
0408 1.0473387807601025e-04 1.4353278720488204e-04
0409 1.0473325218711070e-04 1.4351838395832171e-04
0410 1.0473262632499173e-04 1.4350425418821692e-04
0411 1.0473200049318131e-04 1.4348973307888631e-04
0412 1.0473137468825950e-04 1.4347584300909889e-04
0413 1.0473074891062195e-04 1.4346192078995958e-04
0414 1.0473012316081683e-04 1.4344781399470034e-04
0415 1.0472949743803280e-04 1.4343384660970874e-04
0416 1.0472887174250867e-04 1.4341990620521521e-04
0417 1.0472824607350974e-04 1.4340619949594348e-04
0418 1.0472762043123836e-04 1.4339247787534097e-04
0419 1.0472699481505545e-04 1.4337892532161135e-04
0420 1.0472636922550804e-04 1.4336539325641244e-04
0421 1.0472574366086978e-04 1.4335220475344759e-04
0422 1.0472511812244142e-04 1.4333880651088335e-04
0423 1.0472449260997529e-04 1.4332556503717504e-04
0424 1.0472386712181514e-04 1.4331259844371278e-04
0425 1.0472324165904426e-04 1.4329943383186832e-04
0426 1.0472261622133591e-04 1.4328648796769043e-04
0427 1.0472199080793070e-04 1.4327365073337584e-04
0428 1.0472136541923913e-04 1.4326080686118321e-04
0429 1.0472074005447246e-04 1.4324815691493410e-04
0430 1.0472011471345639e-04 1.4323550065452440e-04
0431 1.0471948939653366e-04 1.4322269517161719e-04
0432 1.0471886410362418e-04 1.4321003942261055e-04
0433 1.0471823883372210e-04 1.4319753643291062e-04
0434 1.0471761358713009e-04 1.4318502046734379e-04
0435 1.0471698836354203e-04 1.4317268865837691e-04
0436 1.0471636316335889e-04 1.4316023551740864e-04
0437 1.0471573798581442e-04 1.4314806985676765e-04
0438 1.0471511283015477e-04 1.4313603812314451e-04
0439 1.0471448769725358e-04 1.4312384199596678e-04
0440 1.0471386258570967e-04 1.4311174851345569e-04
0441 1.0471323749748319e-04 1.4309962771884562e-04
0442 1.0471261243104980e-04 1.4308748491147989e-04
0443 1.0471198738567841e-04 1.4307577172062327e-04
0444 1.0471136236172427e-04 1.4306400026938584e-04
0445 1.0471073735945291e-04 1.4305233380661441e-04
0446 1.0471011237849719e-04 1.4304058562640218e-04
0447 1.0470948741863393e-04 1.4302903496548686e-04
0448 1.0470886247871368e-04 1.4301752803509842e-04
0449 1.0470823756026245e-04 1.4300602314214536e-04
0450 1.0470761266220886e-04 1.4299460078917654e-04
0451 1.0470698778453258e-04 1.4298317958941288e-04
0452 1.0470636292699313e-04 1.4297177837686162e-04
0453 1.0470573809000800e-04 1.4296049955459341e-04
0454 1.0470511327271737e-04 1.4294945920157427e-04
0455 1.0470448847512277e-04 1.4293840423556565e-04
0456 1.0470386369738739e-04 1.4292748588841085e-04
0457 1.0470323893917543e-04 1.4291647527492845e-04
0458 1.0470261420016042e-04 1.4290555664007521e-04
0459 1.0470198948057495e-04 1.4289461461689521e-04
0460 1.0470136477997666e-04 1.4288370084449971e-04
0461 1.0470074009876616e-04 1.4287292219409759e-04
0462 1.0470011543617235e-04 1.4286247208029603e-04
0463 1.0469949079202099e-04 1.4285201536805896e-04
0464 1.0469886616671599e-04 1.4284129871686743e-04
0465 1.0469824155954897e-04 1.4283069725501443e-04
0466 1.0469761697127366e-04 1.4282002475393807e-04
0467 1.0469699240112924e-04 1.4280949607695638e-04
0468 1.0469636784912813e-04 1.4279923638087525e-04
0469 1.0469574331464043e-04 1.4278909651649287e-04
0470 1.0469511879788608e-04 1.4277873785040556e-04
0471 1.0469449430029011e-04 1.4276847698540391e-04
0472 1.0469386981893839e-04 1.4275856236817462e-04
0473 1.0469324535575250e-04 1.4274836752730473e-04
0474 1.0469262090968966e-04 1.4273840242531177e-04
0475 1.0469199648064799e-04 1.4272841246678889e-04
0476 1.0469137206948792e-04 1.4271843076868945e-04
0477 1.0469074767487678e-04 1.4270867860621960e-04
0478 1.0469012329695342e-04 1.4269899250054095e-04
0479 1.0468949893638751e-04 1.4268899148603246e-04
0480 1.0468887459249405e-04 1.4267927406134878e-04
0481 1.0468825026522814e-04 1.4266950508362629e-04
0482 1.0468762595441682e-04 1.4265980576814465e-04
0483 1.0468700166011971e-04 1.4265008104183259e-04
0484 1.0468637738228725e-04 1.4264049116599097e-04
0485 1.0468575312041367e-04 1.4263095826324461e-04
0486 1.0468512887456989e-04 1.4262137769496295e-04
0487 1.0468450464588296e-04 1.4261179257042084e-04
0488 1.0468388043214532e-04 1.4260275177303713e-04
0489 1.0468325623430022e-04 1.4259357580184159e-04
0490 1.0468263205188282e-04 1.4258429889349146e-04
0491 1.0468200788630179e-04 1.4257508622694142e-04
0492 1.0468138373491146e-04 1.4256594809824126e-04
0493 1.0468075960011343e-04 1.4255675212482993e-04
0494 1.0468013548074563e-04 1.4254754853140566e-04
0495 1.0467951137624314e-04 1.4253857795518975e-04
0496 1.0467888728700124e-04 1.4252976285136421e-04
0497 1.0467826321307661e-04 1.4252086712374925e-04
0498 1.0467763915352600e-04 1.4251218839232886e-04
0499 1.0467701510997252e-04 1.4250306316863719e-04
0500 1.0467639108049663e-04 1.4249440269623051e-04
0501 1.0467576706604421e-04 1.4248556550650304e-04
0502 1.0467514306577124e-04 1.4247676204604817e-04
0503 1.0467451908114942e-04 1.4246782574827278e-04
0504 1.0467389511085086e-04 1.4245917749177212e-04
0505 1.0467327115474322e-04 1.4245069878298037e-04
0506 1.0467264721294900e-04 1.4244210522559297e-04
0507 1.0467202328568518e-04 1.4243348814771373e-04
0508 1.0467139937262370e-04 1.4242497875393661e-04
0509 1.0467077547311267e-04 1.4241661551468962e-04
0510 1.0467015158862150e-04 1.4240801156738215e-04
0511 1.0466952771766649e-04 1.4239958524841825e-04
0512 1.0466890386064960e-04 1.4239118671208859e-04
0513 1.0466828001803051e-04 1.4238285660885861e-04
0514 1.0466765618846886e-04 1.4237478182125508e-04
0515 1.0466703237262927e-04 1.4236666754196105e-04
0516 1.0466640857108600e-04 1.4235849350096387e-04
0517 1.0466578478235858e-04 1.4235043428635904e-04
0518 1.0466516100692383e-04 1.4234250742259851e-04
0519 1.0466453724522396e-04 1.4233434483833357e-04
0520 1.0466391349694063e-04 1.4232629033796517e-04
0521 1.0466328976170539e-04 1.4231827722332543e-04
0522 1.0466266603949836e-04 1.4231020739532743e-04
0523 1.0466204233107923e-04 1.4230211602608329e-04
0524 1.0466141863534685e-04 1.4229419771867271e-04
0525 1.0466079495272424e-04 1.4228638688748400e-04
0526 1.0466017128286008e-04 1.4227869965989295e-04
0527 1.0465954762554119e-04 1.4227113350671357e-04
0528 1.0465892398103638e-04 1.4226341039387262e-04
0529 1.0465830034915829e-04 1.4225564790092536e-04
0530 1.0465767672994405e-04 1.4224784122603102e-04
0531 1.0465705312275057e-04 1.4224010156868857e-04
0532 1.0465642952951403e-04 1.4223255878486569e-04
0533 1.0465580594786230e-04 1.4222501029099874e-04
0534 1.0465518237796191e-04 1.4221757364031918e-04
0535 1.0465455882040513e-04 1.4220990039604255e-04
0536 1.0465393527573956e-04 1.4220223723248248e-04
0537 1.0465331174270628e-04 1.4219478141807269e-04
0538 1.0465268822187525e-04 1.4218737602231837e-04
0539 1.0465206471294181e-04 1.4218007187376052e-04
0540 1.0465144121557843e-04 1.4217275721205847e-04
0541 1.0465081773062606e-04 1.4216533711804426e-04
0542 1.0465019425652395e-04 1.4215820164293843e-04
0543 1.0464957079505195e-04 1.4215079271114384e-04
0544 1.0464894734497524e-04 1.4214355948828335e-04
0545 1.0464832390572127e-04 1.4213653839988984e-04
0546 1.0464770047868191e-04 1.4212922898663066e-04
0547 1.0464707706218682e-04 1.4212209262772765e-04
0548 1.0464645365752779e-04 1.4211467741023401e-04
0549 1.0464583026433605e-04 1.4210746847988725e-04
0550 1.0464520688237764e-04 1.4210023636997834e-04
0551 1.0464458351059794e-04 1.4209322853610747e-04
0552 1.0464396015123676e-04 1.4208646020529234e-04
0553 1.0464333680257180e-04 1.4207940237823328e-04
0554 1.0464271346433621e-04 1.4207260078219933e-04
0555 1.0464209013664982e-04 1.4206581640163019e-04
0556 1.0464146682002136e-04 1.4205890846961296e-04
0557 1.0464084351389492e-04 1.4205203021390691e-04
0558 1.0464022021861548e-04 1.4204514546075085e-04
0559 1.0463959693337134e-04 1.4203838464580025e-04
0560 1.0463897365894596e-04 1.4203147888972037e-04
0561 1.0463835039506897e-04 1.4202462283636290e-04
0562 1.0463772714080440e-04 1.4201800898788785e-04
0563 1.0463710389718443e-04 1.4201114581494361e-04
0564 1.0463648066388430e-04 1.4200436374801236e-04
0565 1.0463585744057811e-04 1.4199779376778410e-04
0566 1.0463523422675800e-04 1.4199119820419302e-04
0567 1.0463461102328697e-04 1.4198442553597769e-04
0568 1.0463398782957107e-04 1.4197775448032828e-04
0569 1.0463336464607095e-04 1.4197113362230673e-04
0570 1.0463274147167525e-04 1.4196469021063004e-04
0571 1.0463211830671109e-04 1.4195828150916317e-04
0572 1.0463149515200816e-04 1.4195179661874620e-04
0573 1.0463087200540983e-04 1.4194542142731173e-04
0574 1.0463024886983059e-04 1.4193891603443514e-04
0575 1.0462962574246444e-04 1.4193244571355596e-04
0576 1.0462900262495602e-04 1.4192584187789950e-04
0577 1.0462837951684237e-04 1.4191945253788432e-04
0578 1.0462775641673194e-04 1.4191336714136746e-04
0579 1.0462713332577842e-04 1.4190720792382582e-04
0580 1.0462651024356177e-04 1.4190080650480961e-04
0581 1.0462588717101307e-04 1.4189443433921823e-04
0582 1.0462526410687502e-04 1.4188803278442758e-04
0583 1.0462464105122280e-04 1.4188173803919308e-04
0584 1.0462401800419574e-04 1.4187549964382419e-04
0585 1.0462339496591119e-04 1.4186923366109889e-04
0586 1.0462277193533793e-04 1.4186317605718567e-04
0587 1.0462214891357531e-04 1.4185698464535838e-04
0588 1.0462152589986525e-04 1.4185086367861117e-04
0589 1.0462090289398658e-04 1.4184472326802598e-04
0590 1.0462027989684858e-04 1.4183864236210674e-04
0591 1.0461965690767793e-04 1.4183241331281065e-04
0592 1.0461903392588197e-04 1.4182648387560458e-04
0593 1.0461841095188771e-04 1.4182043234194731e-04
0594 1.0461778798634453e-04 1.4181429626640443e-04
0595 1.0461716502723251e-04 1.4180843393229306e-04
0596 1.0461654207689004e-04 1.4180228227724949e-04
0597 1.0461591913322950e-04 1.4179659945193776e-04
0598 1.0461529619695172e-04 1.4179068995927307e-04
0599 1.0461467326766473e-04 1.4178472640804211e-04
0600 1.0461405034665126e-04 1.4177854655088426e-04
