# step du_rel dp_rel
# u_rtol 1.0000000000000000e-04
# p_rtol 1.0000000000000000e-03
0001 1.0315129172329654e-04 2.3358805701883217e-03
0002 1.0315057910539404e-04 2.2087799015774868e-03
0003 1.0314987172835473e-04 2.0869632983127619e-03
0004 1.0314916807429092e-04 1.9700120305795031e-03
0005 1.0314846710053956e-04 1.8576417137734246e-03
0006 1.0314776809758164e-04 1.7496616085951671e-03
0007 1.0314707058882833e-04 1.6459446178996990e-03
0008 1.0314637426018956e-04 1.5464048017833903e-03
0009 1.0314567890927370e-04 1.4509806604325196e-03
0010 1.0314498441098978e-04 1.3596236358938178e-03
0011 1.0314429069182154e-04 1.2722895774414178e-03
0012 1.0314359771370130e-04 1.1889338595993471e-03
0013 1.0314290546048342e-04 1.1095066452039275e-03
0014 1.0314221393052456e-04 1.0339520047053517e-03
0015 1.0314152313078886e-04 9.6220679031444492e-04
0016 1.0314083307275841e-04 8.9419960376643500e-04
0017 1.0314014376967532e-04 8.2985182513116808e-04
0018 1.0313945523527396e-04 7.6907809785469665e-04
0019 1.0313876748245937e-04 7.1178771822559333e-04
0020 1.0313808052226366e-04 6.5788514820686993e-04
0021 1.0313739436456241e-04 6.0727204020254795e-04
0022 1.0313670901669393e-04 5.5984788578456140e-04
0023 1.0313602448469346e-04 5.1551220194323902e-04
0024 1.0313534077208052e-04 4.7416434258896312e-04
0025 1.0313465788113900e-04 4.3570613914455949e-04
0026 1.0313397581241819e-04 4.0004222171334774e-04
0027 1.0313329456465793e-04 3.6708046460288572e-04
0028 1.0313261413586419e-04 3.3673475142801274e-04
0029 1.0313193452284203e-04 3.0892324721516762e-04
0030 1.0313125572085398e-04 2.8356977954920016e-04
0031 1.0313057772538353e-04 2.6060385947319973e-04
0032 1.0312990052992114e-04 2.3995747057990060e-04
0033 1.0312922412850828e-04 2.2156610248205046e-04
0034 1.0312854851380525e-04 2.0536281449938707e-04
0035 1.0312787367862195e-04 1.9127610942209266e-04
0036 1.0312719961536284e-04 1.7922421875427746e-04
0037 1.0312652631573709e-04 1.6910981546007858e-04
0038 1.0312585377166871e-04 1.6081696551837647e-04
0039 1.0312518197506048e-04 1.5420826551436060e-04
0040 1.0312451091705630e-04 1.4912600060150444e-04
0041 1.0312384058928191e-04 1.4539717463126173e-04
0042 1.0312317098348293e-04 1.4283969521697223e-04
0043 1.0312250209047139e-04 1.4127086210649159e-04
0044 1.0312183390193553e-04 1.4051540740342354e-04
0045 1.0312116640948877e-04 1.4041156361276730e-04
0046 1.0312049960442532e-04 1.4081523366371937e-04
0047 1.0311983347824443e-04 1.4160203990000868e-04
0048 1.0311916802275889e-04 1.4266729402110954e-04
0049 1.0311850322938493e-04 1.4392480436361009e-04
0050 1.0311783909039541e-04 1.4530505300569920e-04
0051 1.0311717559721741e-04 1.4675325895822933e-04
0052 1.0311651274216064e-04 1.4822659512911263e-04
0053 1.0311585051726253e-04 1.4969255877643871e-04
0054 1.0311518891471433e-04 1.5112694886264312e-04
0055 1.0311452792662112e-04 1.5251210475224363e-04
0056 1.0311386754594478e-04 1.5383556717000764e-04
0057 1.0311320776462523e-04 1.5508948459432793e-04
0058 1.0311254857570897e-04 1.5626870884202353e-04
0059 1.0311188997181236e-04 1.5737095382795037e-04
0060 1.0311123194591786e-04 1.5839564585870132e-04
0061 1.0311057449085118e-04 1.5934395364925586e-04
0062 1.0310991759991106e-04 1.6021772054063794e-04
0063 1.0310926126621360e-04 1.6101969920561589e-04
0064 1.0310860548319416e-04 1.6175331604759277e-04
0065 1.0310795024423614e-04 1.6242225189952347e-04
0066 1.0310729554265474e-04 1.6303038523532068e-04
0067 1.0310664137206951e-04 1.6358134441748796e-04
0068 1.0310598772683878e-04 1.6407880899108255e-04
0069 1.0310533460000068e-04 1.6452715980243767e-04
0070 1.0310468198593449e-04 1.6492963630380792e-04
0071 1.0310402987864933e-04 1.6528995035903262e-04
0072 1.0310337827181194e-04 1.6561153711202567e-04
0073 1.0310272716047337e-04 1.6589721263711468e-04
0074 1.0310207653816870e-04 1.6615066308878044e-04
0075 1.0310142639955664e-04 1.6637427254106765e-04
0076 1.0310077673898956e-04 1.6657065290823079e-04
0077 1.0310012755107148e-04 1.6674222992513191e-04
0078 1.0309947883075060e-04 1.6689119595357038e-04
0079 1.0309883057219432e-04 1.6701984667598694e-04
0080 1.0309818277051306e-04 1.6712981147982671e-04
0081 1.0309753542062253e-04 1.6722303259746946e-04
0082 1.0309688851736471e-04 1.6730110081789517e-04
0083 1.0309624205542820e-04 1.6736560310016358e-04
0084 1.0309559603037081e-04 1.6741748535104966e-04
0085 1.0309495043729336e-04 1.6745804427288565e-04
0086 1.0309430527109870e-04 1.6748872884222128e-04
0087 1.0309366052743884e-04 1.6751034654677535e-04
0088 1.0309301620117174e-04 1.6752376663144099e-04
0089 1.0309237228808885e-04 1.6752958523377285e-04
0090 1.0309172878392545e-04 1.6752866041337968e-04
0091 1.0309108568369628e-04 1.6752208189349359e-04
0092 1.0309044298343043e-04 1.6751009600728789e-04
0093 1.0308980067808163e-04 1.6749334925603797e-04
0094 1.0308915876426321e-04 1.6747202581494464e-04
0095 1.0308851723725158e-04 1.6744697312251469e-04
0096 1.0308787609293217e-04 1.6741838784604490e-04
0097 1.0308723532727080e-04 1.6738654523281915e-04
0098 1.0308659493622321e-04 1.6735184975922462e-04
0099 1.0308595491569621e-04 1.6731466629575092e-04
0100 1.0308531526181232e-04 1.6727513867483183e-04
0101 1.0308467597076224e-04 1.6723356227642627e-04
0102 1.0308403703824615e-04 1.6719023052168548e-04
0103 1.0308339846111477e-04 1.6714492505757349e-04
0104 1.0308276023520652e-04 1.6709830605825244e-04
0105 1.0308212235680804e-04 1.6705037523488927e-04
0106 1.0308148482249354e-04 1.6700101908250224e-04
0107 1.0308084762849495e-04 1.6695065350563455e-04
0108 1.0308021077131491e-04 1.6689936692845868e-04
0109 1.0307957424735002e-04 1.6684722526576128e-04
0110 1.0307893805295377e-04 1.6679400533127465e-04
0111 1.0307830218526119e-04 1.6674007382546795e-04
0112 1.0307766664040326e-04 1.6668573429475599e-04
0113 1.0307703141497063e-04 1.6663076659830062e-04
0114 1.0307639650616467e-04 1.6657501038080336e-04
0115 1.0307576191007874e-04 1.6651893453894468e-04
0116 1.0307512762410075e-04 1.6646223766951361e-04
0117 1.0307449364444919e-04 1.6640525384857625e-04
0118 1.0307385996863322e-04 1.6634775215085981e-04
0119 1.0307322659291999e-04 1.6629013028587335e-04
0120 1.0307259351478465e-04 1.6623201091273240e-04
0121 1.0307196073053385e-04 1.6617377420234623e-04
0122 1.0307132823787510e-04 1.6611514769890510e-04
0123 1.0307069603349450e-04 1.6605643506782794e-04
0124 1.0307006411438363e-04 1.6599755572550015e-04
0125 1.0306943247777282e-04 1.6593838123856456e-04
0126 1.0306880112114796e-04 1.6587897025609357e-04
0127 1.0306817004098976e-04 1.6581971142488606e-04
0128 1.0306753923510081e-04 1.6576025721466324e-04
0129 1.0306690870023891e-04 1.6570079413545335e-04
0130 1.0306627843414905e-04 1.6564097374501170e-04
0131 1.0306564843409596e-04 1.6558116243457492e-04
0132 1.0306501869707178e-04 1.6552142135498488e-04
0133 1.0306438922066896e-04 1.6546176715504979e-04
0134 1.0306376000224768e-04 1.6540196657437270e-04
0135 1.0306313103932158e-04 1.6534211032289586e-04
0136 1.0306250232935606e-04 1.6528216088530120e-04
0137 1.0306187386975746e-04 1.6522237289279886e-04
0138 1.0306124565813727e-04 1.6516255203482017e-04
0139 1.0306061769215889e-04 1.6510271363967655e-04
0140 1.0305998996908672e-04 1.6504308131101391e-04
0141 1.0305936248680097e-04 1.6498343879990554e-04
0142 1.0305873524275839e-04 1.6492389712047977e-04
0143 1.0305810823488309e-04 1.6486422932084386e-04
0144 1.0305748146068328e-04 1.6480476848437789e-04
0145 1.0305685491791410e-04 1.6474542398977324e-04
0146 1.0305622860446499e-04 1.6468617241714300e-04
0147 1.0305560251779912e-04 1.6462720849299843e-04
0148 1.0305497665609983e-04 1.6456792629465861e-04
0149 1.0305435101655018e-04 1.6450926994619668e-04
0150 1.0305372559786354e-04 1.6445043278425007e-04
0151 1.0305310039750829e-04 1.6439176581929717e-04
0152 1.0305247541307577e-04 1.6433329280459016e-04
0153 1.0305185064306314e-04 1.6427479010148874e-04
0154 1.0305122608516913e-04 1.6421650985255052e-04
0155 1.0305060173723865e-04 1.6415846376196348e-04
0156 1.0304997759742842e-04 1.6410046066245781e-04
0157 1.0304935366379188e-04 1.6404259376571741e-04
0158 1.0304872993421762e-04 1.6398495202799712e-04
0159 1.0304810640683401e-04 1.6392738016654648e-04
0160 1.0304748307999325e-04 1.6386992340293490e-04
0161 1.0304685995142005e-04 1.6381279640199193e-04
0162 1.0304623701922574e-04 1.6375587014929210e-04
0163 1.0304561428180806e-04 1.6369898147912404e-04
0164 1.0304499173761133e-04 1.6364223176284961e-04
0165 1.0304436938412826e-04 1.6358586224540154e-04
0166 1.0304374721994614e-04 1.6352966730126409e-04
0167 1.0304312524353823e-04 1.6347344230032408e-04
0168 1.0304250345268210e-04 1.6341762879664554e-04
0169 1.0304188184586297e-04 1.6336186257805282e-04
0170 1.0304126042157445e-04 1.6330606691435126e-04
0171 1.0304063917792339e-04 1.6325063171524089e-04
0172 1.0304001811324447e-04 1.6319539550644732e-04
0173 1.0303939722610431e-04 1.6314038507518464e-04
0174 1.0303877651451618e-04 1.6308576908448622e-04
0175 1.0303815597702645e-04 1.6303118179598379e-04
0176 1.0303753561232810e-04 1.6297662571763627e-04
0177 1.0303691541836625e-04 1.6292249540769747e-04
0178 1.0303629539384653e-04 1.6286847503042256e-04
0179 1.0303567553724693e-04 1.6281454707976661e-04
0180 1.0303505584715824e-04 1.6276080037581209e-04
0181 1.0303443632196501e-04 1.6270741119951899e-04
0182 1.0303381695989397e-04 1.6265448031493917e-04
0183 1.0303319775987486e-04 1.6260143902797758e-04
0184 1.0303257872032200e-04 1.6254872785430660e-04
0185 1.0303195983976624e-04 1.6249619522422075e-04
0186 1.0303134111673494e-04 1.6244381599084894e-04
0187 1.0303072254997539e-04 1.6239158510259288e-04
0188 1.0303010413818153e-04 1.6233954595455373e-04
0189 1.0302948587963478e-04 1.6228785616909412e-04
0190 1.0302886777331669e-04 1.6223624171716843e-04
0191 1.0302824981770023e-04 1.6218492334096399e-04
0192 1.0302763201138302e-04 1.6213382043446127e-04
0193 1.0302701435347127e-04 1.6208275923222982e-04
0194 1.0302639684222846e-04 1.6203209221921018e-04
0195 1.0302577947630883e-04 1.6198166551032082e-04
0196 1.0302516225500007e-04 1.6193122343321665e-04
0197 1.0302454517638161e-04 1.6188118740263519e-04
0198 1.0302392823972287e-04 1.6183120479804701e-04
0199 1.0302331144356602e-04 1.6178143878010015e-04
0200 1.0302269478665620e-04 1.6173194351447196e-04
0201 1.0302207826821942e-04 1.6168258858225348e-04
0202 1.0302146188654538e-04 1.6163352534109712e-04
0203 1.0302084564040620e-04 1.6158483339480783e-04
0204 1.0302022952936164e-04 1.6153602356666467e-04
0205 1.0301961355145297e-04 1.6148766590554808e-04
0206 1.0301899770583231e-04 1.6143958954549034e-04
0207 1.0301838199153750e-04 1.6139154421686966e-04
0208 1.0301776640723120e-04 1.6134373804692936e-04
0209 1.0301715095193207e-04 1.6129596678254204e-04
0210 1.0301653562487748e-04 1.6124828883184745e-04
0211 1.0301592042420567e-04 1.6120118681177764e-04
0212 1.0301530534967865e-04 1.6115387527623071e-04
0213 1.0301469039971587e-04 1.6110708141876581e-04
0214 1.0301407557358915e-04 1.6106050223407980e-04
0215 1.0301346086991509e-04 1.6101423519098717e-04
0216 1.0301284628793827e-04 1.6096800500135425e-04
0217 1.0301223182659527e-04 1.6092206052304879e-04
0218 1.0301161748513746e-04 1.6087629171596625e-04
0219 1.0301100326177288e-04 1.6083083269714026e-04
0220 1.0301038915649829e-04 1.6078536005707336e-04
0221 1.0300977516772050e-04 1.6074026670458957e-04
0222 1.0300916129482707e-04 1.6069521848538181e-04
0223 1.0300854753681171e-04 1.6065042054862579e-04
0224 1.0300793389254877e-04 1.6060596943412789e-04
0225 1.0300732036105336e-04 1.6056166358944016e-04
0226 1.0300670694196311e-04 1.6051731193864429e-04
0227 1.0300609363366825e-04 1.6047344115562048e-04
0228 1.0300548043572928e-04 1.6042966795163429e-04
0229 1.0300486734696301e-04 1.6038605988640776e-04
0230 1.0300425436674677e-04 1.6034259915354346e-04
0231 1.0300364149427441e-04 1.6029924905668985e-04
0232 1.0300302872842305e-04 1.6025628072949331e-04
0233 1.0300241606832961e-04 1.6021361588738233e-04
0234 1.0300180351328179e-04 1.6017110015038139e-04
0235 1.0300119106250249e-04 1.6012863070653211e-04
0236 1.0300057871508906e-04 1.6008637204801556e-04
0237 1.0299996646996900e-04 1.6004455668720924e-04
0238 1.0299935432660925e-04 1.6000269662299672e-04
0239 1.0299874228469709e-04 1.5996088770004624e-04
0240 1.0299813034220996e-04 1.5991969712506092e-04
0241 1.0299751849958119e-04 1.5987850080655450e-04
0242 1.0299690675480766e-04 1.5983756694623602e-04
0243 1.0299629510842476e-04 1.5979650985295762e-04
0244 1.0299568355879842e-04 1.5975596886930947e-04
0245 1.0299507210539572e-04 1.5971554497243962e-04
0246 1.0299446074758577e-04 1.5967510499452188e-04
0247 1.0299384948460182e-04 1.5963514320543925e-04
0248 1.0299323831550040e-04 1.5959535840206714e-04
0249 1.0299262723985323e-04 1.5955566169607917e-04
0250 1.0299201625639139e-04 1.5951636359494163e-04
0251 1.0299140536483576e-04 1.5947696501923927e-04
0252 1.0299079456475323e-04 1.5943759223519942e-04
0253 1.0299018385492715e-04 1.5939873394166902e-04
0254 1.0298957323460357e-04 1.5936010256283341e-04
0255 1.0298896270352008e-04 1.5932145320670684e-04
0256 1.0298835226068327e-04 1.5928307091104369e-04
0257 1.0298774190561769e-04 1.5924488012364425e-04
0258 1.0298713163746598e-04 1.5920694772904624e-04
0259 1.0298652145560129e-04 1.5916927869404326e-04
0260 1.0298591135957445e-04 1.5913164135913571e-04
0261 1.0298530134832381e-04 1.5909428670398174e-04
0262 1.0298469142122385e-04 1.5905709817191511e-04
0263 1.0298408157824606e-04 1.5901990051138588e-04
0264 1.0298347181813979e-04 1.5898311681974213e-04
0265 1.0298286214020367e-04 1.5894635719355369e-04
0266 1.0298225254439380e-04 1.5890978188318758e-04
0267 1.0298164302970988e-04 1.5887346513713231e-04
0268 1.0298103359539643e-04 1.5883738266406116e-04
0269 1.0298042424119905e-04 1.5880134449981946e-04
0270 1.0297981496633483e-04 1.5876558233623333e-04
0271 1.0297920576992534e-04 1.5873001324386018e-04
0272 1.0297859665170286e-04 1.5869457433446499e-04
0273 1.0297798761123864e-04 1.5865918051089653e-04
0274 1.0297737864763287e-04 1.5862421321533710e-04
0275 1.0297676975992869e-04 1.5858949944749407e-04
0276 1.0297616094844091e-04 1.5855457509312111e-04
0277 1.0297555221233575e-04 1.5851999851267766e-04
0278 1.0297494355016651e-04 1.5848565695559614e-04
0279 1.0297433496249448e-04 1.5845138179808462e-04
0280 1.0297372644821566e-04 1.5841744453255071e-04
0281 1.0297311800670535e-04 1.5838365501090487e-04
0282 1.0297250963773700e-04 1.5834989425727122e-04
0283 1.0297190134060040e-04 1.5831642937026095e-04
0284 1.0297129311444949e-04 1.5828323242107599e-04
0285 1.0297068495945099e-04 1.5824995054183953e-04
0286 1.0297007687413087e-04 1.5821710017911700e-04
0287 1.0296946885870885e-04 1.5818422913137692e-04
0288 1.0296886091232447e-04 1.5815153222131670e-04
0289 1.0296825303458028e-04 1.5811896454326474e-04
0290 1.0296764522497828e-04 1.5808660733696904e-04
0291 1.0296703748266178e-04 1.5805456007739589e-04
0292 1.0296642980765731e-04 1.5802254046598475e-04
0293 1.0296582219889447e-04 1.5799076046215521e-04
0294 1.0296521465630541e-04 1.5795922217871336e-04
0295 1.0296460717903012e-04 1.5792783252166809e-04
0296 1.0296399976681829e-04 1.5789651144068812e-04
0297 1.0296339241905322e-04 1.5786528421148308e-04
0298 1.0296278513542237e-04 1.5783426812038915e-04
0299 1.0296217791501018e-04 1.5780350134895623e-04
0300 1.0296157075788447e-04 1.5777271389521465e-04
0301 1.0296096366306194e-04 1.5774223467281874e-04
0302 1.0296035663036282e-04 1.5771184964493890e-04
0303 1.0295974965936947e-04 1.5768166398127736e-04
0304 1.0295914274922324e-04 1.5765180448492689e-04
0305 1.0295853589985081e-04 1.5762199757529129e-04
0306 1.0295792911026561e-04 1.5759240715006726e-04
0307 1.0295732238070283e-04 1.5756271470968088e-04
0308 1.0295671571029861e-04 1.5753334646378972e-04
0309 1.0295610909845708e-04 1.5750417353485244e-04
0310 1.0295550254506247e-04 1.5747503358733980e-04
0311 1.0295489604934221e-04 1.5744613955912245e-04
0312 1.0295428961110194e-04 1.5741728813234746e-04
0313 1.0295368322986894e-04 1.5738866329064537e-04
0314 1.0295307690497908e-04 1.5736019875457551e-04
0315 1.0295247063602763e-04 1.5733198956583100e-04
0316 1.0295186442298267e-04 1.5730379342988076e-04
0317 1.0295125826467508e-04 1.5727594411880453e-04
0318 1.0295065216131613e-04 1.5724798546445188e-04
0319 1.0295004611221044e-04 1.5722027488661902e-04
0320 1.0294944011703940e-04 1.5719269289976137e-04
0321 1.0294883417506917e-04 1.5716539167907453e-04
0322 1.0294822828621395e-04 1.5713805161054242e-04
0323 1.0294762245017517e-04 1.5711082590877588e-04
0324 1.0294701666598668e-04 1.5708398712984249e-04
0325 1.0294641093345897e-04 1.5705711848192352e-04
0326 1.0294580525271020e-04 1.5703026909426351e-04
0327 1.0294519962257854e-04 1.5700389724039913e-04
0328 1.0294459404296174e-04 1.5697761215277924e-04
0329 1.0294398851355395e-04 1.5695140777694116e-04
0330 1.0294338303395073e-04 1.5692537110761616e-04
0331 1.0294277760316201e-04 1.5689942943657401e-04
0332 1.0294217222166757e-04 1.5687361760973283e-04
0333 1.0294156688856276e-04 1.5684797493920795e-04
0334 1.0294096160346099e-04 1.5682250223228363e-04
0335 1.0294035636637009e-04 1.5679701197145738e-04
0336 1.0293975117643217e-04 1.5677184206523652e-04
0337 1.0293914603342956e-04 1.5674675441292111e-04
0338 1.0293854093708610e-04 1.5672170595074311e-04
0339 1.0293793588677488e-04 1.5669695853238850e-04
0340 1.0293733088254922e-04 1.5667213087667271e-04
0341 1.0293672592353173e-04 1.5664768400055608e-04
0342 1.0293612100968984e-04 1.5662326476925575e-04
0343 1.0293551614045430e-04 1.5659898221792129e-04
0344 1.0293491131556218e-04 1.5657485754989851e-04
0345 1.0293430653450327e-04 1.5655094480562079e-04
0346 1.0293370179728988e-04 1.5652693967549755e-04
0347 1.0293309710338963e-04 1.5650329690335835e-04
0348 1.0293249245221633e-04 1.5647985276663322e-04
0349 1.0293188784335289e-04 1.5645658182767859e-04
0350 1.0293128327683022e-04 1.5643328437416670e-04
0351 1.0293067875212196e-04 1.5640995889257909e-04
0352 1.0293007426876507e-04 1.5638689632161559e-04
0353 1.0292946982658595e-04 1.5636381111255171e-04
0354 1.0292886542531763e-04 1.5634079803768285e-04
0355 1.0292826106460444e-04 1.5631809335645534e-04
0356 1.0292765674369854e-04 1.5629565201461432e-04
0357 1.0292705246276117e-04 1.5627319841976403e-04
0358 1.0292644822110858e-04 1.5625095130413028e-04
0359 1.0292584401876423e-04 1.5622877429966202e-04
0360 1.0292523985487929e-04 1.5620665970952129e-04
0361 1.0292463572975342e-04 1.5618459400211141e-04
0362 1.0292403164258938e-04 1.5616260910012017e-04
0363 1.0292342759325038e-04 1.5614095028418137e-04
0364 1.0292282358152480e-04 1.5611934209622860e-04
0365 1.0292221960702263e-04 1.5609791688122882e-04
0366 1.0292161566911695e-04 1.5607678556366211e-04
0367 1.0292101176783283e-04 1.5605555662003568e-04
0368 1.0292040790289330e-04 1.5603431593686414e-04
0369 1.0291980407401063e-04 1.5601330365966657e-04
0370 1.0291920028062852e-04 1.5599233383818735e-04
0371 1.0291859652246644e-04 1.5597179781801128e-04
0372 1.0291799279938666e-04 1.5595117463444434e-04
0373 1.0291738911099702e-04 1.5593058885682661e-04
0374 1.0291678545733844e-04 1.5591003285735970e-04
0375 1.0291618183774178e-04 1.5588976303328406e-04
0376 1.0291557825190705e-04 1.5586969290384411e-04
0377 1.0291497469982713e-04 1.5584973893606311e-04
0378 1.0291437118072716e-04 1.5582984675280813e-04
0379 1.0291376769495581e-04 1.5580998090738513e-04
0380 1.0291316424175088e-04 1.5579031731845683e-04
0381 1.0291256082105657e-04 1.5577074663034534e-04
0382 1.0291195743259603e-04 1.5575119130290148e-04
0383 1.0291135407595000e-04 1.5573185065367040e-04
0384 1.0291075075119311e-04 1.5571252879072149e-04
0385 1.0291014745767707e-04 1.5569344093661766e-04
0386 1.0290954419527101e-04 1.5567446356209102e-04
0387 1.0290894096369100e-04 1.5565552194320755e-04
0388 1.0290833776289549e-04 1.5563651014815369e-04
0389 1.0290773459202029e-04 1.5561791700666167e-04
0390 1.0290713145173365e-04 1.5559906315402972e-04
0391 1.0290652834121201e-04 1.5558059205524559e-04
0392 1.0290592526008268e-04 1.5556222177396355e-04
0393 1.0290532220851290e-04 1.5554391044115355e-04
0394 1.0290471918583993e-04 1.5552563844962392e-04
0395 1.0290411619203722e-04 1.5550753288386040e-04
0396 1.0290351322701205e-04 1.5548938366350900e-04
0397 1.0290291029043683e-04 1.5547139766172944e-04
0398 1.0290230738192625e-04 1.5545360644309106e-04
0399 1.0290170450141299e-04 1.5543581106397753e-04
0400 1.0290110164853578e-04 1.5541828734039428e-04
0401 1.0290049882319326e-04 1.5540082759332450e-04
0402 1.0289989602511400e-04 1.5538348280156054e-04
0403 1.0289929325400717e-04 1.5536629037513522e-04
0404 1.0289869050959818e-04 1.5534915777838405e-04
0405 1.0289808779205709e-04 1.5533188106242078e-04
0406 1.0289748510077666e-04 1.5531486150790951e-04
0407 1.0289688243572642e-04 1.5529804289374851e-04
0408 1.0289627979646148e-04 1.5528136009503282e-04
0409 1.0289567718302539e-04 1.5526461147661553e-04
0410 1.0289507459531698e-04 1.5524790995781148e-04
0411 1.0289447203274118e-04 1.5523147101489224e-04
0412 1.0289386949532050e-04 1.5521499177438927e-04
0413 1.0289326698301156e-04 1.5519853717562909e-04
0414 1.0289266449551354e-04 1.5518228211199584e-04
0415 1.0289206203241789e-04 1.5516618972953141e-04
0416 1.0289145959369719e-04 1.5515007329788334e-04
0417 1.0289085717921686e-04 1.5513407748045391e-04
0418 1.0289025478888960e-04 1.5511815000962222e-04
0419 1.0288965242214120e-04 1.5510246048415247e-04
0420 1.0288905007902439e-04 1.5508671389060811e-04
0421 1.0288844775949472e-04 1.5507099429391087e-04
0422 1.0288784546343490e-04 1.5505531983477374e-04
0423 1.0288724319027471e-04 1.5503995202178190e-04
0424 1.0288664094006779e-04 1.5502454676766082e-04
0425 1.0288603871264434e-04 1.5500923730906880e-04
0426 1.0288543650787183e-04 1.5499395068776364e-04
0427 1.0288483432561765e-04 1.5497884720052128e-04
0428 1.0288423216540534e-04 1.5496383635072469e-04
0429 1.0288363002764046e-04 1.5494872164940407e-04
0430 1.0288302791178603e-04 1.5493387649908618e-04
0431 1.0288242581754470e-04 1.5491920835991656e-04
0432 1.0288182374493124e-04 1.5490451444811280e-04
0433 1.0288122169408684e-04 1.5488980639496818e-04
0434 1.0288061966452482e-04 1.5487525728502459e-04
0435 1.0288001765619055e-04 1.5486081666826426e-04
0436 1.0287941566900066e-04 1.5484657454031061e-04
0437 1.0287881370242749e-04 1.5483235404365245e-04
0438 1.0287821175670387e-04 1.5481808660041470e-04
0439 1.0287760983188704e-04 1.5480385635460863e-04
0440 1.0287700792724095e-04 1.5478993341962581e-04
0441 1.0287640604351523e-04 1.5477578216703999e-04
0442 1.0287580417941884e-04 1.5476196178104096e-04
0443 1.0287520233570905e-04 1.5474806692505796e-04
0444 1.0287460051187833e-04 1.5473427582274749e-04
0445 1.0287399870810610e-04 1.5472042601966633e-04
0446 1.0287339692405350e-04 1.5470682846198240e-04
0447 1.0287279515951042e-04 1.5469335442584413e-04
0448 1.0287219341449065e-04 1.5467993377627986e-04
0449 1.0287159168878525e-04 1.5466662500806643e-04
0450 1.0287098998239438e-04 1.5465324094839417e-04
0451 1.0287038829514723e-04 1.5463990160874462e-04
0452 1.0286978662692093e-04 1.5462671814213313e-04
0453 1.0286918497761785e-04 1.5461352681894858e-04
0454 1.0286858334721242e-04 1.5460052093486896e-04
0455 1.0286798173531979e-04 1.5458758574907764e-04
0456 1.0286738014206483e-04 1.5457465329449068e-04
0457 1.0286677856757056e-04 1.5456167880861143e-04
0458 1.0286617701116500e-04 1.5454905762530516e-04
0459 1.0286557547314688e-04 1.5453632931636109e-04
0460 1.0286497395319776e-04 1.5452382720656876e-04
0461 1.0286437245156146e-04 1.5451119367399202e-04
0462 1.0286377096778132e-04 1.5449878154934836e-04
0463 1.0286316950192344e-04 1.5448634252959671e-04
0464 1.0286256805404500e-04 1.5447398648635888e-04
0465 1.0286196662352392e-04 1.5446169107028558e-04
0466 1.0286136521094440e-04 1.5444938060587684e-04
0467 1.0286076381574994e-04 1.5443724558337837e-04
0468 1.0286016243815615e-04 1.5442513307821758e-04
0469 1.0285956107796679e-04 1.5441310010780854e-04
0470 1.0285895973494593e-04 1.5440107191390663e-04
0471 1.0285835840899027e-04 1.5438928075597338e-04
0472 1.0285775710024031e-04 1.5437746180129236e-04
0473 1.0285715580885479e-04 1.5436557383916288e-04
0474 1.0285655453408164e-04 1.5435393044829724e-04
0475 1.0285595327610849e-04 1.5434218894975777e-04
0476 1.0285535203515805e-04 1.5433054547756944e-04
0477 1.0285475081108126e-04 1.5431888052755749e-04
0478 1.0285414960355287e-04 1.5430754947410571e-04
0479 1.0285354841248593e-04 1.5429610324647729e-04
0480 1.0285294723806209e-04 1.5428472765164673e-04
0481 1.0285234608017326e-04 1.5427338398781953e-04
0482 1.0285174493857203e-04 1.5426218393541235e-04
0483 1.0285114381326778e-04 1.5425089269616819e-04
0484 1.0285054270437152e-04 1.5423976347813477e-04
0485 1.0284994161151875e-04 1.5422861209430801e-04
0486 1.0284934053493165e-04 1.5421760445229814e-04
0487 1.0284873947427210e-04 1.5420663737776406e-04
0488 1.0284813842981721e-04 1.5419573972768613e-04
0489 1.0284753740107424e-04 1.5418496407330795e-04
0490 1.0284693638824414e-04 1.5417410325220280e-04
0491 1.0284633539135761e-04 1.5416322464000660e-04
0492 1.0284573441015560e-04 1.5415249126554342e-04
0493 1.0284513344493394e-04 1.5414181701037339e-04
0494 1.0284453249499626e-04 1.5413127406500480e-04
0495 1.0284393156072722e-04 1.5412075423597415e-04
0496 1.0284333064232037e-04 1.5411016458373721e-04
0497 1.0284272973907574e-04 1.5409975618818064e-04
0498 1.0284212885131100e-04 1.5408939455107895e-04
0499 1.0284152797902637e-04 1.5407904850729071e-04
0500 1.0284092712205327e-04 1.5406872684746564e-04
0501 1.0284032628044975e-04 1.5405842084781709e-04
0502 1.0283972545402745e-04 1.5404825432048419e-04
0503 1.0283912464301987e-04 1.5403810353328297e-04
0504 1.0283852384655463e-04 1.5402803493254948e-04
0505 1.0283792306577755e-04 1.5401785545945631e-04
0506 1.0283732229973255e-04 1.5400804010257699e-04
0507 1.0283672154890536e-04 1.5399808130142024e-04
0508 1.0283612081285136e-04 1.5398829224807934e-04
0509 1.0283552009179587e-04 1.5397841277787252e-04
0510 1.0283491938567298e-04 1.5396864686210716e-04
0511 1.0283431869411167e-04 1.5395897879611988e-04
0512 1.0283371801745770e-04 1.5394916489622643e-04
0513 1.0283311735576505e-04 1.5393939671165646e-04
0514 1.0283251670849230e-04 1.5392978401336963e-04
0515 1.0283191607578369e-04 1.5392017456481748e-04
0516 1.0283131545812507e-04 1.5391048905739676e-04
0517 1.0283071485462141e-04 1.5390118539428916e-04
0518 1.0283011426566350e-04 1.5389175101733349e-04
0519 1.0282951369136947e-04 1.5388222955504824e-04
0520 1.0282891313144857e-04 1.5387290084489653e-04
0521 1.0282831258603991e-04 1.5386361547130206e-04
0522 1.0282771205463282e-04 1.5385451939157452e-04
0523 1.0282711153780876e-04 1.5384521495201582e-04
0524 1.0282651103514434e-04 1.5383600931328926e-04
0525 1.0282591054678373e-04 1.5382683284728444e-04
0526 1.0282531007257186e-04 1.5381765792591375e-04
0527 1.0282470961260753e-04 1.5380849358646306e-04
0528 1.0282410916673182e-04 1.5379939469943319e-04
0529 1.0282350873498220e-04 1.5379036707670703e-04
0530 1.0282290831706533e-04 1.5378147127647712e-04
0531 1.0282230791331080e-04 1.5377255050473220e-04
0532 1.0282170752334651e-04 1.5376372305712292e-04
0533 1.0282110714751055e-04 1.5375475753681155e-04
0534 1.0282050678533816e-04 1.5374597056615037e-04
0535 1.0281990643723421e-04 1.5373703694789468e-04
0536 1.0281930610268403e-04 1.5372833797361833e-04
0537 1.0281870578257299e-04 1.5371947758837778e-04
0538 1.0281810547518664e-04 1.5371089291876195e-04
0539 1.0281750518221566e-04 1.5370231059067430e-04
0540 1.0281690490235375e-04 1.5369397339921976e-04
0541 1.0281630463645235e-04 1.5368531777771774e-04
0542 1.0281570438395352e-04 1.5367679517233997e-04
0543 1.0281510414516109e-04 1.5366827852274077e-04
0544 1.0281450391972055e-04 1.5365981606589634e-04
0545 1.0281390370774548e-04 1.5365144015536643e-04
0546 1.0281330350958943e-04 1.5364304509903724e-04
0547 1.0281270332408093e-04 1.5363484575231534e-04
0548 1.0281210315231680e-04 1.5362647198551772e-04
0549 1.0281150299374708e-04 1.5361840613929714e-04
0550 1.0281090284832501e-04 1.5361026809175985e-04
0551 1.0281030271614301e-04 1.5360206928561481e-04
0552 1.0280970259719732e-04 1.5359372614864622e-04
0553 1.0280910249124438e-04 1.5358561278485425e-04
0554 1.0280850239861259e-04 1.5357742457761965e-04
0555 1.0280790231889775e-04 1.5356942563872754e-04
0556 1.0280730225222381e-04 1.5356143919985167e-04
0557 1.0280670219822785e-04 1.5355349617070837e-04
0558 1.0280610215737589e-04 1.5354535458860752e-04
0559 1.0280550212942689e-04 1.5353741509847242e-04
0560 1.0280490211409626e-04 1.5352954510448272e-04
0561 1.0280430211183315e-04 1.5352152036630091e-04
0562 1.0280370212211606e-04 1.5351371889142350e-04
0563 1.0280310214544027e-04 1.5350587920809862e-04
0564 1.0280250218077003e-04 1.5349813526051073e-04
0565 1.0280190222897546e-04 1.5349038273794742e-04
0566 1.0280130228982480e-04 1.5348256887931597e-04
0567 1.0280070236323327e-04 1.5347487467255987e-04
0568 1.0280010244895343e-04 1.5346728893956719e-04
0569 1.0279950254717478e-04 1.5345964581319312e-04
0570 1.0279890265783915e-04 1.5345206487676183e-04
0571 1.0279830278060486e-04 1.5344454955500239e-04
0572 1.0279770291584078e-04 1.5343688120812572e-04
0573 1.0279710306326807e-04 1.5342934253019175e-04
0574 1.0279650322261341e-04 1.5342184316642564e-04
0575 1.0279590339439306e-04 1.5341415181938252e-04
0576 1.0279530357816900e-04 1.5340661394497838e-04
0577 1.0279470377394314e-04 1.5339911853486018e-04
0578 1.0279410398190286e-04 1.5339164144519547e-04
0579 1.0279350420183114e-04 1.5338436338047031e-04
0580 1.0279290443323532e-04 1.5337727814455430e-04
0581 1.0279230467661876e-04 1.5336995004084771e-04
0582 1.0279170493172790e-04 1.5336251246465867e-04
0583 1.0279110519894153e-04 1.5335513829153657e-04
0584 1.0279050547736790e-04 1.5334803874112810e-04
0585 1.0278990576760761e-04 1.5334078549312285e-04
0586 1.0278930606924346e-04 1.5333359259219568e-04
0587 1.0278870638277876e-04 1.5332628370676502e-04
0588 1.0278810670747266e-04 1.5331923450672216e-04
0589 1.0278750704361085e-04 1.5331203790555783e-04
0590 1.0278690739112077e-04 1.5330497358476716e-04
0591 1.0278630775018000e-04 1.5329790364487704e-04
0592 1.0278570811992943e-04 1.5329098226112505e-04
0593 1.0278510850129700e-04 1.5328392154693001e-04
0594 1.0278450889342562e-04 1.5327699307223007e-04
0595 1.0278390929702860e-04 1.5326994618463472e-04
0596 1.0278330971138238e-04 1.5326307397989003e-04
0597 1.0278271013669499e-04 1.5325615203832675e-04
0598 1.0278211057294351e-04 1.5324917074344195e-04
0599 1.0278151102012359e-04 1.5324222724062871e-04
0600 1.0278091147803335e-04 1.5323543979642472e-04
