# step du_rel dp_rel
# u_rtol 1.0000000000000000e-04
# p_rtol 1.0000000000000000e-03
0001 1.0176476492598218e-04 2.3642037227702586e-03
0002 1.0176402370588157e-04 2.2360486403442967e-03
0003 1.0176328788501861e-04 2.1130998761274998e-03
0004 1.0176255593133151e-04 1.9949665809978648e-03
0005 1.0176182679094363e-04 1.8813852774752294e-03
0006 1.0176109974632778e-04 1.7721833144810630e-03
0007 1.0176037431484116e-04 1.6672475446826917e-03
0008 1.0175965017721552e-04 1.5665030830797713e-03
0009 1.0175892712728686e-04 1.4698971303719163e-03
0010 1.0175820503627409e-04 1.3773877593968920e-03
0011 1.0175748382792108e-04 1.2889362120423386e-03
0012 1.0175676346140974e-04 1.2045014346240169e-03
0013 1.0175604391815747e-04 1.1240359050757969e-03
0014 1.0175532519378105e-04 1.0474854929931000e-03
0015 1.0175460729352059e-04 9.7478838703093972e-04
0016 1.0175389022647683e-04 9.0587329633788963e-04
0017 1.0175317400403789e-04 8.4066130025867982e-04
0018 1.0175245863759776e-04 7.7906658268694462e-04
0019 1.0175174413829503e-04 7.2099774012607666e-04
0020 1.0175103051528727e-04 6.6635816081134583e-04
0021 1.0175031777651539e-04 6.1504821239188282e-04
0022 1.0174960592757755e-04 5.6696571589052362e-04
0023 1.0174889497235850e-04 5.2200883643578350e-04
0024 1.0174818491347656e-04 4.8007568974022690e-04
0025 1.0174747575089196e-04 4.4106571313736598e-04
0026 1.0174676748362660e-04 4.0488196990829810e-04
0027 1.0174606010888259e-04 3.7143110169965182e-04
0028 1.0174535362322045e-04 3.4062516063509458e-04
0029 1.0174464802152031e-04 3.1238109288619367e-04
0030 1.0174394329818374e-04 2.8662154094958995e-04
0031 1.0174323944655203e-04 2.6327455788844581e-04
0032 1.0174253645930575e-04 2.4227245909516049e-04
0033 1.0174183432861034e-04 2.2354942559984226e-04
0034 1.0174113304636008e-04 2.0703969765952608e-04
0035 1.0174043260332499e-04 1.9267217316140751e-04
0036 1.0173973299111904e-04 1.8036661427310398e-04
0037 1.0173903420016445e-04 1.7002688742196435e-04
0038 1.0173833622127438e-04 1.6153833214887299e-04
0039 1.0173763904467970e-04 1.5476425563267361e-04
0040 1.0173694266084561e-04 1.4954723787747362e-04
0041 1.0173624706016949e-04 1.4571306468848109e-04
0042 1.0173555223277168e-04 1.4307767764051187e-04
0043 1.0173485816914187e-04 1.4145566521227238e-04
0044 1.0173416485947825e-04 1.4066823377974300e-04
0045 1.0173347229439734e-04 1.4054997741115045e-04
0046 1.0173278046427866e-04 1.4095329579269389e-04
0047 1.0173208935961471e-04 1.4175059330822346e-04
0048 1.0173139897119033e-04 1.4283431463135254e-04
0049 1.0173070928941640e-04 1.4411599814168153e-04
0050 1.0173002030569848e-04 1.4552425944117401e-04
0051 1.0172933201065467e-04 1.4700276844219375e-04
0052 1.0172864439550698e-04 1.4850752803586818e-04
0053 1.0172795745152298e-04 1.5000516692156255e-04
0054 1.0172727117008157e-04 1.5147067823452080e-04
0055 1.0172658554253770e-04 1.5288611464076639e-04
0056 1.0172590056071069e-04 1.5423870211840095e-04
0057 1.0172521621606768e-04 1.5552025847470567e-04
0058 1.0172453250083739e-04 1.5672550627618238e-04
0059 1.0172384940677919e-04 1.5785217708759507e-04
0060 1.0172316692583947e-04 1.5889977937254138e-04
0061 1.0172248505119360e-04 1.5986902983477271e-04
0062 1.0172180377408757e-04 1.6076252252700935e-04
0063 1.0172112308772858e-04 1.6158274178954663e-04
0064 1.0172044298449798e-04 1.6233329191368793e-04
0065 1.0171976345723293e-04 1.6301749125470827e-04
0066 1.0171908449884463e-04 1.6363952481079016e-04
0067 1.0171840610233186e-04 1.6420319239475131e-04
0068 1.0171772826063343e-04 1.6471266951272276e-04
0069 1.0171705096715075e-04 1.6517156177401365e-04
0070 1.0171637421534762e-04 1.6558386497756930e-04
0071 1.0171569799787502e-04 1.6595330784225704e-04
0072 1.0171502230944231e-04 1.6628255486207660e-04
0073 1.0171434714279913e-04 1.6657578334954313e-04
0074 1.0171367249227078e-04 1.6683550814373230e-04
0075 1.0171299835113836e-04 1.6706502445980117e-04
0076 1.0171232471397129e-04 1.6726665387784166e-04
0077 1.0171165157394924e-04 1.6744311340103070e-04
0078 1.0171097892607541e-04 1.6759639623123036e-04
0079 1.0171030676407375e-04 1.6772884200668176e-04
0080 1.0170963508245146e-04 1.6784218341313328e-04
0081 1.0170896387549813e-04 1.6793849258896193e-04
0082 1.0170829313768837e-04 1.6801929982655943e-04
0083 1.0170762286368693e-04 1.6808593895845125e-04
0084 1.0170695304795822e-04 1.6813995267694860e-04
0085 1.0170628368550364e-04 1.6818243210405494e-04
0086 1.0170561477075813e-04 1.6821481542733446e-04
0087 1.0170494629875835e-04 1.6823768175874319e-04
0088 1.0170427826457286e-04 1.6825213460426941e-04
0089 1.0170361066301175e-04 1.6825905443655455e-04
0090 1.0170294348947087e-04 1.6825906235105951e-04
0091 1.0170227673894935e-04 1.6825309664592731e-04
0092 1.0170161040653916e-04 1.6824178273885257e-04
0093 1.0170094448751151e-04 1.6822540828106064e-04
0094 1.0170027897746043e-04 1.6820431860554812e-04
0095 1.0169961387188369e-04 1.6817922349345033e-04
0096 1.0169894916623221e-04 1.6815055308152827e-04
0097 1.0169828485581611e-04 1.6811887174502190e-04
0098 1.0169762093634992e-04 1.6808410989391877e-04
0099 1.0169695740382691e-04 1.6804667695097876e-04
0100 1.0169629425365143e-04 1.6800706363927922e-04
0101 1.0169563148162604e-04 1.6796534576647481e-04
0102 1.0169496908368738e-04 1.6792164873570046e-04
0103 1.0169430705581282e-04 1.6787604913956651e-04
0104 1.0169364539404217e-04 1.6782894109832012e-04
0105 1.0169298409412306e-04 1.6778045565179564e-04
0106 1.0169232315235979e-04 1.6773059393121350e-04
0107 1.0169166256487264e-04 1.6767965455856496e-04
0108 1.0169100232780791e-04 1.6762785329359065e-04
0109 1.0169034243712089e-04 1.6757521790063796e-04
0110 1.0168968288961891e-04 1.6752137312657617e-04
0111 1.0168902368144058e-04 1.6746680356612365e-04
0112 1.0168836480844735e-04 1.6741194608733471e-04
0113 1.0168770626794109e-04 1.6735592903469767e-04
0114 1.0168704805581481e-04 1.6729953186405671e-04
0115 1.0168639016872802e-04 1.6724276853273862e-04
0116 1.0168573260318428e-04 1.6718545837276575e-04
0117 1.0168507535602741e-04 1.6712766927384580e-04
0118 1.0168441842373622e-04 1.6706959764764163e-04
0119 1.0168376180283590e-04 1.6701123303089710e-04
0120 1.0168310549031656e-04 1.6695245107481736e-04
0121 1.0168244948303218e-04 1.6689320389021078e-04
0122 1.0168179377753459e-04 1.6683391072667850e-04
0123 1.0168113837085058e-04 1.6677425200712891e-04
0124 1.0168048326000740e-04 1.6671436879371574e-04
0125 1.0167982844148871e-04 1.6665431712259378e-04
0126 1.0167917391295838e-04 1.6659415047436211e-04
0127 1.0167851967095308e-04 1.6653397453886078e-04
0128 1.0167786571250114e-04 1.6647378000776312e-04
0129 1.0167721203491320e-04 1.6641334538947534e-04
0130 1.0167655863526316e-04 1.6635274870638073e-04
0131 1.0167590551082866e-04 1.6629215591486651e-04
0132 1.0167525265851078e-04 1.6623158200680256e-04
0133 1.0167460007589290e-04 1.6617087799981791e-04
0134 1.0167394775998413e-04 1.6611020365005406e-04
0135 1.0167329570828705e-04 1.6604932524864557e-04
0136 1.0167264391785464e-04 1.6598862810006788e-04
0137 1.0167199238652561e-04 1.6592778287460259e-04
0138 1.0167134111141405e-04 1.6586709448273022e-04
0139 1.0167069008980467e-04 1.6580652649554831e-04
0140 1.0167003931949716e-04 1.6574581880318405e-04
0141 1.0166938879790350e-04 1.6568525509634181e-04
0142 1.0166873852246413e-04 1.6562467100963258e-04
0143 1.0166808849077221e-04 1.6556427541481928e-04
0144 1.0166743870043134e-04 1.6550398492443130e-04
0145 1.0166678914913648e-04 1.6544366042568729e-04
0146 1.0166613983432569e-04 1.6538348896755827e-04
0147 1.0166549075399955e-04 1.6532336990208866e-04
0148 1.0166484190577575e-04 1.6526325241994776e-04
0149 1.0166419328745877e-04 1.6520344112199630e-04
0150 1.0166354489627980e-04 1.6514398893862739e-04
0151 1.0166289673050371e-04 1.6508449505366724e-04
0152 1.0166224878812162e-04 1.6502489814626558e-04
0153 1.0166160106650218e-04 1.6496551988008214e-04
0154 1.0166095356386365e-04 1.6490628145034855e-04
0155 1.0166030627800465e-04 1.6484715639258676e-04
0156 1.0165965920689817e-04 1.6478818291142184e-04
0157 1.0165901234847680e-04 1.6472945967375142e-04
0158 1.0165836570073771e-04 1.6467086337029139e-04
0159 1.0165771926133171e-04 1.6461261929324891e-04
0160 1.0165707302874392e-04 1.6455424969039412e-04
0161 1.0165642700085409e-04 1.6449602787136202e-04
0162 1.0165578117585043e-04 1.6443800851011496e-04
0163 1.0165513555158615e-04 1.6438032491657086e-04
0164 1.0165449012641471e-04 1.6432272746796911e-04
0165 1.0165384489818006e-04 1.6426546068359056e-04
0166 1.0165319986547374e-04 1.6420814321340270e-04
0167 1.0165255502605177e-04 1.6415124879452068e-04
0168 1.0165191037826358e-04 1.6409445953043548e-04
0169 1.0165126592056170e-04 1.6403772999064382e-04
0170 1.0165062165095924e-04 1.6398133636986575e-04
0171 1.0164997756771608e-04 1.6392517388449511e-04
0172 1.0164933366922391e-04 1.6386898319854548e-04
0173 1.0164868995369262e-04 1.6381316211254714e-04
0174 1.0164804641946110e-04 1.6375740467049449e-04
0175 1.0164740306520873e-04 1.6370173740965955e-04
0176 1.0164675988873235e-04 1.6364660730175669e-04
0177 1.0164611688898198e-04 1.6359141017576999e-04
0178 1.0164547406389951e-04 1.6353664870388048e-04
0179 1.0164483141228246e-04 1.6348197923616594e-04
0180 1.0164418893218463e-04 1.6342765226216334e-04
0181 1.0164354662229898e-04 1.6337335312773598e-04
0182 1.0164290448132709e-04 1.6331908702708439e-04
0183 1.0164226250739606e-04 1.6326527716219972e-04
0184 1.0164162069925724e-04 1.6321160957058622e-04
0185 1.0164097905526744e-04 1.6315822031145099e-04
0186 1.0164033757408796e-04 1.6310499184078909e-04
0187 1.0163969625437313e-04 1.6305198989552468e-04
0188 1.0163905509439233e-04 1.6299932424306405e-04
0189 1.0163841409305590e-04 1.6294658432152015e-04
0190 1.0163777324884786e-04 1.6289413782364493e-04
0191 1.0163713256038407e-04 1.6284195221908510e-04
0192 1.0163649202665137e-04 1.6278984496414324e-04
0193 1.0163585164569053e-04 1.6273818162026340e-04
0194 1.0163521141664631e-04 1.6268662438609222e-04
0195 1.0163457133813750e-04 1.6263525892028067e-04
0196 1.0163393140888942e-04 1.6258409846291099e-04
0197 1.0163329162727278e-04 1.6253319184362632e-04
0198 1.0163265199259170e-04 1.6248243712918783e-04
0199 1.0163201250328486e-04 1.6243198163676153e-04
0200 1.0163137315791213e-04 1.6238180726795256e-04
0201 1.0163073395566442e-04 1.6233159174245784e-04
0202 1.0163009489526091e-04 1.6228148861151213e-04
0203 1.0162945597534843e-04 1.6223178487110757e-04
0204 1.0162881719484217e-04 1.6218225535792578e-04
0205 1.0162817855254171e-04 1.6213299029985045e-04
0206 1.0162754004729141e-04 1.6208393114469638e-04
0207 1.0162690167803158e-04 1.6203497600605273e-04
0208 1.0162626344363872e-04 1.6198633914652185e-04
0209 1.0162562534284336e-04 1.6193793315847927e-04
0210 1.0162498737486598e-04 1.6188966779231173e-04
0211 1.0162434953825488e-04 1.6184187481518050e-04
0212 1.0162371183191424e-04 1.6179418893850405e-04
0213 1.0162307425509225e-04 1.6174659324381786e-04
0214 1.0162243680667103e-04 1.6169918896830342e-04
0215 1.0162179948528434e-04 1.6165214672375893e-04
0216 1.0162116229046811e-04 1.6160501392858029e-04
0217 1.0162052522050703e-04 1.6155840436864218e-04
0218 1.0161988827509237e-04 1.6151171628238557e-04
0219 1.0161925145268828e-04 1.6146537902107130e-04
0220 1.0161861475277286e-04 1.6141913885150933e-04
0221 1.0161797817394824e-04 1.6137333649358609e-04
0222 1.0161734171533726e-04 1.6132765417554469e-04
0223 1.0161670537623596e-04 1.6128208545734303e-04
0224 1.0161606915556601e-04 1.6123680661791744e-04
0225 1.0161543305213167e-04 1.6119184758773853e-04
0226 1.0161479706519152e-04 1.6114694909502184e-04
0227 1.0161416119417355e-04 1.6110195587969856e-04
0228 1.0161352543778439e-04 1.6105748897467072e-04
0229 1.0161288979504170e-04 1.6101326924797136e-04
0230 1.0161225426545269e-04 1.6096907344748235e-04
0231 1.0161161884773928e-04 1.6092522727836388e-04
0232 1.0161098354132352e-04 1.6088147365538543e-04
0233 1.0161034834520033e-04 1.6083793075849531e-04
0234 1.0160971325845361e-04 1.6079465499641392e-04
0235 1.0160907828055087e-04 1.6075145227882384e-04
0236 1.0160844341031970e-04 1.6070865542624986e-04
0237 1.0160780864698335e-04 1.6066600951080277e-04
0238 1.0160717398997068e-04 1.6062347557950133e-04
0239 1.0160653943816729e-04 1.6058125799924084e-04
0240 1.0160590499094198e-04 1.6053912167096265e-04
0241 1.0160527064732636e-04 1.6049721854139793e-04
0242 1.0160463640697680e-04 1.6045532839390573e-04
0243 1.0160400226859270e-04 1.6041381075644265e-04
0244 1.0160336823155978e-04 1.6037256628888359e-04
0245 1.0160273429530878e-04 1.6033135794440810e-04
0246 1.0160210045895426e-04 1.6029037889327472e-04
0247 1.0160146672173275e-04 1.6024966664138801e-04
0248 1.0160083308273896e-04 1.6020919494725191e-04
0249 1.0160019954156794e-04 1.6016876953363758e-04
0250 1.0159956609744010e-04 1.6012860075669496e-04
0251 1.0159893274925060e-04 1.6008877178782621e-04
0252 1.0159829949676146e-04 1.6004891384411958e-04
0253 1.0159766633907965e-04 1.6000936473513629e-04
0254 1.0159703327523913e-04 1.5997011890709394e-04
0255 1.0159640030498083e-04 1.5993079372099241e-04
0256 1.0159576742730532e-04 1.5989173410982111e-04
0257 1.0159513464177355e-04 1.5985275594290724e-04
0258 1.0159450194773939e-04 1.5981402809356031e-04
0259 1.0159386934413469e-04 1.5977582248870940e-04
0260 1.0159323683065235e-04 1.5973767000547034e-04
0261 1.0159260440635388e-04 1.5969973278088907e-04
0262 1.0159197207076642e-04 1.5966183882212091e-04
0263 1.0159133982328344e-04 1.5962399482327428e-04
0264 1.0159070766323371e-04 1.5958643576204730e-04
0265 1.0159007558998644e-04 1.5954912411066796e-04
0266 1.0158944360272627e-04 1.5951205279907758e-04
0267 1.0158881170100039e-04 1.5947509031407741e-04
0268 1.0158817988417944e-04 1.5943819134797875e-04
0269 1.0158754815177924e-04 1.5940144617665968e-04
0270 1.0158691650291548e-04 1.5936518541633717e-04
0271 1.0158628493708663e-04 1.5932904314289498e-04
0272 1.0158565345379902e-04 1.5929307222569433e-04
0273 1.0158502205206057e-04 1.5925734860757935e-04
0274 1.0158439073181201e-04 1.5922152611856614e-04
0275 1.0158375949223083e-04 1.5918596905433897e-04
0276 1.0158312833273797e-04 1.5915067018944722e-04
0277 1.0158249725286038e-04 1.5911555172807833e-04
0278 1.0158186625168170e-04 1.5908074713681967e-04
0279 1.0158123532889273e-04 1.5904582540638722e-04
0280 1.0158060448402825e-04 1.5901114941055557e-04
0281 1.0157997371637707e-04 1.5897669838241694e-04
0282 1.0157934302546475e-04 1.5894246815569216e-04
0283 1.0157871241065516e-04 1.5890850771086351e-04
0284 1.0157808187131060e-04 1.5887468801745799e-04
0285 1.0157745140700382e-04 1.5884089341228308e-04
0286 1.0157682101753096e-04 1.5880719121840901e-04
0287 1.0157619070181109e-04 1.5877398564753629e-04
0288 1.0157556045929844e-04 1.5874080885911940e-04
0289 1.0157493029004569e-04 1.5870769268840597e-04
0290 1.0157430019282401e-04 1.5867490418622636e-04
0291 1.0157367016768767e-04 1.5864197000835749e-04
0292 1.0157304021395526e-04 1.5860943290103117e-04
0293 1.0157241033085574e-04 1.5857721217236637e-04
0294 1.0157178051830170e-04 1.5854497535015477e-04
0295 1.0157115077530792e-04 1.5851302130215510e-04
0296 1.0157052110196585e-04 1.5848104706268426e-04
0297 1.0156989149706396e-04 1.5844954993511601e-04
0298 1.0156926196059336e-04 1.5841798193118957e-04
0299 1.0156863249212824e-04 1.5838652186355359e-04
0300 1.0156800309076720e-04 1.5835536635506231e-04
0301 1.0156737375649094e-04 1.5832422948690601e-04
0302 1.0156674448837170e-04 1.5829351148611388e-04
0303 1.0156611528610501e-04 1.5826283560914820e-04
0304 1.0156548614947153e-04 1.5823216115832829e-04
0305 1.0156485707754472e-04 1.5820187034773690e-04
0306 1.0156422807037712e-04 1.5817152551173331e-04
0307 1.0156359912691291e-04 1.5814159471892243e-04
0308 1.0156297024716422e-04 1.5811163221493706e-04
0309 1.0156234143049350e-04 1.5808183023234657e-04
0310 1.0156171267642840e-04 1.5805238859054440e-04
0311 1.0156108398439378e-04 1.5802312807275108e-04
0312 1.0156045535416484e-04 1.5799385420284327e-04
0313 1.0155982678520964e-04 1.5796469917772851e-04
0314 1.0155919827707944e-04 1.5793564186483878e-04
0315 1.0155856982946534e-04 1.5790685200694511e-04
0316 1.0155794144144394e-04 1.5787817316424569e-04
0317 1.0155731311326031e-04 1.5784966384141177e-04
0318 1.0155668484387737e-04 1.5782144040544591e-04
0319 1.0155605663329411e-04 1.5779323769529320e-04
0320 1.0155542848086484e-04 1.5776524873837970e-04
0321 1.0155480038624113e-04 1.5773733048784770e-04
0322 1.0155417234917875e-04 1.5770954099098258e-04
0323 1.0155354436872762e-04 1.5768215001503295e-04
0324 1.0155291644482723e-04 1.5765474089751949e-04
0325 1.0155228857705840e-04 1.5762737413106104e-04
0326 1.0155166076513486e-04 1.5760018219129196e-04
0327 1.0155103300822559e-04 1.5757322157559198e-04
0328 1.0155040530652792e-04 1.5754623111640910e-04
0329 1.0154977765914583e-04 1.5751966478457194e-04
0330 1.0154915006574476e-04 1.5749324719775375e-04
0331 1.0154852252623566e-04 1.5746681673421876e-04
0332 1.0154789503967536e-04 1.5744071441837720e-04
0333 1.0154726760623659e-04 1.5741455744262459e-04
0334 1.0154664022514614e-04 1.5738855524455672e-04
0335 1.0154601289619646e-04 1.5736272691115391e-04
0336 1.0154538561912515e-04 1.5733690196385481e-04
0337 1.0154475839306718e-04 1.5731142893992114e-04
0338 1.0154413121806213e-04 1.5728593250093501e-04
0339 1.0154350409369947e-04 1.5726059602677619e-04
0340 1.0154287701948427e-04 1.5723549121447159e-04
0341 1.0154224999516073e-04 1.5721048411638104e-04
0342 1.0154162302032444e-04 1.5718571283339120e-04
0343 1.0154099609430850e-04 1.5716110906022318e-04
0344 1.0154036921717397e-04 1.5713648197440187e-04
0345 1.0153974238837727e-04 1.5711203618867318e-04
0346 1.0153911560768252e-04 1.5708775771418689e-04
0347 1.0153848887439686e-04 1.5706372824613097e-04
0348 1.0153786218850755e-04 1.5703971852542201e-04
0349 1.0153723554942736e-04 1.5701595841056815e-04
0350 1.0153660895688027e-04 1.5699217891481743e-04
0351 1.0153598241071060e-04 1.5696844665088788e-04
0352 1.0153535591017425e-04 1.5694501204097756e-04
0353 1.0153472945541250e-04 1.5692153478891598e-04
0354 1.0153410304572006e-04 1.5689828431288754e-04
0355 1.0153347668081672e-04 1.5687516622827805e-04
0356 1.0153285036034054e-04 1.5685224685211557e-04
0357 1.0153222408423254e-04 1.5682929560062982e-04
0358 1.0153159785194917e-04 1.5680661629655253e-04
0359 1.0153097166309640e-04 1.5678413389286742e-04
0360 1.0153034551729269e-04 1.5676168675886871e-04
0361 1.0152971941448946e-04 1.5673930965103811e-04
0362 1.0152909335420685e-04 1.5671708384289336e-04
0363 1.0152846733614288e-04 1.5669501636225144e-04
0364 1.0152784135983531e-04 1.5667310430914083e-04
0365 1.0152721542521828e-04 1.5665122171356499e-04
0366 1.0152658953199956e-04 1.5662946189549847e-04
0367 1.0152596367950288e-04 1.5660803625040315e-04
0368 1.0152533786757622e-04 1.5658651045708235e-04
0369 1.0152471209616735e-04 1.5656508687942594e-04
0370 1.0152408636481799e-04 1.5654381424303170e-04
0371 1.0152346067308766e-04 1.5652276222401378e-04
0372 1.0152283502089600e-04 1.5650175120358393e-04
0373 1.0152220940761462e-04 1.5648093511348710e-04
0374 1.0152158383345494e-04 1.5646007181800578e-04
0375 1.0152095829779338e-04 1.5643942604032758e-04
0376 1.0152033280020183e-04 1.5641892927002369e-04
0377 1.0151970734085231e-04 1.5639848197412991e-04
0378 1.0151908191899583e-04 1.5637828838186644e-04
0379 1.0151845653455640e-04 1.5635815190573088e-04
0380 1.0151783118724922e-04 1.5633805973213157e-04
0381 1.0151720587691393e-04 1.5631799965010136e-04
0382 1.0151658060330469e-04 1.5629818593066279e-04
0383 1.0151595536549576e-04 1.5627848423846691e-04
0384 1.0151533016391920e-04 1.5625885797786832e-04
0385 1.0151470499826420e-04 1.5623921645105727e-04
0386 1.0151407986798984e-04 1.5621983666591534e-04
0387 1.0151345477298377e-04 1.5620040919422020e-04
0388 1.0151282971311492e-04 1.5618114193428618e-04
0389 1.0151220468785502e-04 1.5616222910520245e-04
0390 1.0151157969702805e-04 1.5614336609871075e-04
0391 1.0151095474039397e-04 1.5612457477484228e-04
0392 1.0151032981779491e-04 1.5610581753919107e-04
0393 1.0150970492899111e-04 1.5608722708023896e-04
0394 1.0150908007307646e-04 1.5606889593915670e-04
0395 1.0150845525118922e-04 1.5605007786601133e-04
0396 1.0150783046184013e-04 1.5603176005239174e-04
0397 1.0150720570537342e-04 1.5601360707802886e-04
0398 1.0150658098130395e-04 1.5599561108692911e-04
0399 1.0150595628950739e-04 1.5597761509278499e-04
0400 1.0150533162972520e-04 1.5595966115980215e-04
0401 1.0150470700195261e-04 1.5594171854726392e-04
0402 1.0150408240561338e-04 1.5592403788507013e-04
0403 1.0150345784069048e-04 1.5590649188548580e-04
0404 1.0150283330665288e-04 1.5588898713569569e-04
0405 1.0150220880381162e-04 1.5587142175002789e-04
0406 1.0150158433163159e-04 1.5585406037806025e-04
0407 1.0150095988981709e-04 1.5583686753597827e-04
0408 1.0150033547844576e-04 1.5581973135352222e-04
0409 1.0149971109696573e-04 1.5580265149319793e-04
0410 1.0149908674528328e-04 1.5578579742923012e-04
0411 1.0149846242341516e-04 1.5576896218454548e-04
0412 1.0149783813086249e-04 1.5575230129741515e-04
0413 1.0149721386768064e-04 1.5573565970724925e-04
0414 1.0149658963331971e-04 1.5571927981253254e-04
0415 1.0149596542785770e-04 1.5570278518010360e-04
0416 1.0149534125109244e-04 1.5568639935397799e-04
0417 1.0149471710257399e-04 1.5567015544550679e-04
0418 1.0149409298266223e-04 1.5565376368123040e-04
0419 1.0149346889050685e-04 1.5563770644209517e-04
0420 1.0149284482628414e-04 1.5562163770944611e-04
0421 1.0149222078996984e-04 1.5560563187910949e-04
0422 1.0149159678101063e-04 1.5558992480536158e-04
0423 1.0149097279920919e-04 1.5557429212109653e-04
0424 1.0149034884486085e-04 1.5555850939051203e-04
0425 1.0148972491725123e-04 1.5554296203664346e-04
0426 1.0148910101648526e-04 1.5552746581933336e-04
0427 1.0148847714245680e-04 1.5551202784936017e-04
0428 1.0148785329464684e-04 1.5549668035859734e-04
0429 1.0148722947342972e-04 1.5548129101185679e-04
0430 1.0148660567822177e-04 1.5546616115605041e-04
0431 1.0148598190898203e-04 1.5545101071718937e-04
0432 1.0148535816542173e-04 1.5543614777655253e-04
0433 1.0148473444759883e-04 1.5542127055285978e-04
0434 1.0148411075542555e-04 1.5540639757135853e-04
0435 1.0148348708839383e-04 1.5539176494418208e-04
0436 1.0148286344639491e-04 1.5537723002567559e-04
0437 1.0148223982961921e-04 1.5536262856339269e-04
0438 1.0148161623777076e-04 1.5534810868198995e-04
0439 1.0148099267049498e-04 1.5533375880622736e-04
0440 1.0148036912794472e-04 1.5531943780309809e-04
0441 1.0147974560967708e-04 1.5530519251438465e-04
0442 1.0147912211573122e-04 1.5529103109561979e-04
0443 1.0147849864591297e-04 1.5527690433839053e-04
0444 1.0147787520034758e-04 1.5526276822775317e-04
0445 1.0147725177841545e-04 1.5524884309822847e-04
0446 1.0147662838024042e-04 1.5523512524135747e-04
0447 1.0147600500579487e-04 1.5522133520383627e-04
0448 1.0147538165484381e-04 1.5520755067742513e-04
0449 1.0147475832704803e-04 1.5519407605231120e-04
0450 1.0147413502257198e-04 1.5518049175137003e-04
0451 1.0147351174117646e-04 1.5516691837422214e-04
0452 1.0147288848278170e-04 1.5515338190065316e-04
0453 1.0147226524746139e-04 1.5513992017016464e-04
0454 1.0147164203451306e-04 1.5512676958053992e-04
0455 1.0147101884430630e-04 1.5511353577533720e-04
0456 1.0147039567668192e-04 1.5510035327403863e-04
0457 1.0146977253133416e-04 1.5508730658252718e-04
0458 1.0146914940821770e-04 1.5507425397483389e-04
0459 1.0146852630752054e-04 1.5506124303130882e-04
0460 1.0146790322855567e-04 1.5504854868531669e-04
0461 1.0146728017161209e-04 1.5503569824645312e-04
0462 1.0146665713654769e-04 1.5502292326814832e-04
0463 1.0146603412320385e-04 1.5501024126907568e-04
0464 1.0146541113152769e-04 1.5499768573434003e-04
0465 1.0146478816125076e-04 1.5498521035960081e-04
0466 1.0146416521237663e-04 1.5497276359038658e-04
0467 1.0146354228472048e-04 1.5496037077951467e-04
0468 1.0146291937858131e-04 1.5494797107585068e-04
0469 1.0146229649337294e-04 1.5493582610248880e-04
0470 1.0146167362915313e-04 1.5492372031893165e-04
0471 1.0146105078590731e-04 1.5491161537099823e-04
0472 1.0146042796332616e-04 1.5489958527555649e-04
0473 1.0145980516163466e-04 1.5488753172232387e-04
0474 1.0145918238067402e-04 1.5487550981861493e-04
0475 1.0145855961991213e-04 1.5486368660856553e-04
0476 1.0145793688022934e-04 1.5485173879600686e-04
0477 1.0145731416016845e-04 1.5484004635625003e-04
0478 1.0145669146065437e-04 1.5482822033589428e-04
0479 1.0145606878160820e-04 1.5481644006474005e-04
0480 1.0145544612240590e-04 1.5480497639425568e-04
0481 1.0145482348358367e-04 1.5479341590368385e-04
0482 1.0145420086429787e-04 1.5478204584074969e-04
0483 1.0145357826497724e-04 1.5477062621494200e-04
0484 1.0145295568553505e-04 1.5475920289338032e-04
0485 1.0145233312590074e-04 1.5474784301991855e-04
0486 1.0145171058575231e-04 1.5473669517663904e-04
0487 1.0145108806512837e-04 1.5472552340947132e-04
0488 1.0145046556419376e-04 1.5471431959593223e-04
0489 1.0144984308254510e-04 1.5470328527689153e-04
0490 1.0144922062006826e-04 1.5469237675787102e-04
0491 1.0144859817723353e-04 1.5468138452811388e-04
0492 1.0144797575310058e-04 1.5467064321008237e-04
0493 1.0144735334838112e-04 1.5465964469167792e-04
0494 1.0144673096268928e-04 1.5464886592199848e-04
0495 1.0144610859577277e-04 1.5463812930546544e-04
0496 1.0144548624794969e-04 1.5462737783642687e-04
0497 1.0144486391901059e-04 1.5461673824687213e-04
0498 1.0144424160868281e-04 1.5460616714072899e-04
0499 1.0144361931714368e-04 1.5459563085726938e-04
0500 1.0144299704406274e-04 1.5458523811508052e-04
0501 1.0144237478972316e-04 1.5457466791733867e-04
0502 1.0144175255380746e-04 1.5456419924121155e-04
0503 1.0144113033644119e-04 1.5455377769550894e-04
0504 1.0144050813747617e-04 1.5454352799896634e-04
0505 1.0143988595672227e-04 1.5453343849362983e-04
0506 1.0143926379406132e-04 1.5452335608250156e-04
0507 1.0143864164975597e-04 1.5451307517026083e-04
0508 1.0143801952359226e-04 1.5450298627106825e-04
0509 1.0143739741538871e-04 1.5449299607336273e-04
0510 1.0143677532508177e-04 1.5448298194840508e-04
0511 1.0143615325300840e-04 1.5447282634340018e-04
0512 1.0143553119868868e-04 1.5446293162139037e-04
0513 1.0143490916216270e-04 1.5445309388777994e-04
0514 1.0143428714324803e-04 1.5444333643036237e-04
0515 1.0143366514231026e-04 1.5443337328462995e-04
0516 1.0143304315889873e-04 1.5442377661944491e-04
0517 1.0143242119300009e-04 1.5441416241750717e-04
0518 1.0143179924467008e-04 1.5440456057379430e-04
0519 1.0143117731382248e-04 1.5439497226745299e-04
0520 1.0143055540041675e-04 1.5438540427518816e-04
0521 1.0142993350426799e-04 1.5437592833907198e-04
0522 1.0142931162551957e-04 1.5436639165029633e-04
0523 1.0142868976402533e-04 1.5435702456348559e-04
0524 1.0142806791959096e-04 1.5434774615999481e-04
0525 1.0142744609234290e-04 1.5433843118378414e-04
0526 1.0142682428206428e-04 1.5432914749677297e-04
0527 1.0142620248890691e-04 1.5431977027213339e-04
0528 1.0142558071277324e-04 1.5431046565360945e-04
0529 1.0142495895352437e-04 1.5430136167085933e-04
0530 1.0142433721092861e-04 1.5429228185616687e-04
0531 1.0142371548547743e-04 1.5428309695826028e-04
0532 1.0142309377638402e-04 1.5427417516523703e-04
0533 1.0142247208403203e-04 1.5426517707488977e-04
0534 1.0142185040858531e-04 1.5425611954593966e-04
0535 1.0142122874947072e-04 1.5424723774738234e-04
0536 1.0142060710686691e-04 1.5423827922441037e-04
0537 1.0141998548066207e-04 1.5422942739730513e-04
0538 1.0141936387110120e-04 1.5422051912225402e-04
0539 1.0141874227805290e-04 1.5421179779501716e-04
0540 1.0141812070057505e-04 1.5420306636855169e-04
0541 1.0141749913970934e-04 1.5419425980990218e-04
0542 1.0141687759511876e-04 1.5418548044314739e-04
0543 1.0141625606671948e-04 1.5417685575891329e-04
0544 1.0141563455419690e-04 1.5416829527745639e-04
0545 1.0141501305773121e-04 1.5415975351064563e-04
0546 1.0141439157725599e-04 1.5415119401168944e-04
0547 1.0141377011259807e-04 1.5414272940963549e-04
0548 1.0141314866399795e-04 1.5413425435161851e-04
0549 1.0141252723105466e-04 1.5412589700126352e-04
0550 1.0141190581375027e-04 1.5411748393167647e-04
0551 1.0141128441210568e-04 1.5410916127345684e-04
0552 1.0141066302631567e-04 1.5410074279282194e-04
0553 1.0141004165580860e-04 1.5409253448420352e-04
0554 1.0140942030091903e-04 1.5408422973180275e-04
0555 1.0140879896144620e-04 1.5407600073743518e-04
0556 1.0140817763736253e-04 1.5406775710168823e-04
0557 1.0140755632868334e-04 1.5405955844101574e-04
0558 1.0140693503517293e-04 1.5405145546878874e-04
0559 1.0140631375704416e-04 1.5404333671117202e-04
0560 1.0140569249386128e-04 1.5403530038683274e-04
0561 1.0140507124557798e-04 1.5402728041283986e-04
0562 1.0140445001278544e-04 1.5401904084885512e-04
0563 1.0140382879465651e-04 1.5401116567929286e-04
0564 1.0140320759154853e-04 1.5400320398314482e-04
0565 1.0140258640321553e-04 1.5399537100429668e-04
0566 1.0140196522977291e-04 1.5398748270187474e-04
0567 1.0140134407101978e-04 1.5397968430310292e-04
0568 1.0140072292682254e-04 1.5397180660512539e-04
0569 1.0140010179716827e-04 1.5396399732817560e-04
0570 1.0139948068228085e-04 1.5395618387068302e-04
0571 1.0139885958175601e-04 1.5394845272197530e-04
0572 1.0139823849556697e-04 1.5394069214073007e-04
0573 1.0139761742387248e-04 1.5393291021675257e-04
0574 1.0139699636656993e-04 1.5392525864824238e-04
0575 1.0139637532336804e-04 1.5391776968618471e-04
0576 1.0139575429400479e-04 1.5391023263525814e-04
0577 1.0139513327909780e-04 1.5390253279537908e-04
0578 1.0139451227800788e-04 1.5389502878562636e-04
0579 1.0139389129100688e-04 1.5388742492248317e-04
0580 1.0139327031792754e-04 1.5387984856285236e-04
0581 1.0139264935864519e-04 1.5387237459452038e-04
0582 1.0139202841309090e-04 1.5386495604454142e-04
0583 1.0139140748113846e-04 1.5385754243076770e-04
0584 1.0139078656301805e-04 1.5385005181158112e-04
0585 1.0139016565826619e-04 1.5384274771581692e-04
0586 1.0138954476728882e-04 1.5383536159784868e-04
0587 1.0138892388954774e-04 1.5382818304057578e-04
0588 1.0138830302497696e-04 1.5382099282754076e-04
0589 1.0138768217379068e-04 1.5381369064167822e-04
0590 1.0138706133591014e-04 1.5380634151884110e-04
0591 1.0138644051111373e-04 1.5379905883626120e-04
0592 1.0138581969951771e-04 1.5379185606522627e-04
0593 1.0138519890065985e-04 1.5378476734795177e-04
0594 1.0138457811494637e-04 1.5377762353353290e-04
0595 1.0138395734191425e-04 1.5377049340693932e-04
0596 1.0138333658180124e-04 1.5376327416278320e-04
0597 1.0138271583446610e-04 1.5375618872590888e-04
0598 1.0138209509960319e-04 1.5374916045270793e-04
0599 1.0138147437731683e-04 1.5374216331916272e-04
0600 1.0138085366772717e-04 1.5373510004480979e-04
