# step du_rel dp_rel
# u_rtol 1.0000000000000000e-04
# p_rtol 1.0000000000000000e-03
0001 1.9989867332252214e-04 2.5327966044630082e-03
0002 1.9989517427416420e-04 2.4078036676641983e-03
0003 1.9989170394197760e-04 2.2766721787845154e-03
0004 1.9988825069776738e-04 2.1427156359028541e-03
0005 1.9988480779017175e-04 2.0086029184802935e-03
0006 1.9988137134736156e-04 1.8764452535806921e-03
0007 1.9987793918592659e-04 1.7478788349082142e-03
0008 1.9987451010238292e-04 1.6241397782962800e-03
0009 1.9987108345338701e-04 1.5061305248837210e-03
0010 1.9986765890864786e-04 1.3944782093040047e-03
0011 1.9986423630688658e-04 1.2895846066488248e-03
0012 1.9986081557271643e-04 1.1916691291788916e-03
0013 1.9985739667016200e-04 1.1008047658365751e-03
0014 1.9985397957700192e-04 1.0169484102861273e-03
0015 1.9985056427215605e-04 9.3996524425898247e-04
0016 1.9984715072908702e-04 8.6965024203592800e-04
0017 1.9984373891398312e-04 8.0574403561662277e-04
0018 1.9984032878549030e-04 7.4794686171284234e-04
0019 1.9983692029561191e-04 6.9592912063006797e-04
0020 1.9983351339107611e-04 6.4934022871348987e-04
0021 1.9983010801465347e-04 6.0781577573513189e-04
0022 1.9982670410644950e-04 5.7098334114837686e-04
0023 1.9982330160510411e-04 5.3846782134069342e-04
0024 1.9981990044869269e-04 5.0989626851588197e-04
0025 1.9981650057559892e-04 4.8490212556197629e-04
0026 1.9981310192518543e-04 4.6312963069218603e-04
0027 1.9980970443808741e-04 4.4423791110424782e-04
0028 1.9980630805673379e-04 4.2790408867079732e-04
0029 1.9980291272547388e-04 4.1382648021095602e-04
0030 1.9979951839093618e-04 4.0172662088060055e-04
0031 1.9979612500201351e-04 3.9135064103601203e-04
0032 1.9979273250982468e-04 3.8246986984592600e-04
0033 1.9978934086796761e-04 3.7488021712767637e-04
0034 1.9978595003235748e-04 3.6840158279815953e-04
0035 1.9978255996099537e-04 3.6287615657520429e-04
0036 1.9977917061427195e-04 3.5816666010330799e-04
0037 1.9977578195470543e-04 3.5415452580181346e-04
0038 1.9977239394680375e-04 3.5073773151887916e-04
0039 1.9976900655710848e-04 3.4782879500233388e-04
0040 1.9976561975389951e-04 3.4535297335879477e-04
0041 1.9976223350737116e-04 3.4324650294010825e-04
0042 1.9975884778930100e-04 3.4145498187995499e-04
0043 1.9975546257311602e-04 3.3993210149129593e-04
0044 1.9975207783367639e-04 3.3863840464266648e-04
0045 1.9974869354733930e-04 3.3754029488577535e-04
0046 1.9974530969164674e-04 3.3660910685337844e-04
0047 1.9974192624555071e-04 3.3582030793908229e-04
0048 1.9973854318900653e-04 3.3515308975628615e-04
0049 1.9973516050317527e-04 3.3458953173701379e-04
0050 1.9973177817030706e-04 3.3411437237597402e-04
0051 1.9972839617338407e-04 3.3371460206419828e-04
0052 1.9972501449646844e-04 3.3337904542627854e-04
0053 1.9972163312441244e-04 3.3309807333419884e-04
0054 1.9971825204284215e-04 3.3286351107023537e-04
0055 1.9971487123822073e-04 3.3266834037477328e-04
0056 1.9971149069755107e-04 3.3250664055833434e-04
0057 1.9970811040853856e-04 3.3237327640741156e-04
0058 1.9970473035959714e-04 3.3226381516392921e-04
0059 1.9970135053953410e-04 3.3217464087144914e-04
0060 1.9969797093779231e-04 3.3210254368840536e-04
0061 1.9969459154429498e-04 3.3204479064562686e-04
0062 1.9969121234948589e-04 3.3199916144432680e-04
0063 1.9968783334414810e-04 3.3196373563142053e-04
0064 1.9968445451944578e-04 3.3193684110660815e-04
0065 1.9968107586707968e-04 3.3191707515698154e-04
0066 1.9967769737909435e-04 3.3190330339761387e-04
0067 1.9967431904773498e-04 3.3189460396339254e-04
0068 1.9967094086569584e-04 3.3189015762044615e-04
0069 1.9966756282588621e-04 3.3188927817817758e-04
0070 1.9966418492167300e-04 3.3189131649897244e-04
0071 1.9966080714642806e-04 3.3189597588609342e-04
0072 1.9965742949401360e-04 3.3190272203100326e-04
0073 1.9965405195842745e-04 3.3191126449279225e-04
0074 1.9965067453385404e-04 3.3192135884218665e-04
0075 1.9964729721492344e-04 3.3193271494470029e-04
0076 1.9964391999613724e-04 3.3194527218078577e-04
0077 1.9964054287245587e-04 3.3195879140195925e-04
0078 1.9963716583888650e-04 3.3197317072445454e-04
0079 1.9963378889074906e-04 3.3198825504445308e-04
0080 1.9963041202339290e-04 3.3200406604731920e-04
0081 1.9962703523236731e-04 3.3202049443656454e-04
0082 1.9962365851341143e-04 3.3203740375838505e-04
0083 1.9962028186242586e-04 3.3205479091941045e-04
0084 1.9961690527538960e-04 3.3207258592724025e-04
0085 1.9961352874849438e-04 3.3209078149745800e-04
0086 1.9961015227800297e-04 3.3210935024288057e-04
0087 1.9960677586030055e-04 3.3212825770658318e-04
0088 1.9960339949189347e-04 3.3214748014488395e-04
0089 1.9960002316952028e-04 3.3216697403295033e-04
0090 1.9959664688982905e-04 3.3218675488826767e-04
0091 1.9959327064967907e-04 3.3220671232217947e-04
0092 1.9958989444605665e-04 3.3222690518394535e-04
0093 1.9958651827600173e-04 3.3224727282920842e-04
0094 1.9958314213666410e-04 3.3226783599027372e-04
0095 1.9957976602522854e-04 3.3228852255815059e-04
0096 1.9957638993904389e-04 3.3230932596902167e-04
0097 1.9957301387554162e-04 3.3233023429729184e-04
0098 1.9956963783217854e-04 3.3235125540087286e-04
0099 1.9956626180652400e-04 3.3237234869024377e-04
0100 1.9956288579615965e-04 3.3239349866656556e-04
0101 1.9955950979886312e-04 3.3241468111460336e-04
0102 1.9955613381236804e-04 3.3243591585287478e-04
0103 1.9955275783449714e-04 3.3245713295043455e-04
0104 1.9954938186320697e-04 3.3247837604209008e-04
0105 1.9954600589641757e-04 3.3249962837898891e-04
0106 1.9954262993214687e-04 3.3252085279063216e-04
0107 1.9953925396848905e-04 3.3254205798812864e-04
0108 1.9953587800356889e-04 3.3256320019983611e-04
0109 1.9953250203554165e-04 3.3258429062347057e-04
0110 1.9952912606268435e-04 3.3260530812150409e-04
0111 1.9952575008326206e-04 3.3262627525735937e-04
0112 1.9952237409558317e-04 3.3264713095838399e-04
0113 1.9951899809810098e-04 3.3266788319651774e-04
0114 1.9951562208912911e-04 3.3268857944459201e-04
0115 1.9951224606718672e-04 3.3270914703747588e-04
0116 1.9950887003070537e-04 3.3272962396873885e-04
0117 1.9950549397830522e-04 3.3274987816895728e-04
0118 1.9950211790857055e-04 3.3277008363107133e-04
0119 1.9949874181998960e-04 3.3279017695610164e-04
0120 1.9949536571134109e-04 3.3281012229261831e-04
0121 1.9949198958120601e-04 3.3282992849293042e-04
0122 1.9948861342830601e-04 3.3284958249196110e-04
0123 1.9948523725142776e-04 3.3286908038582220e-04
0124 1.9948186104931469e-04 3.3288844665355051e-04
0125 1.9947848482071269e-04 3.3290765867346529e-04
0126 1.9947510856452254e-04 3.3292673868795628e-04
0127 1.9947173227949412e-04 3.3294567047872372e-04
0128 1.9946835596455764e-04 3.3296439147408865e-04
0129 1.9946497961860414e-04 3.3298296231080315e-04
0130 1.9946160324056683e-04 3.3300135868234249e-04
0131 1.9945822682928649e-04 3.3301963689288765e-04
0132 1.9945485038384535e-04 3.3303770919179964e-04
0133 1.9945147390317434e-04 3.3305563511564851e-04
0134 1.9944809738621914e-04 3.3307339637366162e-04
0135 1.9944472083208790e-04 3.3309097926017411e-04
0136 1.9944134423975315e-04 3.3310839657345976e-04
0137 1.9943796760828390e-04 3.3312562953195774e-04
0138 1.9943459093671893e-04 3.3314269798602914e-04
0139 1.9943121422415905e-04 3.3315957655005550e-04
0140 1.9942783746971886e-04 3.3317628484820239e-04
0141 1.9942446067252947e-04 3.3319286997530794e-04
0142 1.9942108383168319e-04 3.3320926548542797e-04
0143 1.9941770694630040e-04 3.3322547163043629e-04
0144 1.9941433001557189e-04 3.3324154726376720e-04
0145 1.9941095303867287e-04 3.3325743221786707e-04
0146 1.9940757601471783e-04 3.3327316485487496e-04
0147 1.9940419894297923e-04 3.3328867994458143e-04
0148 1.9940082182257250e-04 3.3330410126009274e-04
0149 1.9939744465278302e-04 3.3331930033735047e-04
0150 1.9939406743282683e-04 3.3333430949249523e-04
0151 1.9939069016187432e-04 3.3334916839098761e-04
0152 1.9938731283926690e-04 3.3336389970903832e-04
0153 1.9938393546418512e-04 3.3337847479132172e-04
0154 1.9938055803591710e-04 3.3339290315599488e-04
0155 1.9937718055369785e-04 3.3340715036452815e-04
0156 1.9937380301686560e-04 3.3342118642816065e-04
0157 1.9937042542470296e-04 3.3343510188597035e-04
0158 1.9936704777652004e-04 3.3344886134721997e-04
0159 1.9936367007159677e-04 3.3346252955956040e-04
0160 1.9936029230916807e-04 3.3347598176339314e-04
0161 1.9935691448873504e-04 3.3348924484734668e-04
0162 1.9935353660950191e-04 3.3350239381806259e-04
0163 1.9935015867086141e-04 3.3351538552502168e-04
0164 1.9934678067219324e-04 3.3352823894086957e-04
0165 1.9934340261277631e-04 3.3354099480538131e-04
0166 1.9934002449199291e-04 3.3355356542470797e-04
0167 1.9933664630929194e-04 3.3356595420550988e-04
0168 1.9933326806393297e-04 3.3357822860830390e-04
0169 1.9932988975544449e-04 3.3359034029255643e-04
0170 1.9932651138313025e-04 3.3360231087195986e-04
0171 1.9932313294639397e-04 3.3361416688373722e-04
0172 1.9931975444470928e-04 3.3362587964465523e-04
0173 1.9931637587745226e-04 3.3363748941947724e-04
0174 1.9931299724400490e-04 3.3364895335898586e-04
0175 1.9930961854391357e-04 3.3366030203772762e-04
0176 1.9930623977651118e-04 3.3367151791876707e-04
0177 1.9930286094132195e-04 3.3368256941464263e-04
0178 1.9929948203773991e-04 3.3369355538507189e-04
0179 1.9929610306525914e-04 3.3370438007336936e-04
0180 1.9929272402336476e-04 3.3371507554354071e-04
0181 1.9928934491150122e-04 3.3372567301106419e-04
0182 1.9928596572919843e-04 3.3373612396665753e-04
0183 1.9928258647586687e-04 3.3374648309645574e-04
0184 1.9927920715112824e-04 3.3375670170327670e-04
0185 1.9927582775439663e-04 3.3376687558385834e-04
0186 1.9927244828517524e-04 3.3377688786594579e-04
0187 1.9926906874306310e-04 3.3378677253744865e-04
0188 1.9926568912752673e-04 3.3379658681342590e-04
0189 1.9926230943811445e-04 3.3380628720075024e-04
0190 1.9925892967440271e-04 3.3381588345392016e-04
0191 1.9925554983589203e-04 3.3382537778694067e-04
0192 1.9925216992219510e-04 3.3383477207850896e-04
0193 1.9924878993280099e-04 3.3384410075701343e-04
0194 1.9924540986732031e-04 3.3385327871240711e-04
0195 1.9924202972536917e-04 3.3386237514382587e-04
0196 1.9923864950647071e-04 3.3387137557421183e-04
0197 1.9923526921017881e-04 3.3388031197417246e-04
0198 1.9923188883624773e-04 3.3388908042043412e-04
0199 1.9922850838413681e-04 3.3389782823105778e-04
0200 1.9922512785357666e-04 3.3390649540194519e-04
0201 1.9922174724409543e-04 3.3391513626503181e-04
0202 1.9921836655534096e-04 3.3392365041671335e-04
0203 1.9921498578692672e-04 3.3393211634980056e-04
0204 1.9921160493856512e-04 3.3394044396829016e-04
0205 1.9920822400977775e-04 3.3394873310857556e-04
0206 1.9920484300031249e-04 3.3395690741463063e-04
0207 1.9920146190983173e-04 3.3396502136284523e-04
0208 1.9919808073788547e-04 3.3397308308177426e-04
0209 1.9919469948433558e-04 3.3398099460740154e-04
0210 1.9919131814872762e-04 3.3398892624729763e-04
0211 1.9918793673073679e-04 3.3399677537951676e-04
0212 1.9918455523015274e-04 3.3400451122727991e-04
0213 1.9918117364655922e-04 3.3401224941791938e-04
0214 1.9917779197972470e-04 3.3401992441863389e-04
0215 1.9917441022935294e-04 3.3402751973022612e-04
0216 1.9917102839512097e-04 3.3403507242640200e-04
0217 1.9916764647677089e-04 3.3404257027679622e-04
0218 1.9916426447404452e-04 3.3405000678741900e-04
0219 1.9916088238665540e-04 3.3405738253167606e-04
0220 1.9915750021428584e-04 3.3406471607471197e-04
0221 1.9915411795676493e-04 3.3407197098276898e-04
0222 1.9915073561379337e-04 3.3407918271110968e-04
0223 1.9914735318514378e-04 3.3408634652341699e-04
0224 1.9914397067053496e-04 3.3409348419711018e-04
0225 1.9914058806979151e-04 3.3410052842901516e-04
0226 1.9913720538259475e-04 3.3410761910362914e-04
0227 1.9913382260876099e-04 3.3411457151806957e-04
0228 1.9913043974808815e-04 3.3412148728893077e-04
0229 1.9912705680035181e-04 3.3412837870823453e-04
0230 1.9912367376535828e-04 3.3413526570414456e-04
0231 1.9912029064279792e-04 3.3414211731736258e-04
0232 1.9911690743254514e-04 3.3414886561093958e-04
0233 1.9911352413444472e-04 3.3415560817296131e-04
0234 1.9911014074821883e-04 3.3416237033212558e-04
0235 1.9910675727365961e-04 3.3416905656592771e-04
0236 1.9910337371066588e-04 3.3417569363442489e-04
0237 1.9909999005896984e-04 3.3418233946645070e-04
0238 1.9909660631850306e-04 3.3418893332727074e-04
0239 1.9909322248898911e-04 3.3419551696078768e-04
0240 1.9908983857029228e-04 3.3420210035905984e-04
0241 1.9908645456221159e-04 3.3420862137846383e-04
0242 1.9908307046466442e-04 3.3421511344631128e-04
0243 1.9907968627740522e-04 3.3422159626535962e-04
0244 1.9907630200030862e-04 3.3422803037811875e-04
0245 1.9907291763324704e-04 3.3423441030411164e-04
0246 1.9906953317606026e-04 3.3424083042776808e-04
0247 1.9906614862857502e-04 3.3424718907484852e-04
0248 1.9906276399064875e-04 3.3425355813112174e-04
0249 1.9905937926218998e-04 3.3425986361428572e-04
0250 1.9905599444307887e-04 3.3426613109619363e-04
0251 1.9905260953309952e-04 3.3427244038114132e-04
0252 1.9904922453219972e-04 3.3427871506784188e-04
0253 1.9904583944023135e-04 3.3428498644291787e-04
0254 1.9904245425703701e-04 3.3429126436694491e-04
0255 1.9903906898254564e-04 3.3429747910640310e-04
0256 1.9903568361659310e-04 3.3430369636568152e-04
0257 1.9903229815912310e-04 3.3430986658797578e-04
0258 1.9902891260999210e-04 3.3431604867474878e-04
0259 1.9902552696912025e-04 3.3432217529620904e-04
0260 1.9902214123636704e-04 3.3432834169752916e-04
0261 1.9901875541167109e-04 3.3433446366936033e-04
0262 1.9901536949489118e-04 3.3434060569357269e-04
0263 1.9901198348598503e-04 3.3434672165579368e-04
0264 1.9900859738482168e-04 3.3435283295821298e-04
0265 1.9900521119135440e-04 3.3435891083308505e-04
0266 1.9900182490540746e-04 3.3436503061764106e-04
0267 1.9899843852698340e-04 3.3437109484567995e-04
0268 1.9899505205595632e-04 3.3437714560464961e-04
0269 1.9899166549230217e-04 3.3438316712875642e-04
0270 1.9898827883586771e-04 3.3438924314482712e-04
0271 1.9898489208668865e-04 3.3439528200535844e-04
0272 1.9898150524455123e-04 3.3440137614604374e-04
0273 1.9897811830948655e-04 3.3440736544811627e-04
0274 1.9897473128134888e-04 3.3441338682975718e-04
0275 1.9897134416018791e-04 3.3441937365075598e-04
0276 1.9896795694584378e-04 3.3442539452022726e-04
0277 1.9896456963832060e-04 3.3443137724833494e-04
0278 1.9896118223754661e-04 3.3443736409359391e-04
0279 1.9895779474340589e-04 3.3444333115158220e-04
0280 1.9895440715594843e-04 3.3444930551379521e-04
0281 1.9895101947506964e-04 3.3445530343228743e-04
0282 1.9894763170069706e-04 3.3446127521673350e-04
0283 1.9894424383281418e-04 3.3446721908770660e-04
0284 1.9894085587145635e-04 3.3447317361797948e-04
0285 1.9893746781638277e-04 3.3447917320804805e-04
0286 1.9893407966772956e-04 3.3448508736056408e-04
0287 1.9893069142540716e-04 3.3449101521046344e-04
0288 1.9892730308936735e-04 3.3449693585895803e-04
0289 1.9892391465954872e-04 3.3450286575292842e-04
0290 1.9892052613601781e-04 3.3450874186514838e-04
0291 1.9891713751864389e-04 3.3451461807040806e-04
0292 1.9891374880749255e-04 3.3452053212227673e-04
0293 1.9891036000243585e-04 3.3452644848807391e-04
0294 1.9890697110353217e-04 3.3453233712448177e-04
0295 1.9890358211071410e-04 3.3453824278546209e-04
0296 1.9890019302399301e-04 3.3454412781321453e-04
0297 1.9889680384332375e-04 3.3455001181161432e-04
0298 1.9889341456871061e-04 3.3455588627146089e-04
0299 1.9889002520012127e-04 3.3456177875322373e-04
0300 1.9888663573753448e-04 3.3456769425271871e-04
0301 1.9888324618095801e-04 3.3457353658682441e-04
0302 1.9887985653037376e-04 3.3457937386895153e-04
0303 1.9887646678576497e-04 3.3458522649934758e-04
0304 1.9887307694710908e-04 3.3459104774799639e-04
0305 1.9886968701447066e-04 3.3459685968597680e-04
0306 1.9886629698779687e-04 3.3460271079065337e-04
0307 1.9886290686703997e-04 3.3460854327274251e-04
0308 1.9885951665228317e-04 3.3461433532785246e-04
0309 1.9885612634345476e-04 3.3462019455421713e-04
0310 1.9885273594058025e-04 3.3462598382824084e-04
0311 1.9884934544369128e-04 3.3463175899437825e-04
0312 1.9884595485270977e-04 3.3463754549700438e-04
0313 1.9884256416771940e-04 3.3464330590435136e-04
0314 1.9883917338867966e-04 3.3464908712672604e-04
0315 1.9883578251566754e-04 3.3465485517054293e-04
0316 1.9883239154859414e-04 3.3466063984877582e-04
0317 1.9882900048755146e-04 3.3466640637757299e-04
0318 1.9882560933244206e-04 3.3467218923121408e-04
0319 1.9882221808331668e-04 3.3467792953981385e-04
0320 1.9881882674023857e-04 3.3468361658382383e-04
0321 1.9881543530317575e-04 3.3468934395964169e-04
0322 1.9881204377212829e-04 3.3469505175160846e-04
0323 1.9880865214711143e-04 3.3470072053617196e-04
0324 1.9880526042819976e-04 3.3470639687111832e-04
0325 1.9880186861531175e-04 3.3471211883965652e-04
0326 1.9879847670853639e-04 3.3471776127985139e-04
0327 1.9879508470777688e-04 3.3472345123519601e-04
0328 1.9879169261317309e-04 3.3472909568930216e-04
0329 1.9878830042470953e-04 3.3473475409731020e-04
0330 1.9878490814233041e-04 3.3474037590717673e-04
0331 1.9878151576617733e-04 3.3474602913350775e-04
0332 1.9877812329608134e-04 3.3475168604445778e-04
0333 1.9877473073220847e-04 3.3475729173629076e-04
0334 1.9877133807452051e-04 3.3476286830032845e-04
0335 1.9876794532296978e-04 3.3476848053523909e-04
0336 1.9876455247768622e-04 3.3477401186974030e-04
0337 1.9876115953867623e-04 3.3477954640858494e-04
0338 1.9875776650585917e-04 3.3478513155738130e-04
0339 1.9875437337931649e-04 3.3479066952940784e-04
0340 1.9875098015901380e-04 3.3479618728889473e-04
0341 1.9874758684505564e-04 3.3480168786147532e-04
0342 1.9874419343736497e-04 3.3480720987844579e-04
0343 1.9874079993599617e-04 3.3481269624664457e-04
0344 1.9873740634091262e-04 3.3481818071511075e-04
0345 1.9873401265225541e-04 3.3482363627555816e-04
0346 1.9873061886982566e-04 3.3482908105645400e-04
0347 1.9872722499387490e-04 3.3483451537529230e-04
0348 1.9872383102425369e-04 3.3483992096829937e-04
0349 1.9872043696103687e-04 3.3484533119434968e-04
0350 1.9871704280419048e-04 3.3485078283418559e-04
0351 1.9871364855370121e-04 3.3485615607540945e-04
0352 1.9871025420973944e-04 3.3486152690965294e-04
0353 1.9870685977211561e-04 3.3486691027122484e-04
0354 1.9870346524091312e-04 3.3487227987008425e-04
0355 1.9870007061618483e-04 3.3487758846689357e-04
0356 1.9869667589783634e-04 3.3488290605707951e-04
0357 1.9869328108598755e-04 3.3488814981862195e-04
0358 1.9868988618056675e-04 3.3489344207745738e-04
0359 1.9868649118160418e-04 3.3489874164825581e-04
0360 1.9868309608911467e-04 3.3490397158279615e-04
0361 1.9867970090306093e-04 3.3490927458128706e-04
0362 1.9867630562345843e-04 3.3491452515171103e-04
0363 1.9867291025031598e-04 3.3491969926959897e-04
0364 1.9866951478365747e-04 3.3492490813980382e-04
0365 1.9866611922339687e-04 3.3493009095174466e-04
0366 1.9866272356960964e-04 3.3493525291082517e-04
0367 1.9865932782229775e-04 3.3494038658135269e-04
0368 1.9865593198141153e-04 3.3494554708872899e-04
0369 1.9865253604695119e-04 3.3495066044389818e-04
0370 1.9864914001891618e-04 3.3495577343993380e-04
0371 1.9864574389730401e-04 3.3496085045460011e-04
0372 1.9864234768210016e-04 3.3496592771709694e-04
0373 1.9863895137332190e-04 3.3497098861818452e-04
0374 1.9863555497087054e-04 3.3497604763780116e-04
0375 1.9863215847482936e-04 3.3498104048345148e-04
0376 1.9862876188513434e-04 3.3498605969791546e-04
0377 1.9862536520179149e-04 3.3499105405709201e-04
0378 1.9862196842476378e-04 3.3499603819213549e-04
0379 1.9861857155409118e-04 3.3500100245194118e-04
0380 1.9861517458965455e-04 3.3500599767141985e-04
0381 1.9861177753148628e-04 3.3501090310328357e-04
0382 1.9860838037959105e-04 3.3501581278169951e-04
0383 1.9860498313388757e-04 3.3502067877932425e-04
0384 1.9860158579443883e-04 3.3502554836132648e-04
0385 1.9859818836112167e-04 3.3503043067030920e-04
0386 1.9859479083396029e-04 3.3503529038384974e-04
0387 1.9859139321293289e-04 3.3504012962782154e-04
0388 1.9858799549799246e-04 3.3504497013890611e-04
0389 1.9858459768912217e-04 3.3504975282337620e-04
0390 1.9858119978626617e-04 3.3505454384223648e-04
0391 1.9857780178941475e-04 3.3505931587237358e-04
0392 1.9857440369855248e-04 3.3506405715564783e-04
0393 1.9857100551360179e-04 3.3506881410399683e-04
0394 1.9856760723454612e-04 3.3507354928290038e-04
0395 1.9856420886132313e-04 3.3507821920941369e-04
0396 1.9856081039397962e-04 3.3508289598996289e-04
0397 1.9855741183236116e-04 3.3508762545687366e-04
0398 1.9855401317654415e-04 3.3509226924331292e-04
0399 1.9855061442636588e-04 3.3509693987430729e-04
0400 1.9854721558184801e-04 3.3510155781559664e-04
0401 1.9854381664296717e-04 3.3510616029650356e-04
0402 1.9854041760960481e-04 3.3511078054853489e-04
0403 1.9853701848177965e-04 3.3511533385783090e-04
0404 1.9853361925946682e-04 3.3511986351567811e-04
0405 1.9853021994248907e-04 3.3512445543939189e-04
0406 1.9852682053093224e-04 3.3512894582703547e-04
0407 1.9852342102474673e-04 3.3513346975519849e-04
0408 1.9852002142375550e-04 3.3513801417609331e-04
0409 1.9851662172803595e-04 3.3514251179367631e-04
0410 1.9851322193747761e-04 3.3514700888037733e-04
0411 1.9850982205197543e-04 3.3515149929392294e-04
0412 1.9850642207153157e-04 3.3515591492176022e-04
0413 1.9850302199612199e-04 3.3516033764419140e-04
0414 1.9849962182565183e-04 3.3516476352876966e-04
0415 1.9849622156003680e-04 3.3516921071855579e-04
0416 1.9849282119922877e-04 3.3517360081650546e-04
0417 1.9848942074320795e-04 3.3517795403546947e-04
0418 1.9848602019189999e-04 3.3518231546453688e-04
0419 1.9848261954518112e-04 3.3518669451192411e-04
0420 1.9847921880304832e-04 3.3519102091033584e-04
0421 1.9847581796544376e-04 3.3519531955768835e-04
0422 1.9847241703227559e-04 3.3519962652112730e-04
0423 1.9846901600351061e-04 3.3520392377344561e-04
0424 1.9846561487902911e-04 3.3520819919151152e-04
0425 1.9846221365882197e-04 3.3521246672139492e-04
0426 1.9845881234280006e-04 3.3521674361252051e-04
0427 1.9845541093086266e-04 3.3522099398544723e-04
0428 1.9845200942301936e-04 3.3522524484744210e-04
0429 1.9844860781910862e-04 3.3522945855231373e-04
0430 1.9844520611916183e-04 3.3523366347416720e-04
0431 1.9844180432299275e-04 3.3523788451762906e-04
0432 1.9843840243061899e-04 3.3524207685677710e-04
0433 1.9843500044195952e-04 3.3524625946768820e-04
0434 1.9843159835684874e-04 3.3525043761908733e-04
0435 1.9842819617537516e-04 3.3525454280149445e-04
0436 1.9842479389734036e-04 3.3525869044720571e-04
0437 1.9842139152274351e-04 3.3526281517081287e-04
0438 1.9841798905144060e-04 3.3526691860033618e-04
0439 1.9841458648345623e-04 3.3527102239502230e-04
0440 1.9841118381862390e-04 3.3527512164432071e-04
0441 1.9840778105693546e-04 3.3527923228830536e-04
0442 1.9840437819821811e-04 3.3528333772088844e-04
0443 1.9840097524251166e-04 3.3528736222375308e-04
0444 1.9839757218969968e-04 3.3529138848483950e-04
0445 1.9839416903969011e-04 3.3529544068529131e-04
0446 1.9839076579243931e-04 3.3529945856361774e-04
0447 1.9838736244782561e-04 3.3530349717909505e-04
0448 1.9838395900585897e-04 3.3530749512637536e-04
0449 1.9838055546635762e-04 3.3531150056285882e-04
0450 1.9837715182933338e-04 3.3531551250786014e-04
0451 1.9837374809463833e-04 3.3531951564688391e-04
0452 1.9837034426225633e-04 3.3532347565461796e-04
0453 1.9836694033208027e-04 3.3532746321004797e-04
0454 1.9836353630405578e-04 3.3533139362253812e-04
0455 1.9836013217807479e-04 3.3533535048069332e-04
0456 1.9835672795412413e-04 3.3533930590592541e-04
0457 1.9835332363205319e-04 3.3534329354751929e-04
0458 1.9834991921180374e-04 3.3534720016737475e-04
0459 1.9834651469334221e-04 3.3535110429815514e-04
0460 1.9834311007658743e-04 3.3535501857844831e-04
0461 1.9833970536141713e-04 3.3535893731760831e-04
0462 1.9833630054782875e-04 3.3536280932510717e-04
0463 1.9833289563565192e-04 3.3536669753801398e-04
0464 1.9832949062491284e-04 3.3537059371083032e-04
0465 1.9832608551549030e-04 3.3537445975413303e-04
0466 1.9832268030728876e-04 3.3537833356626440e-04
0467 1.9831927500029887e-04 3.3538220215672409e-04
0468 1.9831586959437973e-04 3.3538606201750947e-04
0469 1.9831246408955096e-04 3.3538989918569141e-04
0470 1.9830905848561840e-04 3.3539376651763644e-04
0471 1.9830565278260921e-04 3.3539759963388289e-04
0472 1.9830224698041068e-04 3.3540143852807955e-04
0473 1.9829884107895100e-04 3.3540523859337714e-04
0474 1.9829543507819404e-04 3.3540905283051400e-04
0475 1.9829202897803287e-04 3.3541287097557280e-04
0476 1.9828862277840336e-04 3.3541668359587799e-04
0477 1.9828521647926334e-04 3.3542046119868505e-04
0478 1.9828181008054647e-04 3.3542427168890344e-04
0479 1.9827840358214242e-04 3.3542805501249323e-04
0480 1.9827499698403723e-04 3.3543184310289974e-04
0481 1.9827159028610260e-04 3.3543561227895874e-04
0482 1.9826818348836736e-04 3.3543940385542066e-04
0483 1.9826477659071778e-04 3.3544320154483762e-04
0484 1.9826136959302869e-04 3.3544699775211231e-04
0485 1.9825796249533031e-04 3.3545073519356049e-04
0486 1.9825455529746806e-04 3.3545448438036004e-04
0487 1.9825114799951462e-04 3.3545818764756498e-04
0488 1.9824774060130861e-04 3.3546196392906255e-04
0489 1.9824433310277505e-04 3.3546571057204810e-04
0490 1.9824092550392377e-04 3.3546943229779340e-04
0491 1.9823751780467447e-04 3.3547318162390556e-04
0492 1.9823411000491475e-04 3.3547694234239327e-04
0493 1.9823070210466204e-04 3.3548064088212404e-04
0494 1.9822729410383375e-04 3.3548436140763753e-04
0495 1.9822388600239653e-04 3.3548810457514287e-04
0496 1.9822047780024087e-04 3.3549185060652894e-04
0497 1.9821706949731306e-04 3.3549558462615684e-04
0498 1.9821366109364178e-04 3.3549924728286037e-04
0499 1.9821025258908481e-04 3.3550295345735582e-04
0500 1.9820684398365928e-04 3.3550665533056559e-04
0501 1.9820343527727745e-04 3.3551040141485179e-04
0502 1.9820002646983703e-04 3.3551409360263245e-04
0503 1.9819661756143443e-04 3.3551775668440233e-04
0504 1.9819320855189655e-04 3.3552145349415935e-04
0505 1.9818979944127420e-04 3.3552512687345227e-04
0506 1.9818639022940328e-04 3.3552885560520515e-04
0507 1.9818298091630427e-04 3.3553253111037837e-04
0508 1.9817957150196193e-04 3.3553621117175759e-04
0509 1.9817616198630140e-04 3.3553990759986569e-04
0510 1.9817275236922206e-04 3.3554361450317116e-04
0511 1.9816934265078908e-04 3.3554728961324442e-04
0512 1.9816593283087947e-04 3.3555095861554192e-04
0513 1.9816252290953660e-04 3.3555459987913303e-04
0514 1.9815911288661642e-04 3.3555828321725121e-04
0515 1.9815570276218009e-04 3.3556194614158588e-04
0516 1.9815229253613217e-04 3.3556560274987406e-04
0517 1.9814888220842891e-04 3.3556928330887937e-04
0518 1.9814547177907825e-04 3.3557292211111291e-04
0519 1.9814206124803776e-04 3.3557654884019185e-04
0520 1.9813865061525014e-04 3.3558022520149470e-04
0521 1.9813523988073455e-04 3.3558386456369215e-04
0522 1.9813182904439720e-04 3.3558757957463003e-04
0523 1.9812841810621103e-04 3.3559123960476462e-04
0524 1.9812500706620085e-04 3.3559487288966461e-04
0525 1.9812159592427918e-04 3.3559850987561682e-04
0526 1.9811818468045092e-04 3.3560218075868043e-04
0527 1.9811477333467976e-04 3.3560585010409774e-04
0528 1.9811136188693020e-04 3.3560945458385797e-04
0529 1.9810795033720638e-04 3.3561308129080743e-04
0530 1.9810453868550210e-04 3.3561673758465482e-04
0531 1.9810112693174450e-04 3.3562038997581061e-04
0532 1.9809771507586888e-04 3.3562405054336487e-04
0533 1.9809430311798571e-04 3.3562764350317633e-04
0534 1.9809089105794712e-04 3.3563128873912877e-04
0535 1.9808747889580152e-04 3.3563489835551912e-04
0536 1.9808406663152970e-04 3.3563852936503068e-04
0537 1.9808065426506541e-04 3.3564216211561004e-04
0538 1.9807724179648857e-04 3.3564576837277955e-04
0539 1.9807382922566388e-04 3.3564938904744073e-04
0540 1.9807041655267308e-04 3.3565300563022854e-04
0541 1.9806700377743687e-04 3.3565666977037576e-04
0542 1.9806359089996839e-04 3.3566029575471656e-04
0543 1.9806017792022045e-04 3.3566393427638617e-04
0544 1.9805676483824781e-04 3.3566751863900598e-04
0545 1.9805335165400006e-04 3.3567111853640953e-04
0546 1.9804993836746134e-04 3.3567475977114265e-04
0547 1.9804652497862671e-04 3.3567835940139505e-04
0548 1.9804311148746297e-04 3.3568195710410891e-04
0549 1.9803969789401805e-04 3.3568554100844720e-04
0550 1.9803628419827563e-04 3.3568914742342413e-04
0551 1.9803287040017677e-04 3.3569279585792764e-04
0552 1.9802945649978454e-04 3.3569640601214851e-04
0553 1.9802604249699276e-04 3.3570003569136417e-04
0554 1.9802262839184275e-04 3.3570362191053633e-04
0555 1.9801921418440436e-04 3.3570718493817163e-04
0556 1.9801579987458294e-04 3.3571079923642555e-04
0557 1.9801238546242816e-04 3.3571439835711041e-04
0558 1.9800897094787907e-04 3.3571798951852118e-04
0559 1.9800555633100203e-04 3.3572159159000548e-04
0560 1.9800214161173782e-04 3.3572518446140344e-04
0561 1.9799872679013536e-04 3.3572877994453141e-04
0562 1.9799531186611775e-04 3.3573238624776125e-04
0563 1.9799189683977354e-04 3.3573594099658646e-04
0564 1.9798848171107727e-04 3.3573952486217455e-04
0565 1.9798506647997845e-04 3.3574312493445400e-04
0566 1.9798165114653086e-04 3.3574669958967194e-04
0567 1.9797823571076655e-04 3.3575024382986228e-04
0568 1.9797482017259345e-04 3.3575383686165300e-04
0569 1.9797140453210182e-04 3.3575738768617164e-04
0570 1.9796798878925825e-04 3.3576098105917975e-04
0571 1.9796457294407539e-04 3.3576457295298492e-04
0572 1.9796115699648843e-04 3.3576815453259762e-04
0573 1.9795774094660996e-04 3.3577167112150083e-04
0574 1.9795432479441477e-04 3.3577523478173416e-04
0575 1.9795090853989863e-04 3.3577879085591110e-04
0576 1.9794749218304843e-04 3.3578233922666994e-04
0577 1.9794407572389680e-04 3.3578592651810498e-04
0578 1.9794065916239409e-04 3.3578945311243724e-04
0579 1.9793724249863342e-04 3.3579300578330718e-04
0580 1.9793382573258156e-04 3.3579658247646162e-04
0581 1.9793040886423066e-04 3.3580010834556335e-04
0582 1.9792699189361487e-04 3.3580364757825054e-04
0583 1.9792357482073918e-04 3.3580720671013765e-04
0584 1.9792015764561431e-04 3.3581077974568216e-04
0585 1.9791674036819987e-04 3.3581432245269246e-04
0586 1.9791332298855368e-04 3.3581789043338227e-04
0587 1.9790990550670189e-04 3.3582141080561596e-04
0588 1.9790648792259246e-04 3.3582491318861612e-04
0589 1.9790307023628413e-04 3.3582847457873686e-04
0590 1.9789965244773502e-04 3.3583198868996657e-04
0591 1.9789623455702488e-04 3.3583546334576609e-04
0592 1.9789281656409349e-04 3.3583900344891508e-04
0593 1.9788939846903126e-04 3.3584249059299802e-04
0594 1.9788598027180727e-04 3.3584598304520728e-04
0595 1.9788256197239874e-04 3.3584951431482097e-04
0596 1.9787914357086004e-04 3.3585301324056148e-04
0597 1.9787572506721539e-04 3.3585655514658771e-04
0598 1.9787230646142173e-04 3.3586007121580766e-04
0599 1.9786888775347853e-04 3.3586360411428631e-04
0600 1.9786546894351987e-04 3.3586706990423046e-04
