# step du_rel dp_rel
# u_rtol 1.0000000000000000e-04
# p_rtol 1.0000000000000000e-03
0001 1.9789099389709545e-04 2.5642169493968973e-03
0002 1.9788744363860954e-04 2.4351328195448929e-03
0003 1.9788392128639452e-04 2.3009466105083820e-03
0004 1.9788041538389053e-04 2.1646406274684919e-03
0005 1.9787691926633299e-04 2.0286571118942787e-03
0006 1.9787342910502278e-04 1.8949542025553500e-03
0007 1.9786994273896050e-04 1.7650657621134840e-03
0008 1.9786645897794419e-04 1.6401603125483796e-03
0009 1.9786297718857014e-04 1.5210966365008585e-03
0010 1.9785949705003827e-04 1.4084740273263554e-03
0011 1.9785601841096147e-04 1.3026771206192909e-03
0012 1.9785254120685075e-04 1.2039147566361387e-03
0013 1.9784906541337076e-04 1.1122536311828643e-03
0014 1.9784559102108501e-04 1.0276465880562442e-03
0015 1.9784211802149576e-04 9.4995706017013848e-04
0016 1.9783864640141177e-04 8.7897809444776069e-04
0017 1.9783517614030421e-04 8.1444922368086666e-04
0018 1.9783170721000953e-04 7.5606951394263829e-04
0019 1.9782823957569803e-04 7.0350820283959434e-04
0020 1.9782477319683336e-04 6.5641346553064529e-04
0021 1.9782130802875521e-04 6.1441952527735010e-04
0022 1.9781784402372093e-04 5.7715267520450791e-04
0023 1.9781438113233353e-04 5.4423626651847377e-04
0024 1.9781091930405595e-04 5.1529608998335166e-04
0025 1.9780745848842069e-04 4.8996403714540585e-04
0026 1.9780399863551600e-04 4.6788300644461686e-04
0027 1.9780053969620370e-04 4.4871053715347161e-04
0028 1.9779708162295535e-04 4.3212223274600661e-04
0029 1.9779362436976030e-04 4.1781484186697752e-04
0030 1.9779016789245860e-04 4.0550831750315057e-04
0031 1.9778671214876463e-04 3.9494714753438530e-04
0032 1.9778325709844042e-04 3.8590084621182333e-04
0033 1.9777980270329761e-04 3.7816376341260157e-04
0034 1.9777634892709936e-04 3.7155413067617953e-04
0035 1.9777289573561947e-04 3.6591257745171451e-04
0036 1.9776944309656496e-04 3.6110043402067204e-04
0037 1.9776599097939013e-04 3.5699768427584628e-04
0038 1.9776253935549962e-04 3.5350092831913985e-04
0039 1.9775908819782230e-04 3.5052158472588876e-04
0040 1.9775563748106824e-04 3.4798380055691428e-04
0041 1.9775218718143332e-04 3.4582275109477353e-04
0042 1.9774873727645568e-04 3.4398324167172919e-04
0043 1.9774528774515660e-04 3.4241812233041998e-04
0044 1.9774183856781862e-04 3.4108726190475701e-04
0045 1.9773838972590515e-04 3.3995642404183255e-04
0046 1.9773494120200891e-04 3.3899634042648951e-04
0047 1.9773149297982562e-04 3.3818211358067625e-04
0048 1.9772804504395236e-04 3.3749240357568914e-04
0049 1.9772459737996641e-04 3.3690896419721054e-04
0050 1.9772114997428013e-04 3.3641620097345741e-04
0051 1.9771770281415692e-04 3.3600073853953420e-04
0052 1.9771425588753088e-04 3.3565118072698678e-04
0053 1.9771080918305994e-04 3.3535775196790938e-04
0054 1.9770736269012209e-04 3.3511201951483288e-04
0055 1.9770391639856280e-04 3.3490688170326318e-04
0056 1.9770047029887648e-04 3.3473617946451598e-04
0057 1.9769702438198351e-04 3.3459467605543750e-04
0058 1.9769357863950695e-04 3.3447781257809809e-04
0059 1.9769013306325558e-04 3.3438193388541900e-04
0060 1.9768668764559230e-04 3.3430367704473748e-04
0061 1.9768324237919859e-04 3.3424029350344927e-04
0062 1.9767979725726824e-04 3.3418942004765566e-04
0063 1.9767635227316077e-04 3.3414916319048966e-04
0064 1.9767290742061340e-04 3.3411779013662978e-04
0065 1.9766946269373072e-04 3.3409389840754068e-04
0066 1.9766601808672587e-04 3.3407631662701258e-04
0067 1.9766257359419962e-04 3.3406401376617436e-04
0068 1.9765912921098223e-04 3.3405611420171260e-04
0069 1.9765568493203953e-04 3.3405198092097073e-04
0070 1.9765224075267128e-04 3.3405101527744292e-04
0071 1.9764879666820428e-04 3.3405272553199185e-04
0072 1.9764535267428825e-04 3.3405672019244989e-04
0073 1.9764190876670810e-04 3.3406259666243912e-04
0074 1.9763846494143017e-04 3.3407014331904435e-04
0075 1.9763502119449691e-04 3.3407914464673441e-04
0076 1.9763157752215573e-04 3.3408934192537542e-04
0077 1.9762813392078512e-04 3.3410063006718971e-04
0078 1.9762469038688734e-04 3.3411288110843514e-04
0079 1.9762124691704368e-04 3.3412594819941260e-04
0080 1.9761780350795847e-04 3.3413978767548561e-04
0081 1.9761436015650009e-04 3.3415422912557791e-04
0082 1.9761091685955329e-04 3.3416928788370585e-04
0083 1.9760747361427270e-04 3.3418484990371908e-04
0084 1.9760403041763747e-04 3.3420093750879850e-04
0085 1.9760058726692916e-04 3.3421743510235626e-04
0086 1.9759714415945790e-04 3.3423437926155466e-04
0087 1.9759370109250274e-04 3.3425171006175487e-04
0088 1.9759025806359557e-04 3.3426933189438729e-04
0089 1.9758681507024868e-04 3.3428733177720110e-04
0090 1.9758337210999755e-04 3.3430564756958819e-04
0091 1.9757992918049025e-04 3.3432419013529162e-04
0092 1.9757648627946221e-04 3.3434295834771266e-04
0093 1.9757304340466678e-04 3.3436192985996293e-04
0094 1.9756960055398085e-04 3.3438113538888405e-04
0095 1.9756615772527331e-04 3.3440049283043688e-04
0096 1.9756271491643132e-04 3.3442005320677795e-04
0097 1.9755927212540794e-04 3.3443971299337041e-04
0098 1.9755582935034757e-04 3.3445947012889133e-04
0099 1.9755238658927229e-04 3.3447933640736214e-04
0100 1.9754894384028387e-04 3.3449931637820010e-04
0101 1.9754550110156419e-04 3.3451937064991357e-04
0102 1.9754205837132106e-04 3.3453945089787374e-04
0103 1.9753861564780030e-04 3.3455956414287294e-04
0104 1.9753517292929758e-04 3.3457967498494592e-04
0105 1.9753173021412509e-04 3.3459982205350620e-04
0106 1.9752828750059420e-04 3.3461997380663670e-04
0107 1.9752484478712941e-04 3.3464010272988887e-04
0108 1.9752140207216661e-04 3.3466015355976486e-04
0109 1.9751795935408752e-04 3.3468023499936379e-04
0110 1.9751451663142837e-04 3.3470023487027807e-04
0111 1.9751107390271065e-04 3.3472017606947150e-04
0112 1.9750763116642295e-04 3.3474005838018348e-04
0113 1.9750418842112911e-04 3.3475986420133014e-04
0114 1.9750074566539759e-04 3.3477954100919935e-04
0115 1.9749730289788403e-04 3.3479913326971660e-04
0116 1.9749386011722403e-04 3.3481860984708355e-04
0117 1.9749041732203138e-04 3.3483801415436703e-04
0118 1.9748697451098498e-04 3.3485726406645851e-04
0119 1.9748353168283863e-04 3.3487639244648244e-04
0120 1.9748008883627757e-04 3.3489540555821341e-04
0121 1.9747664597002539e-04 3.3491430070796559e-04
0122 1.9747320308287166e-04 3.3493302926013049e-04
0123 1.9746976017357782e-04 3.3495163696257876e-04
0124 1.9746631724089681e-04 3.3497009516298516e-04
0125 1.9746287428370967e-04 3.3498837657654023e-04
0126 1.9745943130080126e-04 3.3500656059355904e-04
0127 1.9745598829103286e-04 3.3502455872505912e-04
0128 1.9745254525325423e-04 3.3504241994592658e-04
0129 1.9744910218629449e-04 3.3506011406697140e-04
0130 1.9744565908913435e-04 3.3507762992870206e-04
0131 1.9744221596060640e-04 3.3509498356607459e-04
0132 1.9743877279966376e-04 3.3511216593024110e-04
0133 1.9743532960519981e-04 3.3512921225912302e-04
0134 1.9743188637618420e-04 3.3514606912045110e-04
0135 1.9742844311157058e-04 3.3516276941847215e-04
0136 1.9742499981031459e-04 3.3517931265362669e-04
0137 1.9742155647135595e-04 3.3519569724652526e-04
0138 1.9741811309375302e-04 3.3521186587390922e-04
0139 1.9741466967648126e-04 3.3522791150284543e-04
0140 1.9741122621853683e-04 3.3524377020455756e-04
0141 1.9740778271896744e-04 3.3525946586161927e-04
0142 1.9740433917681192e-04 3.3527496072578673e-04
0143 1.9740089559106008e-04 3.3529028770608766e-04
0144 1.9739745196088236e-04 3.3530546674457863e-04
0145 1.9739400828516589e-04 3.3532049418526379e-04
0146 1.9739056456315006e-04 3.3533529861920475e-04
0147 1.9738712079390619e-04 3.3534995320936526e-04
0148 1.9738367697644911e-04 3.3536446160219445e-04
0149 1.9738023310993642e-04 3.3537883672885948e-04
0150 1.9737678919344191e-04 3.3539300987031406e-04
0151 1.9737334522618210e-04 3.3540699263339758e-04
0152 1.9736990120721438e-04 3.3542082090647079e-04
0153 1.9736645713568682e-04 3.3543450309350616e-04
0154 1.9736301301078718e-04 3.3544800820284299e-04
0155 1.9735956883170603e-04 3.3546133088723846e-04
0156 1.9735612459752515e-04 3.3547454058175915e-04
0157 1.9735268030753308e-04 3.3548754406583452e-04
0158 1.9734923596090279e-04 3.3550036587018064e-04
0159 1.9734579155678160e-04 3.3551308773779051e-04
0160 1.9734234709441209e-04 3.3552561592461457e-04
0161 1.9733890257304530e-04 3.3553800619898883e-04
0162 1.9733545799194020e-04 3.3555023400914962e-04
0163 1.9733201335022491e-04 3.3556229723275129e-04
0164 1.9732856864731601e-04 3.3557421238757199e-04
0165 1.9732512388238158e-04 3.3558599666995149e-04
0166 1.9732167905465534e-04 3.3559767616071854e-04
0167 1.9731823416349194e-04 3.3560916287656673e-04
0168 1.9731478920822229e-04 3.3562048651790481e-04
0169 1.9731134418801957e-04 3.3563172491086590e-04
0170 1.9730789910233187e-04 3.3564272881291658e-04
0171 1.9730445395038765e-04 3.3565365643985348e-04
0172 1.9730100873161663e-04 3.3566440669223209e-04
0173 1.9729756344530230e-04 3.3567505215888291e-04
0174 1.9729411809079226e-04 3.3568557767038896e-04
0175 1.9729067266751127e-04 3.3569596185517087e-04
0176 1.9728722717476542e-04 3.3570621252426903e-04
0177 1.9728378161196778e-04 3.3571629170123544e-04
0178 1.9728033597853699e-04 3.3572623815230436e-04
0179 1.9727689027385016e-04 3.3573608489672105e-04
0180 1.9727344449738980e-04 3.3574579236172732e-04
0181 1.9726999864851712e-04 3.3575541240859602e-04
0182 1.9726655272671249e-04 3.3576489538050537e-04
0183 1.9726310673139871e-04 3.3577426467389223e-04
0184 1.9725966066201726e-04 3.3578352675333050e-04
0185 1.9725621451809777e-04 3.3579263667140924e-04
0186 1.9725276829908321e-04 3.3580164958495656e-04
0187 1.9724932200445027e-04 3.3581053917935256e-04
0188 1.9724587563377786e-04 3.3581932598722306e-04
0189 1.9724242918651343e-04 3.3582798951981279e-04
0190 1.9723898266218225e-04 3.3583657643108516e-04
0191 1.9723553606030588e-04 3.3584504447135925e-04
0192 1.9723208938047360e-04 3.3585340780537221e-04
0193 1.9722864262219485e-04 3.3586168158909220e-04
0194 1.9722519578506821e-04 3.3586980396405931e-04
0195 1.9722174886864188e-04 3.3587786100392907e-04
0196 1.9721830187253395e-04 3.3588583696056310e-04
0197 1.9721485479630945e-04 3.3589370092452158e-04
0198 1.9721140763955284e-04 3.3590150627172717e-04
0199 1.9720796040191186e-04 3.3590920176206974e-04
0200 1.9720451308298845e-04 3.3591679405284595e-04
0201 1.9720106568243807e-04 3.3592427902248440e-04
0202 1.9719761819987348e-04 3.3593172777355505e-04
0203 1.9719417063492731e-04 3.3593908873173327e-04
0204 1.9719072298731702e-04 3.3594633441355246e-04
0205 1.9718727525670229e-04 3.3595352571504268e-04
0206 1.9718382744270216e-04 3.3596066794158068e-04
0207 1.9718037954504592e-04 3.3596766864887211e-04
0208 1.9717693156340251e-04 3.3597457449234411e-04
0209 1.9717348349751295e-04 3.3598146211000598e-04
0210 1.9717003534704439e-04 3.3598830282845389e-04
0211 1.9716658711174074e-04 3.3599502445785155e-04
0212 1.9716313879131504e-04 3.3600168311008575e-04
0213 1.9715969038552316e-04 3.3600827398234836e-04
0214 1.9715624189409802e-04 3.3601477879113557e-04
0215 1.9715279331679127e-04 3.3602127093200869e-04
0216 1.9714934465335258e-04 3.3602770779199621e-04
0217 1.9714589590348998e-04 3.3603405131748962e-04
0218 1.9714244706710770e-04 3.3604034164116443e-04
0219 1.9713899814388747e-04 3.3604660382318319e-04
0220 1.9713554913361331e-04 3.3605276717079519e-04
0221 1.9713210003609064e-04 3.3605889562208108e-04
0222 1.9712865085115073e-04 3.3606495453135886e-04
0223 1.9712520157855209e-04 3.3607096732115390e-04
0224 1.9712175221812806e-04 3.3607698054587468e-04
0225 1.9711830276965950e-04 3.3608290703946819e-04
0226 1.9711485323300061e-04 3.3608878438920990e-04
0227 1.9711140360796078e-04 3.3609460098744102e-04
0228 1.9710795389436681e-04 3.3610038698948894e-04
0229 1.9710450409209077e-04 3.3610611795219215e-04
0230 1.9710105420094271e-04 3.3611181110005582e-04
0231 1.9709760422076188e-04 3.3611747162010878e-04
0232 1.9709415415142571e-04 3.3612306979592264e-04
0233 1.9709070399278629e-04 3.3612867466538215e-04
0234 1.9708725374465238e-04 3.3613421868477979e-04
0235 1.9708380340696487e-04 3.3613969695208849e-04
0236 1.9708035297953967e-04 3.3614517686585496e-04
0237 1.9707690246227710e-04 3.3615061487879438e-04
0238 1.9707345185500540e-04 3.3615601926820649e-04
0239 1.9707000115765821e-04 3.3616137145388222e-04
0240 1.9706655037010659e-04 3.3616671446104159e-04
0241 1.9706309949223287e-04 3.3617204225907491e-04
0242 1.9705964852388043e-04 3.3617735319433647e-04
0243 1.9705619746502936e-04 3.3618260805553320e-04
0244 1.9705274631545973e-04 3.3618786292245956e-04
0245 1.9704929507516014e-04 3.3619305117094550e-04
0246 1.9704584374402446e-04 3.3619823097852738e-04
0247 1.9704239232190337e-04 3.3620338070932418e-04
0248 1.9703894080877127e-04 3.3620852550261679e-04
0249 1.9703548920444060e-04 3.3621364774538530e-04
0250 1.9703203750892097e-04 3.3621873403899360e-04
0251 1.9702858572206636e-04 3.3622382124890256e-04
0252 1.9702513384378383e-04 3.3622887067143604e-04
0253 1.9702168187401807e-04 3.3623389666529281e-04
0254 1.9701822981265169e-04 3.3623892186817960e-04
0255 1.9701477765968198e-04 3.3624389151834500e-04
0256 1.9701132541491916e-04 3.3624889453331633e-04
0257 1.9700787307837784e-04 3.3625387637057068e-04
0258 1.9700442064989667e-04 3.3625880981234834e-04
0259 1.9700096812945206e-04 3.3626374628061310e-04
0260 1.9699751551698175e-04 3.3626865956360417e-04
0261 1.9699406281240781e-04 3.3627356006711101e-04
0262 1.9699061001559253e-04 3.3627845224104937e-04
0263 1.9698715712654230e-04 3.3628330868912731e-04
0264 1.9698370414517660e-04 3.3628816262780311e-04
0265 1.9698025107136409e-04 3.3629301566747203e-04
0266 1.9697679790512925e-04 3.3629786204648698e-04
0267 1.9697334464631859e-04 3.3630271134662382e-04
0268 1.9696989129493043e-04 3.3630754188271539e-04
0269 1.9696643785084374e-04 3.3631236984884650e-04
0270 1.9696298431405877e-04 3.3631715562406863e-04
0271 1.9695953068444826e-04 3.3632195944567042e-04
0272 1.9695607696193609e-04 3.3632675780743374e-04
0273 1.9695262314655971e-04 3.3633150050550780e-04
0274 1.9694916923813842e-04 3.3633627266014594e-04
0275 1.9694571523670376e-04 3.3634101588989594e-04
0276 1.9694226114210986e-04 3.3634579250730972e-04
0277 1.9693880695433966e-04 3.3635054425889817e-04
0278 1.9693535267332568e-04 3.3635525806989834e-04
0279 1.9693189829904221e-04 3.3635995894038819e-04
0280 1.9692844383139703e-04 3.3636474218632148e-04
0281 1.9692498927027227e-04 3.3636945747067169e-04
0282 1.9692153461566656e-04 3.3637415690067498e-04
0283 1.9691807986757357e-04 3.3637885131335209e-04
0284 1.9691462502583932e-04 3.3638356709509771e-04
0285 1.9691117009042558e-04 3.3638826868992477e-04
0286 1.9690771506127380e-04 3.3639293272089805e-04
0287 1.9690425993835504e-04 3.3639759481527792e-04
0288 1.9690080472162030e-04 3.3640228379840071e-04
0289 1.9689734941093494e-04 3.3640696498914185e-04
0290 1.9689389400630913e-04 3.3641160319269875e-04
0291 1.9689043850764745e-04 3.3641628080825330e-04
0292 1.9688698291490917e-04 3.3642093668227041e-04
0293 1.9688352722805708e-04 3.3642555138828774e-04
0294 1.9688007144702557e-04 3.3643021008081871e-04
0295 1.9687661557169804e-04 3.3643490476965816e-04
0296 1.9687315960205680e-04 3.3643953133344746e-04
0297 1.9686970353807894e-04 3.3644413240989444e-04
0298 1.9686624737964639e-04 3.3644876236210708e-04
0299 1.9686279112678400e-04 3.3645336555237349e-04
0300 1.9685933477933527e-04 3.3645799275735052e-04
0301 1.9685587833729874e-04 3.3646258398278031e-04
0302 1.9685242180056086e-04 3.3646722809095868e-04
0303 1.9684896516919414e-04 3.3647175946783495e-04
0304 1.9684550844301538e-04 3.3647634800284117e-04
0305 1.9684205162205171e-04 3.3648094353329035e-04
0306 1.9683859470613765e-04 3.3648554371241773e-04
0307 1.9683513769533958e-04 3.3649009501077952e-04
0308 1.9683168058953231e-04 3.3649466259402658e-04
0309 1.9682822338867742e-04 3.3649921898785170e-04
0310 1.9682476609271220e-04 3.3650377043175917e-04
0311 1.9682130870162881e-04 3.3650834425516280e-04
0312 1.9681785121530257e-04 3.3651289892445941e-04
0313 1.9681439363365813e-04 3.3651744310016007e-04
0314 1.9681093595678916e-04 3.3652192786156216e-04
0315 1.9680747818445759e-04 3.3652650313634538e-04
0316 1.9680402031673649e-04 3.3653101938095197e-04
0317 1.9680056235349403e-04 3.3653553413959676e-04
0318 1.9679710429476612e-04 3.3654001951506722e-04
0319 1.9679364614038998e-04 3.3654452859001560e-04
0320 1.9679018789034092e-04 3.3654900744915182e-04
0321 1.9678672954462725e-04 3.3655348922222660e-04
0322 1.9678327110313044e-04 3.3655796544766688e-04
0323 1.9677981256580688e-04 3.3656243571751496e-04
0324 1.9677635393262774e-04 3.3656686773051516e-04
0325 1.9677289520355991e-04 3.3657128719052790e-04
0326 1.9676943637849591e-04 3.3657574856768005e-04
0327 1.9676597745744423e-04 3.3658018881937383e-04
0328 1.9676251844027062e-04 3.3658463550258026e-04
0329 1.9675905932697605e-04 3.3658906355374840e-04
0330 1.9675560011750092e-04 3.3659348227313256e-04
0331 1.9675214081176713e-04 3.3659787021047947e-04
0332 1.9674868140975773e-04 3.3660226094732362e-04
0333 1.9674522191140872e-04 3.3660661055310431e-04
0334 1.9674176231663802e-04 3.3661098281626478e-04
0335 1.9673830262543796e-04 3.3661534654030932e-04
0336 1.9673484283777259e-04 3.3661966127793895e-04
0337 1.9673138295353188e-04 3.3662405112858362e-04
0338 1.9672792297269998e-04 3.3662839130208606e-04
0339 1.9672446289520842e-04 3.3663271926393027e-04
0340 1.9672100272099052e-04 3.3663700266813636e-04
0341 1.9671754245004182e-04 3.3664127178326055e-04
0342 1.9671408208230839e-04 3.3664557131318139e-04
0343 1.9671062161767872e-04 3.3664989780858031e-04
0344 1.9670716105614318e-04 3.3665414343096907e-04
0345 1.9670370039765362e-04 3.3665838134224884e-04
0346 1.9670023964217607e-04 3.3666261976200213e-04
0347 1.9669677878963212e-04 3.3666685415922556e-04
0348 1.9669331783999088e-04 3.3667106451761253e-04
0349 1.9668985679315002e-04 3.3667529554741855e-04
0350 1.9668639564912802e-04 3.3667949170714580e-04
0351 1.9668293440781580e-04 3.3668368747223149e-04
0352 1.9667947306920136e-04 3.3668785433673255e-04
0353 1.9667601163323340e-04 3.3669198897206805e-04
0354 1.9667255009985209e-04 3.3669614740671730e-04
0355 1.9666908846899348e-04 3.3670027189132776e-04
0356 1.9666562674063145e-04 3.3670438707969892e-04
0357 1.9666216491468695e-04 3.3670852140119090e-04
0358 1.9665870299113696e-04 3.3671260841891765e-04
0359 1.9665524096991794e-04 3.3671667019090210e-04
0360 1.9665177885099398e-04 3.3672073156022460e-04
0361 1.9664831663432816e-04 3.3672479333335463e-04
0362 1.9664485431979519e-04 3.3672885152979021e-04
0363 1.9664139190741085e-04 3.3673285507364667e-04
0364 1.9663792939713200e-04 3.3673686900330955e-04
0365 1.9663446678889763e-04 3.3674088800858711e-04
0366 1.9663100408259506e-04 3.3674488347815233e-04
0367 1.9662754127826380e-04 3.3674884586106711e-04
0368 1.9662407837579623e-04 3.3675279555975886e-04
0369 1.9662061537516844e-04 3.3675675503185124e-04
0370 1.9661715227634974e-04 3.3676070720091314e-04
0371 1.9661368907922234e-04 3.3676462740970105e-04
0372 1.9661022578378802e-04 3.3676853446359809e-04
0373 1.9660676238997249e-04 3.3677244945426590e-04
0374 1.9660329889774344e-04 3.3677632933529786e-04
0375 1.9659983530705358e-04 3.3678019546195121e-04
0376 1.9659637161779380e-04 3.3678404570707405e-04
0377 1.9659290782997121e-04 3.3678786013667452e-04
0378 1.9658944394356761e-04 3.3679162197143054e-04
0379 1.9658597995844893e-04 3.3679544218702070e-04
0380 1.9658251587464879e-04 3.3679923483825403e-04
0381 1.9657905169202097e-04 3.3680302914013350e-04
0382 1.9657558741059810e-04 3.3680680880676623e-04
0383 1.9657212303025710e-04 3.3681059045456740e-04
0384 1.9656865855101374e-04 3.3681431537549292e-04
0385 1.9656519397276360e-04 3.3681803290237908e-04
0386 1.9656172929547876e-04 3.3682171901608317e-04
0387 1.9655826451910321e-04 3.3682541353429363e-04
0388 1.9655479964361062e-04 3.3682908957021347e-04
0389 1.9655133466891635e-04 3.3683275365802099e-04
0390 1.9654786959498542e-04 3.3683640548146321e-04
0391 1.9654440442172001e-04 3.3684003287403171e-04
0392 1.9654093914918519e-04 3.3684362170268811e-04
0393 1.9653747377715693e-04 3.3684727932258468e-04
0394 1.9653400830576197e-04 3.3685081265739957e-04
0395 1.9653054273482639e-04 3.3685442906478699e-04
0396 1.9652707706432413e-04 3.3685802576226455e-04
0397 1.9652361129422470e-04 3.3686158082218168e-04
0398 1.9652014542448023e-04 3.3686509498117028e-04
0399 1.9651667945500220e-04 3.3686861315797002e-04
0400 1.9651321338577836e-04 3.3687211942482002e-04
0401 1.9650974721675604e-04 3.3687561026185081e-04
0402 1.9650628094779518e-04 3.3687910508054929e-04
0403 1.9650281457898999e-04 3.3688255986499680e-04
0404 1.9649934811016693e-04 3.3688602071943604e-04
0405 1.9649588154131676e-04 3.3688945704662612e-04
0406 1.9649241487243270e-04 3.3689287501995004e-04
0407 1.9648894810337259e-04 3.3689628933967119e-04
0408 1.9648548123415898e-04 3.3689968141994791e-04
0409 1.9648201426471519e-04 3.3690307512710478e-04
0410 1.9647854719499484e-04 3.3690643519237898e-04
0411 1.9647508002490664e-04 3.3690982685603989e-04
0412 1.9647161275446355e-04 3.3691316968557054e-04
0413 1.9646814538357960e-04 3.3691652434172313e-04
0414 1.9646467791217026e-04 3.3691988099618207e-04
0415 1.9646121034024421e-04 3.3692317906775470e-04
0416 1.9645774266774263e-04 3.3692648784901279e-04
0417 1.9645427489455790e-04 3.3692977130896139e-04
0418 1.9645080702065980e-04 3.3693305658188608e-04
0419 1.9644733904610761e-04 3.3693629860318208e-04
0420 1.9644387097067479e-04 3.3693956671305525e-04
0421 1.9644040279440971e-04 3.3694281262674998e-04
0422 1.9643693451724831e-04 3.3694601708807219e-04
0423 1.9643346613917563e-04 3.3694922960319986e-04
0424 1.9642999766007895e-04 3.3695246228437805e-04
0425 1.9642652907993007e-04 3.3695564632475083e-04
0426 1.9642306039870013e-04 3.3695884179722957e-04
0427 1.9641959161631080e-04 3.3696205176312683e-04
0428 1.9641612273272417e-04 3.3696520836599557e-04
0429 1.9641265374788520e-04 3.3696836092080094e-04
0430 1.9640918466176847e-04 3.3697147230574533e-04
0431 1.9640571547429757e-04 3.3697460113612913e-04
0432 1.9640224618547902e-04 3.3697771622838798e-04
0433 1.9639877679518438e-04 3.3698085620109750e-04
0434 1.9639530730342888e-04 3.3698395219470075e-04
0435 1.9639183771015978e-04 3.3698704310417286e-04
0436 1.9638836801530273e-04 3.3699013176824850e-04
0437 1.9638489821880415e-04 3.3699322046203188e-04
0438 1.9638142832065949e-04 3.3699627274654545e-04
0439 1.9637795832080378e-04 3.3699932561309811e-04
0440 1.9637448821918535e-04 3.3700237115983207e-04
0441 1.9637101801577004e-04 3.3700540783183214e-04
0442 1.9636754771052177e-04 3.3700842592790647e-04
0443 1.9636407730334822e-04 3.3701145610789745e-04
0444 1.9636060679429458e-04 3.3701445443239721e-04
0445 1.9635713618322112e-04 3.3701747396913261e-04
0446 1.9635366547013399e-04 3.3702045096708247e-04
0447 1.9635019485223889e-04 3.3713986516155359e-04
0448 1.9634672389939225e-04 3.3708482890262267e-04
0449 1.9634325285473766e-04 3.3705125175691528e-04
0450 1.9633978171507531e-04 3.3703208453879157e-04
0451 1.9633631047837055e-04 3.3702248036509099e-04
0452 1.9633283914276972e-04 3.3701908467455137e-04
0453 1.9632936770745980e-04 3.3701963627766172e-04
0454 1.9632589617165196e-04 3.3702260099586053e-04
0455 1.9632242453473982e-04 3.3702692031104220e-04
0456 1.9631895279635154e-04 3.3703197407773357e-04
0457 1.9631548095619126e-04 3.3703729206967936e-04
0458 1.9631200901400959e-04 3.3704261409017754e-04
0459 1.9630853696967342e-04 3.3704777976921772e-04
0460 1.9630506482304965e-04 3.3705269915519030e-04
0461 1.9630159257402117e-04 3.3705736995344405e-04
0462 1.9629812022253329e-04 3.3706176977273155e-04
0463 1.9629464776848025e-04 3.3706591754591831e-04
0464 1.9629117521183519e-04 3.3706982198110260e-04
0465 1.9628770255250574e-04 3.3707352244298977e-04
0466 1.9628422979049018e-04 3.3707700931957357e-04
0467 1.9628075692575218e-04 3.3708036436996467e-04
0468 1.9627728395821276e-04 3.3708360836076775e-04
0469 1.9627381088786237e-04 3.3708673084093378e-04
0470 1.9627033771468883e-04 3.3708975053858798e-04
0471 1.9626686443862220e-04 3.3709272830887067e-04
0472 1.9626339105963700e-04 3.3709561725024444e-04
0473 1.9625991757774868e-04 3.3709848712204033e-04
0474 1.9625644399286755e-04 3.3710131833347733e-04
0475 1.9625297030498727e-04 3.3710413912935438e-04
0476 1.9624949651408428e-04 3.3710693350993151e-04
0477 1.9624602262014913e-04 3.3710972507106459e-04
0478 1.9624254862311421e-04 3.3711250347502885e-04
0479 1.9623907452302259e-04 3.3711525140354097e-04
0480 1.9623560031976046e-04 3.3711803369962888e-04
0481 1.9623212601337320e-04 3.3712078441586408e-04
0482 1.9622865160379363e-04 3.3712355337163263e-04
0483 1.9622517709104426e-04 3.3712631962609478e-04
0484 1.9622170247509578e-04 3.3712909598764782e-04
0485 1.9621822775587447e-04 3.3713190564591813e-04
0486 1.9621475293340072e-04 3.3713467443246067e-04
0487 1.9621127800763859e-04 3.3713743914686839e-04
0488 1.9620780297859640e-04 3.3714022431179108e-04
0489 1.9620432784620877e-04 3.3714300990621765e-04
0490 1.9620085261047487e-04 3.3714579174134741e-04
0491 1.9619737727140518e-04 3.3714855537157182e-04
0492 1.9619390182895765e-04 3.3715132855357443e-04
0493 1.9619042628309626e-04 3.3715411724264814e-04
0494 1.9618695063385204e-04 3.3715689182164780e-04
0495 1.9618347488116854e-04 3.3715968580979303e-04
0496 1.9617999902504655e-04 3.3716246959213114e-04
0497 1.9617652306548077e-04 3.3716525383845368e-04
0498 1.9617304700239219e-04 3.3716805782100644e-04
0499 1.9616957083584504e-04 3.3717081305713564e-04
0500 1.9616609456580127e-04 3.3717357218730336e-04
0501 1.9616261819222671e-04 3.3717633153189575e-04
0502 1.9615914171515676e-04 3.3717910781677114e-04
0503 1.9615566513449812e-04 3.3718188164186101e-04
0504 1.9615218845036941e-04 3.3718463423819335e-04
0505 1.9614871166254784e-04 3.3718741603733704e-04
0506 1.9614523477123465e-04 3.3719017002164576e-04
0507 1.9614175777630819e-04 3.3719292670418349e-04
0508 1.9613828067781007e-04 3.3719567326809084e-04
0509 1.9613480347567306e-04 3.3719842724196992e-04
0510 1.9613132616993150e-04 3.3720118709975634e-04
0511 1.9612784876055030e-04 3.3720392537045404e-04
0512 1.9612437124753358e-04 3.3720667635206832e-04
0513 1.9612089363088374e-04 3.3720941734019901e-04
0514 1.9611741591057534e-04 3.3721216119806448e-04
0515 1.9611393808659550e-04 3.3721490644598659e-04
0516 1.9611046015894000e-04 3.3721764900332147e-04
0517 1.9610698212761373e-04 3.3722038173971574e-04
0518 1.9610350399259672e-04 3.3722312676794612e-04
0519 1.9610002575391974e-04 3.3722585836507907e-04
0520 1.9609654741144792e-04 3.3722857336612109e-04
0521 1.9609306896531831e-04 3.3723131316155117e-04
0522 1.9608959041548596e-04 3.3723404413730156e-04
0523 1.9608611176193726e-04 3.3723678888595665e-04
0524 1.9608263300464383e-04 3.3723951235101749e-04
0525 1.9607915414360765e-04 3.3724223298983426e-04
0526 1.9607567517883730e-04 3.3724495640805713e-04
0527 1.9607219611031770e-04 3.3724765360632899e-04
0528 1.9606871693805374e-04 3.3725037895320046e-04
0529 1.9606523766313167e-04 3.3725309461620461e-04
0530 1.9606175828201759e-04 3.3725585347208647e-04
0531 1.9605827879850732e-04 3.3725858535160839e-04
0532 1.9605479921125027e-04 3.3726127413897844e-04
0533 1.9605131952018403e-04 3.3726400913564427e-04
0534 1.9604783972532723e-04 3.3726673128837531e-04
0535 1.9604435982669037e-04 3.3726946131567572e-04
0536 1.9604087982425962e-04 3.3727215973080454e-04
0537 1.9603739971800564e-04 3.3727488601911234e-04
0538 1.9603391950800581e-04 3.3727761323612066e-04
0539 1.9603043919413734e-04 3.3728036081593119e-04
0540 1.9602695877649594e-04 3.3728305457353733e-04
0541 1.9602347825500150e-04 3.3728577517138893e-04
0542 1.9601999762972855e-04 3.3728847325527523e-04
0543 1.9601651690062864e-04 3.3729119107792728e-04
0544 1.9601303606768568e-04 3.3729390265324800e-04
0545 1.9600955513091335e-04 3.3729662969034848e-04
0546 1.9600607409033069e-04 3.3729932370537441e-04
0547 1.9600259294588987e-04 3.3730202990476084e-04
0548 1.9599911169761037e-04 3.3730473654650881e-04
0549 1.9599563034547387e-04 3.3730745857489687e-04
0550 1.9599214888951837e-04 3.3731017071807976e-04
0551 1.9598866732968475e-04 3.3731287060225108e-04
0552 1.9598518566601083e-04 3.3731558220036087e-04
0553 1.9598170389845102e-04 3.3731829703999674e-04
0554 1.9597822202702998e-04 3.3732100275197813e-04
0555 1.9597474005171893e-04 3.3732368354821103e-04
0556 1.9597125797263804e-04 3.3732637585619999e-04
0557 1.9596777578952985e-04 3.3732909613348511e-04
0558 1.9596429350261435e-04 3.3733179597644178e-04
0559 1.9596081111178900e-04 3.3733451489441010e-04
0560 1.9595732861708682e-04 3.3733722733553543e-04
0561 1.9595384601846691e-04 3.3733992913326932e-04
0562 1.9595036331595425e-04 3.3734264568650678e-04
0563 1.9594688050949896e-04 3.3734534203901659e-04
0564 1.9594339759914354e-04 3.3734803000601152e-04
0565 1.9593991458489321e-04 3.3735070039595037e-04
0566 1.9593643146671879e-04 3.3735340799459745e-04
0567 1.9593294824457876e-04 3.3735612545532069e-04
0568 1.9592946491849266e-04 3.3735882082597366e-04
0569 1.9592598148849920e-04 3.3736149908293177e-04
0570 1.9592249795454442e-04 3.3736417207163357e-04
0571 1.9591901431664498e-04 3.3736687864133186e-04
0572 1.9591553057475387e-04 3.3736959165228035e-04
0573 1.9591204672891164e-04 3.3737226240659657e-04
0574 1.9590856277910328e-04 3.3737496946515305e-04
0575 1.9590507872530252e-04 3.3737764581003108e-04
0576 1.9590159456749607e-04 3.3738033311073856e-04
0577 1.9589811030571507e-04 3.3738302831511020e-04
0578 1.9589462593988763e-04 3.3738572982029783e-04
0579 1.9589114147010843e-04 3.3738838595739510e-04
0580 1.9588765689627772e-04 3.3739106362699553e-04
0581 1.9588417221843530e-04 3.3739373551577699e-04
0582 1.9588068743656861e-04 3.3739640800198724e-04
0583 1.9587720255064217e-04 3.3739909374373120e-04
0584 1.9587371756065800e-04 3.3740176986445770e-04
0585 1.9587023246662761e-04 3.3740445387753839e-04
0586 1.9586674726852540e-04 3.3740713490309343e-04
0587 1.9586326196633754e-04 3.3740978596878018e-04
0588 1.9585977656007099e-04 3.3741245153658209e-04
0589 1.9585629104970626e-04 3.3741513116695542e-04
0590 1.9585280543523345e-04 3.3741779162022099e-04
0591 1.9584931971667200e-04 3.3742045356115939e-04
0592 1.9584583389396256e-04 3.3742312944883359e-04
0593 1.9584234796712492e-04 3.3742579308835527e-04
0594 1.9583886193612847e-04 3.3742844937144546e-04
0595 1.9583537580099216e-04 3.3743111206392939e-04
0596 1.9583188956167802e-04 3.3743375142350463e-04
0597 1.9582840321819380e-04 3.3743639034663434e-04
0598 1.9582491677051593e-04 3.3743903030318025e-04
0599 1.9582143021865228e-04 3.3744167897488766e-04
0600 1.9581794356255127e-04 3.3744432842213975e-04
