# step du_rel dp_rel
# u_rtol 1.0000000000000000e-04
# p_rtol 1.0000000000000000e-03
0001 1.9421654157386462e-04 2.7245670430159278e-03
0002 1.9421298450342654e-04 2.5894334010987327e-03
0003 1.9420945653264766e-04 2.4491375132456852e-03
0004 1.9420594609095363e-04 2.3066712592360659e-03
0005 1.9420244645177993e-04 2.1645151355487221e-03
0006 1.9419895375039680e-04 2.0246785119813547e-03
0007 1.9419546580117257e-04 1.8887495685223912e-03
0008 1.9419198139331142e-04 1.7579481107089880e-03
0009 1.9418849987343602e-04 1.6331778912344293e-03
0010 1.9418502089974267e-04 1.5150749375973575e-03
0011 1.9418154429859475e-04 1.4040521612048718e-03
0012 1.9417806998198585e-04 1.3003383352471198e-03
0013 1.9417459790124262e-04 1.2040121805062904e-03
0014 1.9417112802173377e-04 1.1150317454598948e-03
0015 1.9416766030997271e-04 1.0332593047414017e-03
0016 1.9416419472752055e-04 9.5848208730815970e-04
0017 1.9416073122895079e-04 8.9042955382390610e-04
0018 1.9415726976172655e-04 8.2878743231880098e-04
0019 1.9415381026715168e-04 7.7320972034524631e-04
0020 1.9415035268154681e-04 7.2332809347683258e-04
0021 1.9414689693777323e-04 6.7875970705018329e-04
0022 1.9414344296645044e-04 6.3911422639734746e-04
0023 1.9413999069711746e-04 6.0399952508222079e-04
0024 1.9413654005915733e-04 5.7302694808643122e-04
0025 1.9413309098259966e-04 5.4581604825898857e-04
0026 1.9412964339873519e-04 5.2199891360938701e-04
0027 1.9412619724050900e-04 5.0122399399213835e-04
0028 1.9412275244294470e-04 4.8315919629992416e-04
0029 1.9411930894338000e-04 4.6749457855956104e-04
0030 1.9411586668156589e-04 4.5394417300276437e-04
0031 1.9411242559978174e-04 4.4224694211621851e-04
0032 1.9410898564286642e-04 4.3216706608651599e-04
0033 1.9410554675821975e-04 4.2349342372230501e-04
0034 1.9410210889580189e-04 4.1603861831517589e-04
0035 1.9409867200798466e-04 4.0963751521510102e-04
0036 1.9409523604962655e-04 4.0414550672228323e-04
0037 1.9409180097776279e-04 3.9943670433444166e-04
0038 1.9408836675171589e-04 3.9540178670366362e-04
0039 1.9408493333293179e-04 3.9194626335283076e-04
0040 1.9408150068480435e-04 3.8898863546053358e-04
0041 1.9407806877267997e-04 3.8645867326507369e-04
0042 1.9407463756367302e-04 3.8429599323633551e-04
0043 1.9407120702657704e-04 3.8244867234069345e-04
0044 1.9406777713186984e-04 3.8087207248847858e-04
0045 1.9406434785148455e-04 3.7952781922885901e-04
0046 1.9406091915876599e-04 3.7838293653513679e-04
0047 1.9405749102842642e-04 3.7740905267394826e-04
0048 1.9405406343643106e-04 3.7658176877055038e-04
0049 1.9405063635988159e-04 3.7588007452116711e-04
0050 1.9404720977704776e-04 3.7528588163033373e-04
0051 1.9404378366719683e-04 3.7478364961275140e-04
0052 1.9404035801056312e-04 3.7436001687615842e-04
0053 1.9403693278833081e-04 3.7400348160765234e-04
0054 1.9403350798249941e-04 3.7370414710130687e-04
0055 1.9403008357590378e-04 3.7345352070871919e-04
0056 1.9402665955212234e-04 3.7324436372246621e-04
0057 1.9402323589543750e-04 3.7307041359526386e-04
0058 1.9401981259077616e-04 3.7292634724553342e-04
0059 1.9401638962377252e-04 3.7280753652383481e-04
0060 1.9401296698049825e-04 3.7271017765182169e-04
0061 1.9400954464775878e-04 3.7263091275300793e-04
0062 1.9400612261275124e-04 3.7256690972250903e-04
0063 1.9400270086318211e-04 3.7251582268874695e-04
0064 1.9399927938724900e-04 3.7247557731476125e-04
0065 1.9399585817360076e-04 3.7244446671173874e-04
0066 1.9399243721125953e-04 3.7242108647986369e-04
0067 1.9398901648962706e-04 3.7240421174045710e-04
0068 1.9398559599856710e-04 3.7239278951466988e-04
0069 1.9398217572816126e-04 3.7238602161380666e-04
0070 1.9397875566893325e-04 3.7238316523973596e-04
0071 1.9397533581170986e-04 3.7238360880993915e-04
0072 1.9397191614751563e-04 3.7238689436275860e-04
0073 1.9396849666780661e-04 3.7239259811635899e-04
0074 1.9396507736421089e-04 3.7240036334527124e-04
0075 1.9396165822866296e-04 3.7240991610260142e-04
0076 1.9395823925335298e-04 3.7242102654997571e-04
0077 1.9395482043066937e-04 3.7243348399000376e-04
0078 1.9395140175325131e-04 3.7244713460360342e-04
0079 1.9394798321395476e-04 3.7246182773404779e-04
0080 1.9394456480585452e-04 3.7247747549316998e-04
0081 1.9394114652225477e-04 3.7249397564114611e-04
0082 1.9393772835658141e-04 3.7251121500970569e-04
0083 1.9393431030252770e-04 3.7252913340374532e-04
0084 1.9393089235390193e-04 3.7254769518878781e-04
0085 1.9392747450470732e-04 3.7256683121388831e-04
0086 1.9392405674911064e-04 3.7258649176409700e-04
0087 1.9392063908147837e-04 3.7260662368113472e-04
0088 1.9391722149628431e-04 3.7262720418809237e-04
0089 1.9391380398820225e-04 3.7264818300390337e-04
0090 1.9391038655200134e-04 3.7266955810191419e-04
0091 1.9390696918261869e-04 3.7269126148728568e-04
0092 1.9390355187511919e-04 3.7271328257074750e-04
0093 1.9390013462469179e-04 3.7273557055729007e-04
0094 1.9389671742673997e-04 3.7275810891865025e-04
0095 1.9389330027667480e-04 3.7278089130355778e-04
0096 1.9388988317005891e-04 3.7280386144907961e-04
0097 1.9388646610261402e-04 3.7282704018292654e-04
0098 1.9388304907016251e-04 3.7285036481308424e-04
0099 1.9387963206858635e-04 3.7287381155412118e-04
0100 1.9387621509399313e-04 3.7289736371842952e-04
0101 1.9387279814244392e-04 3.7292103557887331e-04
0102 1.9386938155351054e-04 3.7309542918670944e-04
0103 1.9386596457420226e-04 3.7308277611210015e-04
0104 1.9386254762295203e-04 3.7307545443716336e-04
0105 1.9385913069180851e-04 3.7307322430370151e-04
0106 1.9385571377424156e-04 3.7307566153197888e-04
0107 1.9385229686476777e-04 3.7308223015027569e-04
0108 1.9384887995854290e-04 3.7309235218908025e-04
0109 1.9384546305156847e-04 3.7310549669971384e-04
0110 1.9384204613974337e-04 3.7312118643212665e-04
0111 1.9383862921960158e-04 3.7313897888604174e-04
0112 1.9383521228783648e-04 3.7315845145426515e-04
0113 1.9383179534130382e-04 3.7317927366489875e-04
0114 1.9382837837705706e-04 3.7320112313087825e-04
0115 1.9382496139225906e-04 3.7322378228692307e-04
0116 1.9382154438418663e-04 3.7324702430493144e-04
0117 1.9381812735023277e-04 3.7327067130453543e-04
0118 1.9381471028787504e-04 3.7329457588014319e-04
0119 1.9381129319467202e-04 3.7331861135717645e-04
0120 1.9380787606826670e-04 3.7334267191537894e-04
0121 1.9380445890638601e-04 3.7336671056609048e-04
0122 1.9380104170681030e-04 3.7339064585261203e-04
0123 1.9379762446738752e-04 3.7341442726606132e-04
0124 1.9379420718606012e-04 3.7343801726324181e-04
0125 1.9379078986077775e-04 3.7346137758949364e-04
0126 1.9378737248961918e-04 3.7348450182849504e-04
0127 1.9378395507061973e-04 3.7350736024038296e-04
0128 1.9378053760199179e-04 3.7352993297855508e-04
0129 1.9377712008193575e-04 3.7355224496088624e-04
0130 1.9377370250869792e-04 3.7357426820795741e-04
0131 1.9377028488059609e-04 3.7359602256820546e-04
0132 1.9376686719597486e-04 3.7361747223150355e-04
0133 1.9376344945328124e-04 3.7363866696735274e-04
0134 1.9376003165094601e-04 3.7365957658459271e-04
0135 1.9375661378748569e-04 3.7368022318335590e-04
0136 1.9375319586142388e-04 3.7370059516714314e-04
0137 1.9374977787135078e-04 3.7372070538546984e-04
0138 1.9374635981593728e-04 3.7374055027221089e-04
0139 1.9374294169382977e-04 3.7376012749948959e-04
0140 1.9373952350377428e-04 3.7377947469201473e-04
0141 1.9373610524448727e-04 3.7379857143307653e-04
0142 1.9373268691480009e-04 3.7381743832108909e-04
0143 1.9372926851351005e-04 3.7383607180749436e-04
0144 1.9372585003950052e-04 3.7385447282892268e-04
0145 1.9372243149167232e-04 3.7387263618405452e-04
0146 1.9371901286895088e-04 3.7389056293221065e-04
0147 1.9371559417034881e-04 3.7390829185112573e-04
0148 1.9371217539482414e-04 3.7392579388798101e-04
0149 1.9370875654143717e-04 3.7394308092337543e-04
0150 1.9370533760925093e-04 3.7396016938974860e-04
0151 1.9370191859738331e-04 3.7397704755229473e-04
0152 1.9369849950494485e-04 3.7399371837479220e-04
0153 1.9369508033110683e-04 3.7401018684666209e-04
0154 1.9369166107502882e-04 3.7402646109701920e-04
0155 1.9368824173596482e-04 3.7404254603425768e-04
0156 1.9368482231313920e-04 3.7405843836440535e-04
0157 1.9368140280581899e-04 3.7407413561159575e-04
0158 1.9367798321328697e-04 3.7408963998337801e-04
0159 1.9367456353489886e-04 3.7410494604966585e-04
0160 1.9367114376996601e-04 3.7412008861715677e-04
0161 1.9366772391787285e-04 3.7413505661774450e-04
0162 1.9366430397800105e-04 3.7414982376937677e-04
0163 1.9366088380617827e-04 3.7426940512355188e-04
0164 1.9365746374370782e-04 3.7424041709576837e-04
0165 1.9365404357596147e-04 3.7422542086617736e-04
0166 1.9365062330668122e-04 3.7422009250452968e-04
0167 1.9364720293854899e-04 3.7422138335639361e-04
0168 1.9364378247343575e-04 3.7422717707354445e-04
0169 1.9364036191262524e-04 3.7423598798668584e-04
0170 1.9363694125694341e-04 3.7424678229502103e-04
0171 1.9363352050672826e-04 3.7425884042373655e-04
0172 1.9363009966236918e-04 3.7427166793674928e-04
0173 1.9362667872388037e-04 3.7428493086935074e-04
0174 1.9362325769123727e-04 3.7429838829461826e-04
0175 1.9361983656427837e-04 3.7431189776629821e-04
0176 1.9361641534286793e-04 3.7432535631087735e-04
0177 1.9361299402672485e-04 3.7433869842709431e-04
0178 1.9360957261575873e-04 3.7435187438759340e-04
0179 1.9360615110957277e-04 3.7436487238334760e-04
0180 1.9360272950803110e-04 3.7437767393747279e-04
0181 1.9359930781083295e-04 3.7439027084851701e-04
0182 1.9359588601781689e-04 3.7440266674624776e-04
0183 1.9359246412859249e-04 3.7441486107312269e-04
0184 1.9358904214311667e-04 3.7442686583360481e-04
0185 1.9358562006110858e-04 3.7443867176613837e-04
0186 1.9358219788237954e-04 3.7445029292713770e-04
0187 1.9357877560672017e-04 3.7446173653818919e-04
0188 1.9357535323395530e-04 3.7447300066784805e-04
0189 1.9357193076396538e-04 3.7448410182110950e-04
0190 1.9356850819652203e-04 3.7449504690871950e-04
0191 1.9356508553150634e-04 3.7450582673725485e-04
0192 1.9356166276877552e-04 3.7451646622022256e-04
0193 1.9355823990821897e-04 3.7452695399586464e-04
0194 1.9355481694968894e-04 3.7453728849049867e-04
0195 1.9355139389310385e-04 3.7454748822178004e-04
0196 1.9354797073834403e-04 3.7455755604423352e-04
0197 1.9354454748532298e-04 3.7456749812015582e-04
0198 1.9354112413395052e-04 3.7457730370658523e-04
0199 1.9353770068416209e-04 3.7458699901264561e-04
0200 1.9353427713589112e-04 3.7459657780032407e-04
0201 1.9353085348906219e-04 3.7460603097943103e-04
0202 1.9352742974363047e-04 3.7461536837958423e-04
0203 1.9352400589955240e-04 3.7462461221738123e-04
0204 1.9352058195677748e-04 3.7463374728674862e-04
0205 1.9351715791527746e-04 3.7464277613307633e-04
0206 1.9351373377502319e-04 3.7465170978002093e-04
0207 1.9351030953600751e-04 3.7466053721828182e-04
0208 1.9350688519818675e-04 3.7466928108565860e-04
0209 1.9350346076156715e-04 3.7467793168363510e-04
0210 1.9350003622615092e-04 3.7468648521157437e-04
0211 1.9349661159193181e-04 3.7469494972067224e-04
0212 1.9349318685888068e-04 3.7470334518791243e-04
0213 1.9348976202706328e-04 3.7471164906511764e-04
0214 1.9348633709644181e-04 3.7471987075309525e-04
0215 1.9348291206706838e-04 3.7472800285383762e-04
0216 1.9347948693894561e-04 3.7473607588399930e-04
0217 1.9347606171210362e-04 3.7474407514084384e-04
0218 1.9347263638658032e-04 3.7475199231393311e-04
0219 1.9346921096239400e-04 3.7475984687553667e-04
0220 1.9346578543958293e-04 3.7476763162225371e-04
0221 1.9346236010458378e-04 3.7476059271245255e-04
0222 1.9345893430131731e-04 3.7477557735123902e-04
0223 1.9345550842490592e-04 3.7478803194755601e-04
0224 1.9345208246773012e-04 3.7479865864682775e-04
0225 1.9344865642453616e-04 3.7480801881405651e-04
0226 1.9344523029165601e-04 3.7481648548488183e-04
0227 1.9344180406658028e-04 3.7482432286923618e-04
0228 1.9343837774752726e-04 3.7483176279872724e-04
0229 1.9343495133330131e-04 3.7483893355185600e-04
0230 1.9343152482304468e-04 3.7484591472378826e-04
0231 1.9342809821618415e-04 3.7485279540276628e-04
0232 1.9342467151232517e-04 3.7485960225691584e-04
0233 1.9342124471121247e-04 3.7486635212846610e-04
0234 1.9341781781271648e-04 3.7487306644874767e-04
0235 1.9341439081671093e-04 3.7487977089781054e-04
0236 1.9341096372317158e-04 3.7488645861038383e-04
0237 1.9340753653208551e-04 3.7489312071940285e-04
0238 1.9340410924345160e-04 3.7489975550724443e-04
0239 1.9340068185731257e-04 3.7490637311668056e-04
0240 1.9339725437371504e-04 3.7491297440597423e-04
0241 1.9339382679270649e-04 3.7491955570008928e-04
0242 1.9339039911436221e-04 3.7492611549291458e-04
0243 1.9338697133871130e-04 3.7493265326922476e-04
0244 1.9338354346580948e-04 3.7493916660729461e-04
0245 1.9338011549581831e-04 3.7494566790166622e-04
0246 1.9337668742870544e-04 3.7495214450819644e-04
0247 1.9337325926458909e-04 3.7495858862096246e-04
0248 1.9336983100350390e-04 3.7496502994045479e-04
0249 1.9336640264555505e-04 3.7497142744997172e-04
0250 1.9336297419078944e-04 3.7497782923557097e-04
0251 1.9335954563929600e-04 3.7498418609048712e-04
0252 1.9335611699113504e-04 3.7499053181798170e-04
0253 1.9335268824638039e-04 3.7499687173062746e-04
0254 1.9334925940510671e-04 3.7500318745920300e-04
0255 1.9334583046738097e-04 3.7500948449730256e-04
0256 1.9334240143325357e-04 3.7501576618030060e-04
0257 1.9333897230281122e-04 3.7502203137702346e-04
0258 1.9333554307612486e-04 3.7502828718088190e-04
0259 1.9333211375324421e-04 3.7503451610976642e-04
0260 1.9332868433427367e-04 3.7504074551982750e-04
0261 1.9332525481921499e-04 3.7504695053160538e-04
0262 1.9332182520817679e-04 3.7505313466930254e-04
0263 1.9331839550122183e-04 3.7505930069672345e-04
0264 1.9331496569842269e-04 3.7506546877082739e-04
0265 1.9331153579981022e-04 3.7507162585247432e-04
0266 1.9330810580548671e-04 3.7507776163991013e-04
0267 1.9330467571546529e-04 3.7508390091122975e-04
0268 1.9330124552985561e-04 3.7509002337172704e-04
0269 1.9329781524869599e-04 3.7509612960045282e-04
0270 1.9329438487204542e-04 3.7510222969797639e-04
0271 1.9329095439993960e-04 3.7510832665094455e-04
0272 1.9328752383247845e-04 3.7511438868851498e-04
0273 1.9328409316971267e-04 3.7512045795004301e-04
0274 1.9328066241168154e-04 3.7512651746132822e-04
0275 1.9327723155841488e-04 3.7513257998686379e-04
0276 1.9327380061003244e-04 3.7513863132636679e-04
0277 1.9327036956655360e-04 3.7514467685990536e-04
0278 1.9326693842800771e-04 3.7515070883832065e-04
0279 1.9326350709631963e-04 3.7518125758038582e-04
0280 1.9326007578515130e-04 3.7515360907293296e-04
0281 1.9325664437720193e-04 3.7514320425403289e-04
0282 1.9325321287240235e-04 3.7514340048193622e-04
0283 1.9324978127087982e-04 3.7514978260615861e-04
0284 1.9324634957289762e-04 3.7515956051772307e-04
0285 1.9324291777868523e-04 3.7517087846635194e-04
0286 1.9323948588860883e-04 3.7518264928922346e-04
0287 1.9323605390283907e-04 3.7519419347553586e-04
0288 1.9323262182165021e-04 3.7520518284738966e-04
0289 1.9322918964515370e-04 3.7521542668921432e-04
0290 1.9322575737361892e-04 3.7522485804322248e-04
0291 1.9322232500712007e-04 3.7523355837359285e-04
0292 1.9321889254582243e-04 3.7524157741872157e-04
0293 1.9321545998981005e-04 3.7524895640117853e-04
0294 1.9321202733920878e-04 3.7525585174740780e-04
0295 1.9320859459410111e-04 3.7526227429447403e-04
0296 1.9320516175454555e-04 3.7526835440263896e-04
0297 1.9320172882063432e-04 3.7527417124179428e-04
0298 1.9319829579245046e-04 3.7527978527072839e-04
0299 1.9319486267002455e-04 3.7528523110761731e-04
0300 1.9319142945344544e-04 3.7529055975471851e-04
0301 1.9318799614272421e-04 3.7529581852667834e-04
0302 1.9318456273796465e-04 3.7530103064514639e-04
0303 1.9318112923918300e-04 3.7530624809742937e-04
0304 1.9317769564641731e-04 3.7531145539199465e-04
0305 1.9317426195973931e-04 3.7531666900053411e-04
0306 1.9317082817918086e-04 3.7532189594948162e-04
0307 1.9316739430478221e-04 3.7532716359645399e-04
0308 1.9316396033659019e-04 3.7533245493092592e-04
0309 1.9316052627459899e-04 3.7533780462823535e-04
0310 1.9315709211892770e-04 3.7534319118214237e-04
0311 1.9315365786954836e-04 3.7534861809801733e-04
0312 1.9315022352648701e-04 3.7535410718345569e-04
0313 1.9314678908981419e-04 3.7535958774227393e-04
0314 1.9314335455955538e-04 3.7536510608603547e-04
0315 1.9313991993572853e-04 3.7537065540614985e-04
0316 1.9313648521841864e-04 3.7537622599123849e-04
0317 1.9313305040758523e-04 3.7538184924125831e-04
0318 1.9312961550332062e-04 3.7538746133102484e-04
0319 1.9312618050559084e-04 3.7539309971642339e-04
0320 1.9312274541446905e-04 3.7539877753726676e-04
0321 1.9311931022999510e-04 3.7540446072336362e-04
0322 1.9311587495216183e-04 3.7541012315185109e-04
0323 1.9311243958105228e-04 3.7541581709907052e-04
0324 1.9310900411663212e-04 3.7542152819766917e-04
0325 1.9310556855897594e-04 3.7542723379267344e-04
0326 1.9310213290799926e-04 3.7543292947874449e-04
0327 1.9309869716403722e-04 3.7543865725044777e-04
0328 1.9309526132679452e-04 3.7544435111000078e-04
0329 1.9309182539639918e-04 3.7545003978349089e-04
0330 1.9308838937288737e-04 3.7545573105026450e-04
0331 1.9308495325632148e-04 3.7546143903147388e-04
0332 1.9308151704668309e-04 3.7546711736856760e-04
0333 1.9307808074402340e-04 3.7547278292909695e-04
0334 1.9307464434836021e-04 3.7547846488248862e-04
0335 1.9307120785973253e-04 3.7548412119130443e-04
0336 1.9306777127815587e-04 3.7548978305016709e-04
0337 1.9306433460363417e-04 3.7549543168077836e-04
0338 1.9306089783623475e-04 3.7550108338911011e-04
0339 1.9305746097594308e-04 3.7550670788164973e-04
0340 1.9305402402285547e-04 3.7551232754722919e-04
0341 1.9305058697691196e-04 3.7551792000150539e-04
0342 1.9304714983819121e-04 3.7552352366976294e-04
0343 1.9304371260668764e-04 3.7552907894355703e-04
0344 1.9304027528246559e-04 3.7553466570489595e-04
0345 1.9303683786550430e-04 3.7554021991877617e-04
0346 1.9303340035586576e-04 3.7554573343406291e-04
0347 1.9302996275355963e-04 3.7555125739220663e-04
0348 1.9302652505861400e-04 3.7555679097103697e-04
0349 1.9302308727104617e-04 3.7556228239535197e-04
0350 1.9301964939087371e-04 3.7556775848556422e-04
0351 1.9301621141817641e-04 3.7557323552850965e-04
0352 1.9301277335291152e-04 3.7557871389945426e-04
0353 1.9300933519514517e-04 3.7558415199748896e-04
0354 1.9300589694482264e-04 3.7558955126864609e-04
0355 1.9300245860212850e-04 3.7559495756183406e-04
0356 1.9299902016693134e-04 3.7560037434850225e-04
0357 1.9299558163933775e-04 3.7560573169100574e-04
0358 1.9299214301934573e-04 3.7561113698829460e-04
0359 1.9298870430696337e-04 3.7561648836675996e-04
0360 1.9298526550223197e-04 3.7562184635815720e-04
0361 1.9298182660517393e-04 3.7562716825095816e-04
0362 1.9297838761583080e-04 3.7563246822752222e-04
0363 1.9297494853418200e-04 3.7563777201966625e-04
0364 1.9297150936029367e-04 3.7564302116362309e-04
0365 1.9296806995139929e-04 3.7567310124532905e-04
0366 1.9296463063176125e-04 3.7568817930604928e-04
0367 1.9296119120988485e-04 3.7569483255118911e-04
0368 1.9295775168825055e-04 3.7569685540336155e-04
0369 1.9295431206888531e-04 3.7569641447320192e-04
0370 1.9295087235325485e-04 3.7569509919533906e-04
0371 1.9294743254255612e-04 3.7569380879407725e-04
0372 1.9294399263761447e-04 3.7569301122691867e-04
0373 1.9294055263902729e-04 3.7569294359555147e-04
0374 1.9293711254728390e-04 3.7569368463476546e-04
0375 1.9293367236275128e-04 3.7569530976935752e-04
0376 1.9293023208564767e-04 3.7569770015059958e-04
0377 1.9292679171609563e-04 3.7570078697376716e-04
0378 1.9292335125431828e-04 3.7570446141848169e-04
0379 1.9291991070040395e-04 3.7570864326101909e-04
0380 1.9291647005440152e-04 3.7571324088190900e-04
0381 1.9291302931642861e-04 3.7571814764808368e-04
0382 1.9290958848645193e-04 3.7572332134732267e-04
0383 1.9290614756458925e-04 3.7572863439323611e-04
0384 1.9290270655084466e-04 3.7573410803853490e-04
0385 1.9289926544521983e-04 3.7573971777650288e-04
0386 1.9289582424781044e-04 3.7574532429521896e-04
0387 1.9289238295858632e-04 3.7575094223912917e-04
0388 1.9288894157757551e-04 3.7575657834451880e-04
0389 1.9288550010483215e-04 3.7576219922415293e-04
0390 1.9288205854034460e-04 3.7576781853109842e-04
0391 1.9287861688411896e-04 3.7577334672750135e-04
0392 1.9287517513619316e-04 3.7577883922106401e-04
0393 1.9287173329661701e-04 3.7578426551978622e-04
0394 1.9286829136536221e-04 3.7578961960352931e-04
0395 1.9286484934247857e-04 3.7579497430419710e-04
0396 1.9286140722793736e-04 3.7580020966386995e-04
0397 1.9285796502181411e-04 3.7580537798209527e-04
0398 1.9285452272412942e-04 3.7581048865618330e-04
0399 1.9285108033480517e-04 3.7581554374401470e-04
0400 1.9284763785395588e-04 3.7582054958512791e-04
0401 1.9284419528155990e-04 3.7582552283963198e-04
0402 1.9284075261764792e-04 3.7583035712155256e-04
0403 1.9283730986223872e-04 3.7583521137395207e-04
0404 1.9283386701531466e-04 3.7584007254466863e-04
0405 1.9283042407694395e-04 3.7584487945351892e-04
0406 1.9282698104706612e-04 3.7584962061484780e-04
0407 1.9282353792573611e-04 3.7585429970444936e-04
0408 1.9282009471297971e-04 3.7585895020601014e-04
0409 1.9281665140881093e-04 3.7586356160508279e-04
0410 1.9281320801325014e-04 3.7586819774782437e-04
0411 1.9280976452627980e-04 3.7587280658634781e-04
0412 1.9280632094794645e-04 3.7587737713153557e-04
0413 1.9280287727816580e-04 3.7588190456462709e-04
0414 1.9279943351710655e-04 3.7588644858293731e-04
0415 1.9279598966467505e-04 3.7589094834032525e-04
0416 1.9279254572091567e-04 3.7589541742743637e-04
0417 1.9278910168575068e-04 3.7589987316562494e-04
0418 1.9278565755932611e-04 3.7590427731312330e-04
0419 1.9278221334158508e-04 3.7590863868826411e-04
0420 1.9277876903255064e-04 3.7591306613167904e-04
0421 1.9277532463223465e-04 3.7591748875883779e-04
0422 1.9277188014063385e-04 3.7592184717025174e-04
0423 1.9276843555772065e-04 3.7592617671036266e-04
0424 1.9276499088358289e-04 3.7593047799727388e-04
0425 1.9276154611816635e-04 3.7593483070009191e-04
0426 1.9275810126152855e-04 3.7593912793415529e-04
0427 1.9275465631357175e-04 3.7594343655197166e-04
0428 1.9275121127443950e-04 3.7594767946213305e-04
0429 1.9274776614409478e-04 3.7595195962175529e-04
0430 1.9274432092245437e-04 3.7595621607888557e-04
0431 1.9274087560962840e-04 3.7596047581233202e-04
0432 1.9273743020557015e-04 3.7596473707270550e-04
0433 1.9273398471028998e-04 3.7596894013136237e-04
0434 1.9273053912381138e-04 3.7597312256001995e-04
0435 1.9272709344612815e-04 3.7597733052464264e-04
0436 1.9272364767723761e-04 3.7598150257066635e-04
0437 1.9272020181715122e-04 3.7598568197097889e-04
0438 1.9271675586583612e-04 3.7598988202441316e-04
0439 1.9271330982334757e-04 3.7599401597813770e-04
0440 1.9270986368962703e-04 3.7599815984553254e-04
0441 1.9270641746468479e-04 3.7600230015472216e-04
0442 1.9270297114860606e-04 3.7600638216030830e-04
0443 1.9269952474128401e-04 3.7601048278575172e-04
0444 1.9269607824282776e-04 3.7601459626321505e-04
0445 1.9269263165312296e-04 3.7601871235084242e-04
0446 1.9268918497219537e-04 3.7602281468388166e-04
0447 1.9268573820010811e-04 3.7602682681195794e-04
0448 1.9268229133678796e-04 3.7603092401160358e-04
0449 1.9267884438227531e-04 3.7603497194467082e-04
0450 1.9267539733651851e-04 3.7603903170494823e-04
0451 1.9267195019953922e-04 3.7604304415820965e-04
0452 1.9266850297139620e-04 3.7604704772026178e-04
0453 1.9266505565199455e-04 3.7605107986356153e-04
0454 1.9266160824135673e-04 3.7605510293717764e-04
0455 1.9265816073944762e-04 3.7605906887930247e-04
0456 1.9265471314632544e-04 3.7606302813794200e-04
0457 1.9265126546200086e-04 3.7606705899457057e-04
0458 1.9264781768636418e-04 3.7607107880102984e-04
0459 1.9264436981946266e-04 3.7607505284870904e-04
0460 1.9264092186130563e-04 3.7607902451643416e-04
0461 1.9263747381187098e-04 3.7608296653049151e-04
0462 1.9263402567113065e-04 3.7608694447939062e-04
0463 1.9263057743910606e-04 3.7609088092843614e-04
0464 1.9262712911579359e-04 3.7609476275984589e-04
0465 1.9262368070110386e-04 3.7609870677106404e-04
0466 1.9262023219510595e-04 3.7610264865555306e-04
0467 1.9261678359779182e-04 3.7610653491408614e-04
0468 1.9261333490912843e-04 3.7611045595126289e-04
0469 1.9260988612906260e-04 3.7611435942274952e-04
0470 1.9260643725761584e-04 3.7611825096738321e-04
0471 1.9260298829483708e-04 3.7612213515577714e-04
0472 1.9259953924056578e-04 3.7612601489490775e-04
0473 1.9259609009489867e-04 3.7612988983534745e-04
0474 1.9259264085783913e-04 3.7613374360156488e-04
0475 1.9258919152933353e-04 3.7613761211997777e-04
0476 1.9258574210932435e-04 3.7614150883566038e-04
0477 1.9258229259789633e-04 3.7614537024094769e-04
0478 1.9257884299494205e-04 3.7614921549240728e-04
0479 1.9257539330046379e-04 3.7615307930756117e-04
0480 1.9257194351444506e-04 3.7615690953730696e-04
0481 1.9256849363691002e-04 3.7616073485924019e-04
0482 1.9256504366778798e-04 3.7616459587495475e-04
0483 1.9256159360706108e-04 3.7616840239723258e-04
0484 1.9255814345474755e-04 3.7617220129577565e-04
0485 1.9255469321079397e-04 3.7617600684494604e-04
0486 1.9255124287522444e-04 3.7617981968222209e-04
0487 1.9254779244798589e-04 3.7618363016867260e-04
0488 1.9254434192907268e-04 3.7618742688730691e-04
0489 1.9254089131843710e-04 3.7619123144895695e-04
0490 1.9253744061606756e-04 3.7619504607047709e-04
0491 1.9253398982198972e-04 3.7619884983017396e-04
0492 1.9253053893611248e-04 3.7620266262425745e-04
0493 1.9252708795840272e-04 3.7620646304236917e-04
0494 1.9252363688891246e-04 3.7621025242353046e-04
0495 1.9252018572758000e-04 3.7621400715975021e-04
0496 1.9251673447435232e-04 3.7621778990782863e-04
0497 1.9251328312922398e-04 3.7622159197481459e-04
0498 1.9250983169218240e-04 3.7622536534225509e-04
0499 1.9250638016321526e-04 3.7622916305835990e-04
0500 1.9250292854225727e-04 3.7623292134222820e-04
0501 1.9249947682928157e-04 3.7623666059376720e-04
0502 1.9249602502429617e-04 3.7624043901699167e-04
0503 1.9249257312727147e-04 3.7624417991475250e-04
0504 1.9248912113817407e-04 3.7624792193502986e-04
0505 1.9248566905690875e-04 3.7625170214426116e-04
0506 1.9248221688356119e-04 3.7625542308187209e-04
0507 1.9247876461797036e-04 3.7625920345224105e-04
0508 1.9247531226028656e-04 3.7626292615429874e-04
0509 1.9247185981028145e-04 3.7626670981569574e-04
0510 1.9246840726801882e-04 3.7627040733233307e-04
0511 1.9246495463355143e-04 3.7627412893317144e-04
0512 1.9246150190667215e-04 3.7627790026702830e-04
0513 1.9245804908747297e-04 3.7628167842424339e-04
0514 1.9245459617589885e-04 3.7628539880517331e-04
0515 1.9245114317187939e-04 3.7628914483298569e-04
0516 1.9244769007541055e-04 3.7629287144710607e-04
0517 1.9244423688649407e-04 3.7629658325174657e-04
0518 1.9244078360501569e-04 3.7630032110341310e-04
0519 1.9243733023099405e-04 3.7630405416582855e-04
0520 1.9243387676443099e-04 3.7630779189837390e-04
0521 1.9243042320515825e-04 3.7631149561735200e-04
0522 1.9242696955329403e-04 3.7631521379993214e-04
0523 1.9242351580871705e-04 3.7631898089174641e-04
0524 1.9242006197139688e-04 3.7632268124429552e-04
0525 1.9241660804134619e-04 3.7632636402784364e-04
0526 1.9241315401845893e-04 3.7633007792259445e-04
0527 1.9240969990274960e-04 3.7633380385509335e-04
0528 1.9240624569416895e-04 3.7633750923474381e-04
0529 1.9240279139268900e-04 3.7634120889532902e-04
0530 1.9239933699824119e-04 3.7634497030949234e-04
0531 1.9239588251079241e-04 3.7634867586534794e-04
0532 1.9239242793034158e-04 3.7635238939125962e-04
0533 1.9238897325683210e-04 3.7635606953789833e-04
0534 1.9238551849019766e-04 3.7635979762128862e-04
0535 1.9238206363040951e-04 3.7636348807310293e-04
0536 1.9237860867748918e-04 3.7636720337488709e-04
0537 1.9237515363129811e-04 3.7637093304845691e-04
0538 1.9237169849186349e-04 3.7637463620166618e-04
0539 1.9236824325915411e-04 3.7637834910924446e-04
0540 1.9236478793306283e-04 3.7638203798859169e-04
0541 1.9236133251360944e-04 3.7638570172885148e-04
0542 1.9235787700069636e-04 3.7638940372634199e-04
0543 1.9235442139434378e-04 3.7639306206738664e-04
0544 1.9235096569450766e-04 3.7639673129981799e-04
0545 1.9234750990108261e-04 3.7640043040320601e-04
0546 1.9234405401411664e-04 3.7640412727499008e-04
0547 1.9234059803345380e-04 3.7640781949869150e-04
0548 1.9233714195919258e-04 3.7641151295517774e-04
0549 1.9233368579111719e-04 3.7641520437765337e-04
0550 1.9233022952937418e-04 3.7641884567171083e-04
0551 1.9232677317381213e-04 3.7642255045395077e-04
0552 1.9232331672436526e-04 3.7642621706158660e-04
0553 1.9231986018106021e-04 3.7642988829824438e-04
0554 1.9231640354383501e-04 3.7643359804144516e-04
0555 1.9231294681265818e-04 3.7643727231526786e-04
0556 1.9230948998739838e-04 3.7644096970168350e-04
0557 1.9230603306813669e-04 3.7644464274693665e-04
0558 1.9230257605473052e-04 3.7644834501011692e-04
0559 1.9229911894717169e-04 3.7645198501242376e-04
0560 1.9229566174538111e-04 3.7645563557416132e-04
0561 1.9229220444941803e-04 3.7645927045198302e-04
0562 1.9228874705916904e-04 3.7646294344419146e-04
0563 1.9228528957456435e-04 3.7646664763842569e-04
0564 1.9228183199561491e-04 3.7647029136429305e-04
0565 1.9227837432218798e-04 3.7647391101396077e-04
0566 1.9227491655434670e-04 3.7647753996914986e-04
0567 1.9227145869199960e-04 3.7648119521988042e-04
0568 1.9226800073510154e-04 3.7648487185339222e-04
0569 1.9226454268360461e-04 3.7648849731164810e-04
0570 1.9226108453743409e-04 3.7649210384597790e-04
0571 1.9225762629660831e-04 3.7649576652898939e-04
0572 1.9225416796105885e-04 3.7649940560314208e-04
0573 1.9225070953071395e-04 3.7650304440522926e-04
0574 1.9224725100553010e-04 3.7650667676681731e-04
0575 1.9224379238553063e-04 3.7651034255441093e-04
0576 1.9224033367057301e-04 3.7651400879453562e-04
0577 1.9223687486064108e-04 3.7651758771434864e-04
0578 1.9223341595571921e-04 3.7652122283568328e-04
0579 1.9222995695575496e-04 3.7652486411317038e-04
0580 1.9222649786065931e-04 3.7652846632733558e-04
0581 1.9222303867044577e-04 3.7653206879807884e-04
0582 1.9221957938503754e-04 3.7653567957233525e-04
0583 1.9221612000438985e-04 3.7653930369368468e-04
0584 1.9221266052847424e-04 3.7654287293401311e-04
0585 1.9220920095717849e-04 3.7654650300900967e-04
0586 1.9220574129055450e-04 3.7655007839577595e-04
0587 1.9220228152851568e-04 3.7655369071314744e-04
0588 1.9219882167100636e-04 3.7655731739823873e-04
0589 1.9219536171796562e-04 3.7656090496218116e-04
0590 1.9219190166941085e-04 3.7656450687617539e-04
0591 1.9218844152520424e-04 3.7656811600655108e-04
0592 1.9218498128533828e-04 3.7657171803590832e-04
0593 1.9218152094977232e-04 3.7657527847682193e-04
0594 1.9217806051850095e-04 3.7657886288592550e-04
0595 1.9217459999139671e-04 3.7658242900914655e-04
0596 1.9217113936849056e-04 3.7658593030985885e-04
0597 1.9216767864966650e-04 3.7658949232157780e-04
0598 1.9216421783496931e-04 3.7659305994371410e-04
0599 1.9216075692424066e-04 3.7659662663827863e-04
0600 1.9215729591751714e-04 3.7660021647655434e-04
