# step du_rel dp_rel
# u_rtol 1.0000000000000000e-04
# p_rtol 1.0000000000000000e-03
0001 1.9598299037272625e-04 1.7114398146351257e-02
0002 1.9597960864876462e-04 1.5502365477111828e-02
0003 1.9597626545229615e-04 1.4039763576211615e-02
0004 1.9597294754425791e-04 1.2712796183805551e-02
0005 1.9596964703633187e-04 1.1509043621208800e-02
0006 1.9596635916817556e-04 1.0417290823599216e-02
0007 1.9596308101097772e-04 9.4273844526373204e-03
0008 1.9595981071039560e-04 8.5301138248054832e-03
0009 1.9595654704368350e-04 7.7171098594308448e-03
0010 1.9595328916110084e-04 6.9807590098255991e-03
0011 1.9595003643489042e-04 6.3141286605409410e-03
0012 1.9594678837165036e-04 5.7109021980475917e-03
0013 1.9594354456151087e-04 5.1653222583103748e-03
0014 1.9594030464878341e-04 4.6721399979259117e-03
0015 1.9593706831530730e-04 4.2265700785455908e-03
0016 1.9593383527078515e-04 3.8242502045259873e-03
0017 1.9593060524733123e-04 3.4612047963458958e-03
0018 1.9592737799635951e-04 3.1338116311941232e-03
0019 1.9592415328640320e-04 2.8387720622527852e-03
0020 1.9592093090214268e-04 2.5730830756951649e-03
0021 1.9591771064319968e-04 2.3340125230671711e-03
0022 1.9591449232350707e-04 2.1190755727587040e-03
0023 1.9591127577056695e-04 1.9260136054472402e-03
0024 1.9590806082460532e-04 1.7527743283465716e-03
0025 1.9590484733807289e-04 1.5974934589079108e-03
0026 1.9590163497854344e-04 1.4584237903108187e-03
0027 1.9589842406386506e-04 1.3341893481504904e-03
0028 1.9589521421785864e-04 1.2232587598749211e-03
0029 1.9589200533796320e-04 1.1243716273397972e-03
0030 1.9588879732947964e-04 1.0363787481161375e-03
0031 1.9588559010501246e-04 9.5823117882558133e-04
0032 1.9588238358415552e-04 8.8897078575731446e-04
0033 1.9587917769289587e-04 8.2772101027503550e-04
0034 1.9587597236335954e-04 7.7367878429950260e-04
0035 1.9587276753324284e-04 7.2610748901353196e-04
0036 1.9586956314545333e-04 6.8433113936585029e-04
0037 1.9586635914767912e-04 6.4772929823486594e-04
0038 1.9586315549213661e-04 6.1573290526518087e-04
0039 1.9585995213498752e-04 5.8782138649709158e-04
0040 1.9585674903625959e-04 5.6351979012984627e-04
0041 1.9585354615934465e-04 5.4239676462385100e-04
0042 1.9585034347077823e-04 5.2406222222197481e-04
0043 1.9584714094002061e-04 5.0816557057467235e-04
0044 1.9584393853916329e-04 4.9439344949841861e-04
0045 1.9584073624253503e-04 4.8246752523045569e-04
0046 1.9583753402712726e-04 4.7214202258751925e-04
0047 1.9583433187138851e-04 4.6320101917834706e-04
0048 1.9583112975592553e-04 4.5545582353224745e-04
0049 1.9582792766292622e-04 4.4874219635968157e-04
0050 1.9582472557611377e-04 4.4291787075353555e-04
0051 1.9582152348068823e-04 4.3785995837660694e-04
0052 1.9581832136298576e-04 4.3346266412455100e-04
0053 1.9581511921060730e-04 4.2963481464034495e-04
0054 1.9581191701219890e-04 4.2629827046236705e-04
0055 1.9580871475725889e-04 4.2338605308928117e-04
0056 1.9580551243633998e-04 4.2084054435942387e-04
0057 1.9580231004072358e-04 4.1861259497377859e-04
0058 1.9579910756233483e-04 4.1665983783391270e-04
0059 1.9579590499395338e-04 4.1494604207241773e-04
0060 1.9579270232879980e-04 4.1344000730570140e-04
0061 1.9578949956069886e-04 4.1211495845724802e-04
0062 1.9578629668401455e-04 4.1094780825165202e-04
0063 1.9578309369360053e-04 4.0991862439210703e-04
0064 1.9577989058468091e-04 4.0901029067539642e-04
0065 1.9577668735288364e-04 4.0820790734471109e-04
0066 1.9577348399416454e-04 4.0749859398522370e-04
0067 1.9577028050486489e-04 4.0687113830693020e-04
0068 1.9576707688157780e-04 4.0631581335695847e-04
0069 1.9576387312120750e-04 4.0582417194315182e-04
0070 1.9576066922082113e-04 4.0538884156728251e-04
0071 1.9575746517787239e-04 4.0500326773845632e-04
0072 1.9575426098986660e-04 4.0466182435483072e-04
0073 1.9575105665457088e-04 4.0435957086337921e-04
0074 1.9574785216992644e-04 4.0409206459719060e-04
0075 1.9574464753411203e-04 4.0385548598313579e-04
0076 1.9574144274531977e-04 4.0364646624508070e-04
0077 1.9573823780198401e-04 4.0346201884239753e-04
0078 1.9573503270264183e-04 4.0329943369869423e-04
0079 1.9573182744591893e-04 4.0315643149940023e-04
0080 1.9572862203060372e-04 4.0303087885750584e-04
0081 1.9572541645558242e-04 4.0292091217704014e-04
0082 1.9572221071978234e-04 4.0282490216617730e-04
0083 1.9571900482229525e-04 4.0274135710385438e-04
0084 1.9571579876221404e-04 4.0266892602915572e-04
0085 1.9571259253880268e-04 4.0260656446601415e-04
0086 1.9570938615133250e-04 4.0255314211208820e-04
0087 1.9570617959914794e-04 4.0250769972207924e-04
0088 1.9570297288174252e-04 4.0246939368414136e-04
0089 1.9569976599848366e-04 4.0243752387008030e-04
0090 1.9569655894902688e-04 4.0241142036051569e-04
0091 1.9569335173291009e-04 4.0239043404242844e-04
0092 1.9569014434974962e-04 4.0237404858607645e-04
0093 1.9568693679933508e-04 4.0236178041370908e-04
0094 1.9568372908131454e-04 4.0235314254932856e-04
0095 1.9568052119547919e-04 4.0234778358289361e-04
0096 1.9567731314161987e-04 4.0234531960294217e-04
0097 1.9567410491972315e-04 4.0234537156664819e-04
0098 1.9567089652958256e-04 4.0234776478942949e-04
0099 1.9566768797108099e-04 4.0235218752420566e-04
0100 1.9566447924427785e-04 4.0235838907734208e-04
0101 1.9566127034912793e-04 4.0236611707740038e-04
0102 1.9565806128562141e-04 4.0237525937842077e-04
0103 1.9565485205383999e-04 4.0238559772436128e-04
0104 1.9565164265383512e-04 4.0239697697743072e-04
0105 1.9564843308576162e-04 4.0240927853209371e-04
0106 1.9564522334963012e-04 4.0242233413469896e-04
0107 1.9564201344569854e-04 4.0243606528709593e-04
0108 1.9563880337414481e-04 4.0245033587069014e-04
0109 1.9563559313508574e-04 4.0246507594813609e-04
0110 1.9563238272878611e-04 4.0248021825862063e-04
0111 1.9562917215544087e-04 4.0249565192913839e-04
0112 1.9562596141531712e-04 4.0251125884731704e-04
0113 1.9562275050865572e-04 4.0252708373787825e-04
0114 1.9561953943581734e-04 4.0254301240209844e-04
0115 1.9561632819708346e-04 4.0255900257827069e-04
0116 1.9561311679266557e-04 4.0257506232400377e-04
0117 1.9560990522303058e-04 4.0259104219859520e-04
0118 1.9560669348848883e-04 4.0260696557998968e-04
0119 1.9560348158936699e-04 4.0262287873672791e-04
0120 1.9560026952605600e-04 4.0263867519541973e-04
0121 1.9559705729898930e-04 4.0265428937193306e-04
0122 1.9559384490846051e-04 4.0266975378332881e-04
0123 1.9559063235498041e-04 4.0268506525988827e-04
0124 1.9558741963892888e-04 4.0270015639707658e-04
0125 1.9558420676069922e-04 4.0271501546754998e-04
0126 1.9558099372085619e-04 4.0272964209113493e-04
0127 1.9557778051972936e-04 4.0274408334197169e-04
0128 1.9557456715784479e-04 4.0275825561490166e-04
0129 1.9557135363567035e-04 4.0277220309365775e-04
0130 1.9556813995366519e-04 4.0278588883661213e-04
0131 1.9556492611230638e-04 4.0279926817224192e-04
0132 1.9556171211212227e-04 4.0281239402685840e-04
0133 1.9555849795359649e-04 4.0282527691050060e-04
0134 1.9555528363722680e-04 4.0283783541563242e-04
0135 1.9555206916356413e-04 4.0285019928737334e-04
0136 1.9554885453311485e-04 4.0286224425747615e-04
0137 1.9554563974637600e-04 4.0287401463294644e-04
0138 1.9554242480393722e-04 4.0288546918300133e-04
0139 1.9553920970630308e-04 4.0289666836115838e-04
0140 1.9553599445399064e-04 4.0290757670876168e-04
0141 1.9553277904764340e-04 4.0291820958291601e-04
0142 1.9552956348771428e-04 4.0292859306497207e-04
0143 1.9552634777480216e-04 4.0293868231708015e-04
0144 1.9552313190948948e-04 4.0294847244383138e-04
0145 1.9551991589228103e-04 4.0295802777516414e-04
0146 1.9551669972382659e-04 4.0296729588582811e-04
0147 1.9551348340467870e-04 4.0297631091610188e-04
0148 1.9551026693534804e-04 4.0298507766646963e-04
0149 1.9550705031645861e-04 4.0299360388747137e-04
0150 1.9550383354861739e-04 4.0300186618223694e-04
0151 1.9550061663232073e-04 4.0300985852974222e-04
0152 1.9549739956828695e-04 4.0301763586034407e-04
0153 1.9549418235694559e-04 4.0302515509369163e-04
0154 1.9549096499901688e-04 4.0303245413572393e-04
0155 1.9548774749503925e-04 4.0303951427439824e-04
0156 1.9548452984559161e-04 4.0304634382430735e-04
0157 1.9548131205124504e-04 4.0305295792744455e-04
0158 1.9547809411263445e-04 4.0305930846983110e-04
0159 1.9547487603032611e-04 4.0306547329637548e-04
0160 1.9547165780495470e-04 4.0307136197699869e-04
0161 1.9546843943709901e-04 4.0307716175959514e-04
0162 1.9546522092731664e-04 4.0308269005223635e-04
0163 1.9546200227625731e-04 4.0308801508547065e-04
0164 1.9545878348446437e-04 4.0309317568984769e-04
0165 1.9545556455258288e-04 4.0309816330433908e-04
0166 1.9545234548115978e-04 4.0310295924858688e-04
0167 1.9544912627082487e-04 4.0310753241122648e-04
0168 1.9544590692214373e-04 4.0311201500871856e-04
0169 1.9544268743571251e-04 4.0311626360590422e-04
0170 1.9543946781215172e-04 4.0312036388225135e-04
0171 1.9543624805203860e-04 4.0312428394255527e-04
0172 1.9543302815594750e-04 4.0312805877862129e-04
0173 1.9542980812442502e-04 4.0313168600844361e-04
0174 1.9542658795815732e-04 4.0313515393728707e-04
0175 1.9542336765767388e-04 4.0313850432623056e-04
0176 1.9542014722356724e-04 4.0314173083115312e-04
0177 1.9541692665640727e-04 4.0314481444974108e-04
0178 1.9541370595674886e-04 4.0314774965175709e-04
0179 1.9541048512524697e-04 4.0315051354833766e-04
0180 1.9540726416242618e-04 4.0315319899912231e-04
0181 1.9540404306884777e-04 4.0315577553885317e-04
0182 1.9540082184511714e-04 4.0315822312824849e-04
0183 1.9539760049178513e-04 4.0316061953993678e-04
0184 1.9539437900942974e-04 4.0316281423289919e-04
0185 1.9539115739859137e-04 4.0316492001724795e-04
0186 1.9538793565989764e-04 4.0316693195905354e-04
0187 1.9538471379384486e-04 4.0316892883000941e-04
0188 1.9538149180097498e-04 4.0317078532348935e-04
0189 1.9537826968186753e-04 4.0317250589314778e-04
0190 1.9537504743715207e-04 4.0317419535899700e-04
0191 1.9537182506726484e-04 4.0317584927815911e-04
0192 1.9536860257278303e-04 4.0317740438988454e-04
0193 1.9536537995425664e-04 4.0317888598436576e-04
0194 1.9536215721223268e-04 4.0318025718507001e-04
0195 1.9535893434723667e-04 4.0318159901657599e-04
0196 1.9535571135983248e-04 4.0318286494945887e-04
0197 1.9535248825048004e-04 4.0318412432406657e-04
0198 1.9534926501981828e-04 4.0318526073627157e-04
0199 1.9534604166819987e-04 4.0318642343575877e-04
0200 1.9534281819628488e-04 4.0318745316925223e-04
0201 1.9533959460455390e-04 4.0318852935773437e-04
0202 1.9533637089355155e-04 4.0318953550569776e-04
0203 1.9533314706370183e-04 4.0319051157354025e-04
0204 1.9532992311557145e-04 4.0319141602869273e-04
0205 1.9532669904962188e-04 4.0319231827867433e-04
0206 1.9532347486638218e-04 4.0319320749554417e-04
0207 1.9532025056628939e-04 4.0319404013458614e-04
0208 1.9531702614993782e-04 4.0319489884897789e-04
0209 1.9531380161774667e-04 4.0319569060244905e-04
0210 1.9531057697016766e-04 4.0319648173041688e-04
0211 1.9530735220769089e-04 4.0319726335292269e-04
0212 1.9530412733085659e-04 4.0319805234229392e-04
0213 1.9530090234003760e-04 4.0319877349722467e-04
0214 1.9529767723580724e-04 4.0319953678229350e-04
0215 1.9529445201853940e-04 4.0320032477754534e-04
0216 1.9529122668869483e-04 4.0320108188643427e-04
0217 1.9528800124676669e-04 4.0320179697020500e-04
0218 1.9528477569317527e-04 4.0320253041090706e-04
0219 1.9528155002834592e-04 4.0320332193976779e-04
0220 1.9527832425279032e-04 4.0320410778047980e-04
0221 1.9527509836682997e-04 4.0320488014585827e-04
0222 1.9527187237099866e-04 4.0320565467719192e-04
0223 1.9526864626564624e-04 4.0320643051332782e-04
0224 1.9526542005128349e-04 4.0320722521888753e-04
0225 1.9526219372824712e-04 4.0320808503069582e-04
0226 1.9525896729695138e-04 4.0320891545829766e-04
0227 1.9525574075786791e-04 4.0320980750334107e-04
0228 1.9525251411131974e-04 4.0321069211130917e-04
0229 1.9524928735778428e-04 4.0321161050042636e-04
0230 1.9524606049761971e-04 4.0321258766591426e-04
0231 1.9524283353120249e-04 4.0321357801124984e-04
0232 1.9523960645891184e-04 4.0321461416067923e-04
0233 1.9523637928116377e-04 4.0321560170356307e-04
0234 1.9523315199831498e-04 4.0321670480439792e-04
0235 1.9522992461078374e-04 4.0321777864485881e-04
0236 1.9522669711884760e-04 4.0321894905052578e-04
0237 1.9522346952295392e-04 4.0322009796823420e-04
0238 1.9522024182340331e-04 4.0322129606577725e-04
0239 1.9521701402051722e-04 4.0322254303835821e-04
0240 1.9521378611477567e-04 4.0322383200321038e-04
0241 1.9521055810646265e-04 4.0322513736105656e-04
0242 1.9520732999583996e-04 4.0322652539656986e-04
0243 1.9520410178334779e-04 4.0322787694445377e-04
0244 1.9520087346929215e-04 4.0322932375661550e-04
0245 1.9519764505397620e-04 4.0323084344764167e-04
0246 1.9519441653776090e-04 4.0323239686388638e-04
0247 1.9519118792088065e-04 4.0323393885440472e-04
0248 1.9518795920378407e-04 4.0323552382949188e-04
0249 1.9518473038670914e-04 4.0323716387739047e-04
0250 1.9518150146994351e-04 4.0323889552337084e-04
0251 1.9517827245381719e-04 4.0324066010277628e-04
0252 1.9517504333864820e-04 4.0324249120921767e-04
0253 1.9517181412471846e-04 4.0324433499630942e-04
0254 1.9516858481229574e-04 4.0324629046292998e-04
0255 1.9516535540160438e-04 4.0324821148322268e-04
0256 1.9516212589311478e-04 4.0325021003405706e-04
0257 1.9515889628697087e-04 4.0325223496207225e-04
0258 1.9515566658343648e-04 4.0325438424047291e-04
0259 1.9515243678285276e-04 4.0325649745760701e-04
0260 1.9514920688542935e-04 4.0325869098898709e-04
0261 1.9514597689142211e-04 4.0326088807097929e-04
0262 1.9514274680115570e-04 4.0326319714956643e-04
0263 1.9513951661486413e-04 4.0326549683730170e-04
0264 1.9513628633277674e-04 4.0326787993924079e-04
0265 1.9513305595514086e-04 4.0327035204622535e-04
0266 1.9512982548223505e-04 4.0327277797136564e-04
0267 1.9512659491424935e-04 4.0327537301577536e-04
0268 1.9512336425152161e-04 4.0327795461220212e-04
0269 1.9512013349412061e-04 4.0328055572248528e-04
0270 1.9511690264246870e-04 4.0328324452916861e-04
0271 1.9511367169663848e-04 4.0328598763628506e-04
0272 1.9511044065695319e-04 4.0328879306151020e-04
0273 1.9510720952361398e-04 4.0329161692983248e-04
0274 1.9510397829679196e-04 4.0329448421480416e-04
0275 1.9510074697672429e-04 4.0329741925908811e-04
0276 1.9509751556363096e-04 4.0330035520568305e-04
0277 1.9509428405776907e-04 4.0330331313144209e-04
0278 1.9509105245928032e-04 4.0330634963180103e-04
0279 1.9508782076842248e-04 4.0330947810832829e-04
0280 1.9508458898531098e-04 4.0331265349459483e-04
0281 1.9508135711023027e-04 4.0331584563732694e-04
0282 1.9507812514336421e-04 4.0331906503101293e-04
0283 1.9507489308483406e-04 4.0332239611477787e-04
0284 1.9507166093495645e-04 4.0332567327288791e-04
0285 1.9506842869376160e-04 4.0332906581244980e-04
0286 1.9506519636157757e-04 4.0333247242854627e-04
0287 1.9506196393846007e-04 4.0333594975040273e-04
0288 1.9505873142472617e-04 4.0333938240442953e-04
0289 1.9505549882047841e-04 4.0334295827382634e-04
0290 1.9505226612585248e-04 4.0334654213682161e-04
0291 1.9504903334111520e-04 4.0335009455231890e-04
0292 1.9504580046634387e-04 4.0335375784615005e-04
0293 1.9504256750179461e-04 4.0335741666799727e-04
0294 1.9503933444761214e-04 4.0336115248755815e-04
0295 1.9503610130390303e-04 4.0336496292948259e-04
0296 1.9503286807085341e-04 4.0336878708582726e-04
0297 1.9502963474870498e-04 4.0337259969499704e-04
0298 1.9502640133751994e-04 4.0337652181450740e-04
0299 1.9502316783748860e-04 4.0338040318282762e-04
0300 1.9501993424872796e-04 4.0338431820053662e-04
0301 1.9501670057146570e-04 4.0338824732394379e-04
0302 1.9501346680582244e-04 4.0339224054746961e-04
0303 1.9501023295195722e-04 4.0339624625874407e-04
0304 1.9500699900999434e-04 4.0340032460589408e-04
0305 1.9500376498007160e-04 4.0340443040480842e-04
0306 1.9500053086236139e-04 4.0340853630287154e-04
0307 1.9499729665704518e-04 4.0341268110325254e-04
0308 1.9499406236416064e-04 4.0341685028567697e-04
0309 1.9499082798395188e-04 4.0342106242222380e-04
0310 1.9498759351651494e-04 4.0342535081530151e-04
0311 1.9498435896196946e-04 4.0342959226853100e-04
0312 1.9498112432048297e-04 4.0343384137086444e-04
0313 1.9497788959212169e-04 4.0343811834875587e-04
0314 1.9497465477716401e-04 4.0344244952122846e-04
0315 1.9497141987560561e-04 4.0344680184505646e-04
0316 1.9496818488768297e-04 4.0345108060444850e-04
0317 1.9496494981339986e-04 4.0345547862585666e-04
0318 1.9496171465300835e-04 4.0345987892653512e-04
0319 1.9495847940659774e-04 4.0346426729640108e-04
0320 1.9495524407429579e-04 4.0346878227521984e-04
0321 1.9495200865620146e-04 4.0347322970390374e-04
0322 1.9494877315245142e-04 4.0347772929570863e-04
0323 1.9494553756317840e-04 4.0348218209867038e-04
0324 1.9494230188852379e-04 4.0348668655927145e-04
0325 1.9493906612860144e-04 4.0349122550430302e-04
0326 1.9493583028350628e-04 4.0349572211917633e-04
0327 1.9493259435341369e-04 4.0350028571942175e-04
0328 1.9492935833836450e-04 4.0350484159746235e-04
0329 1.9492612223854792e-04 4.0350946314393052e-04
0330 1.9492288605407011e-04 4.0351399601842403e-04
0331 1.9491964978501561e-04 4.0351864738522085e-04
0332 1.9491641343154562e-04 4.0352324037377636e-04
0333 1.9491317699374560e-04 4.0352790738421094e-04
0334 1.9490994047170811e-04 4.0353247650870355e-04
0335 1.9490670386561876e-04 4.0353709643115428e-04
0336 1.9490346717553484e-04 4.0354172871417818e-04
0337 1.9490023040159886e-04 4.0354635926476742e-04
0338 1.9489699354392911e-04 4.0355102713185323e-04
0339 1.9489375660261183e-04 4.0355564566643540e-04
0340 1.9489051957774059e-04 4.0356032661495532e-04
0341 1.9488728246951626e-04 4.0356497172382817e-04
0342 1.9488404527794905e-04 4.0356966799838371e-04
0343 1.9488080800321195e-04 4.0357430861268328e-04
0344 1.9487757064537789e-04 4.0357896057243440e-04
0345 1.9487433320460100e-04 4.0358366668117056e-04
0346 1.9487109568094033e-04 4.0358836718087552e-04
0347 1.9486785807453305e-04 4.0359304280298977e-04
0348 1.9486462038547132e-04 4.0359773416086546e-04
0349 1.9486138261387957e-04 4.0360237039469308e-04
0350 1.9485814475986621e-04 4.0360701394937394e-04
0351 1.9485490682350534e-04 4.0361174517115992e-04
0352 1.9485166880494739e-04 4.0361643726701430e-04
0353 1.9484843070425502e-04 4.0362110188525572e-04
0354 1.9484519252155056e-04 4.0362577940053859e-04
0355 1.9484195425691178e-04 4.0363043444309509e-04
0356 1.9483871591049443e-04 4.0363507182316385e-04
0357 1.9483547748242824e-04 4.0363972036488451e-04
0358 1.9483223897269282e-04 4.0364438418967474e-04
0359 1.9482900038152336e-04 4.0364903991039195e-04
0360 1.9482576170895265e-04 4.0365370433351314e-04
0361 1.9482252295509428e-04 4.0365836978142411e-04
0362 1.9481928412003454e-04 4.0366304853760483e-04
0363 1.9481604520389198e-04 4.0366765460607580e-04
0364 1.9481280620674841e-04 4.0367225733733405e-04
0365 1.9480956712872815e-04 4.0367689001200957e-04
0366 1.9480632796995009e-04 4.0368150684674646e-04
0367 1.9480308873046198e-04 4.0368606649334848e-04
0368 1.9479984941036082e-04 4.0369067913611085e-04
0369 1.9479661000983532e-04 4.0369527607023035e-04
0370 1.9479337052885834e-04 4.0369989898645330e-04
0371 1.9479013096758356e-04 4.0370443313572028e-04
0372 1.9478689132618150e-04 4.0370900847546044e-04
0373 1.9478365160463109e-04 4.0371357314850738e-04
0374 1.9478041180305810e-04 4.0371813527910510e-04
0375 1.9477717192159649e-04 4.0372267826915923e-04
0376 1.9477393196029539e-04 4.0372720438580255e-04
0377 1.9477069191932740e-04 4.0373172485652306e-04
0378 1.9476745179869520e-04 4.0373624300381230e-04
0379 1.9476421159854903e-04 4.0374072869209156e-04
0380 1.9476097131896901e-04 4.0374522779551542e-04
0381 1.9475773096004967e-04 4.0374973267134218e-04
0382 1.9475449052186491e-04 4.0375423660444143e-04
0383 1.9475125000453490e-04 4.0375866189112247e-04
0384 1.9474800940809899e-04 4.0376313333028509e-04
0385 1.9474476873271863e-04 4.0376754431193669e-04
0386 1.9474152797846332e-04 4.0377200482123846e-04
0387 1.9473828714538998e-04 4.0377640659762038e-04
0388 1.9473504623364031e-04 4.0378085083655330e-04
0389 1.9473180524323745e-04 4.0378523464894886e-04
0390 1.9472856417431804e-04 4.0378965422612379e-04
0391 1.9472532302698467e-04 4.0379403142472113e-04
0392 1.9472208180129437e-04 4.0379843041913352e-04
0393 1.9471884049733292e-04 4.0380281422501676e-04
0394 1.9471559911514899e-04 4.0380717297157392e-04
0395 1.9471235765494029e-04 4.0381146641727531e-04
0396 1.9470911611672956e-04 4.0381584503803940e-04
0397 1.9470587450053163e-04 4.0382019097448248e-04
0398 1.9470263280658016e-04 4.0382448446443379e-04
0399 1.9469939103485445e-04 4.0382875817070657e-04
0400 1.9469614918540593e-04 4.0383311866458026e-04
0401 1.9469290725842399e-04 4.0383738353572910e-04
0402 1.9468966525392354e-04 4.0384160489819880e-04
0403 1.9468642317202871e-04 4.0384589764391596e-04
0404 1.9468318101276429e-04 4.0385011040177201e-04
0405 1.9467993877627653e-04 4.0385438647405457e-04
0406 1.9467669646260795e-04 4.0385860475899651e-04
0407 1.9467345407181704e-04 4.0386285324087173e-04
0408 1.9467021160403722e-04 4.0386701363986184e-04
0409 1.9466696905929990e-04 4.0387126093665719e-04
0410 1.9466372643771288e-04 4.0387546106653629e-04
0411 1.9466048373937417e-04 4.0387964189279093e-04
0412 1.9465724096429072e-04 4.0388381938342044e-04
0413 1.9465399811257670e-04 4.0388796868941445e-04
0414 1.9465075518433793e-04 4.0389212564258655e-04
0415 1.9464751217964645e-04 4.0389631974790502e-04
0416 1.9464426909848791e-04 4.0390047294541298e-04
0417 1.9464102594100689e-04 4.0390463406709583e-04
0418 1.9463778270733094e-04 4.0390870360652181e-04
0419 1.9463453939743197e-04 4.0391287838924007e-04
0420 1.9463129601144264e-04 4.0391694092090232e-04
0421 1.9462805254941295e-04 4.0392109245339337e-04
0422 1.9462480901142012e-04 4.0392520650179458e-04
0423 1.9462156539751331e-04 4.0392930418890023e-04
0424 1.9461832170781222e-04 4.0393335194321511e-04
0425 1.9461507794233201e-04 4.0393746660595374e-04
0426 1.9461183410114462e-04 4.0394150189274508e-04
0427 1.9460859018438032e-04 4.0394553401811354e-04
0428 1.9460534619206510e-04 4.0394961975003928e-04
0429 1.9460210212425761e-04 4.0395366966077418e-04
0430 1.9459885798100458e-04 4.0395774191353000e-04
0431 1.9459561376239561e-04 4.0396171544402590e-04
0432 1.9459236946854384e-04 4.0396576567178043e-04
0433 1.9458912509945125e-04 4.0396981931491730e-04
0434 1.9458588065521346e-04 4.0397388480364042e-04
0435 1.9458263613585564e-04 4.0397792783239606e-04
0436 1.9457939154150162e-04 4.0398196716792846e-04
0437 1.9457614687211510e-04 4.0398598287946503e-04
0438 1.9457290212783723e-04 4.0398997374649104e-04
0439 1.9456965730869563e-04 4.0399397558580280e-04
0440 1.9456641241480711e-04 4.0399794232959490e-04
0441 1.9456316744615406e-04 4.0400195263586236e-04
0442 1.9455992240285325e-04 4.0400596632523216e-04
0443 1.9455667728491565e-04 4.0400996501874150e-04
0444 1.9455343209239477e-04 4.0401394186814538e-04
0445 1.9455018682543632e-04 4.0401792175949025e-04
0446 1.9454694148393268e-04 4.0402191809557050e-04
0447 1.9454369606809269e-04 4.0402584380554824e-04
0448 1.9454045057795878e-04 4.0402983673515044e-04
0449 1.9453720501351400e-04 4.0403384364331215e-04
0450 1.9453395937482810e-04 4.0403787544030623e-04
0451 1.9453071366195516e-04 4.0404181648599319e-04
0452 1.9452746787497309e-04 4.0404581638828999e-04
0453 1.9452422201389163e-04 4.0404978806042266e-04
0454 1.9452097607879930e-04 4.0405377276961439e-04
0455 1.9451773006974883e-04 4.0405771201994803e-04
0456 1.9451448398679879e-04 4.0406173284209554e-04
0457 1.9451123782987642e-04 4.0406567704152219e-04
0458 1.9450799159919323e-04 4.0406962988151507e-04
0459 1.9450474529471713e-04 4.0407365547750156e-04
0460 1.9450149891652062e-04 4.0407759851513369e-04
0461 1.9449825246459083e-04 4.0408158351400077e-04
0462 1.9449500593901158e-04 4.0408554571653684e-04
0463 1.9449175933989988e-04 4.0408953851567438e-04
0464 1.9448851266717717e-04 4.0409353322340289e-04
0465 1.9448526592092549e-04 4.0409751726724435e-04
0466 1.9448201910120307e-04 4.0410145689247429e-04
0467 1.9447877220806305e-04 4.0410545646024952e-04
0468 1.9447552524155706e-04 4.0410943260840894e-04
0469 1.9447227820169454e-04 4.0411348122439892e-04
0470 1.9446903108851930e-04 4.0411747243358336e-04
0471 1.9446578390206720e-04 4.0412145352841747e-04
0472 1.9446253664232453e-04 4.0412544256083967e-04
0473 1.9445928930946288e-04 4.0412943025548421e-04
0474 1.9445604190342349e-04 4.0413344359508660e-04
0475 1.9445279442425442e-04 4.0413751753392787e-04
0476 1.9444954687197413e-04 4.0414150754498727e-04
0477 1.9444629924666014e-04 4.0414550909148952e-04
0478 1.9444305154833747e-04 4.0414955437876937e-04
0479 1.9443980377699234e-04 4.0415354660572783e-04
0480 1.9443655593274630e-04 4.0415760995336254e-04
0481 1.9443330801552700e-04 4.0416164974287625e-04
0482 1.9443006002543882e-04 4.0416566197461125e-04
0483 1.9442681196247128e-04 4.0416969404396820e-04
0484 1.9442356382667417e-04 4.0417370800198806e-04
0485 1.9442031561807865e-04 4.0417778094430692e-04
0486 1.9441706733674941e-04 4.0418182807172429e-04
0487 1.9441381898263485e-04 4.0418590767069001e-04
0488 1.9441057055582389e-04 4.0418998209336426e-04
0489 1.9440732205625838e-04 4.0419404687877178e-04
0490 1.9440407348413790e-04 4.0419811269981382e-04
0491 1.9440082483927453e-04 4.0420226206373561e-04
0492 1.9439757612185917e-04 4.0420629688421448e-04
0493 1.9439432733184251e-04 4.0421039483764815e-04
0494 1.9439107846924716e-04 4.0421451561041500e-04
0495 1.9438782953408549e-04 4.0421862963273459e-04
0496 1.9438458052641719e-04 4.0422273961902914e-04
0497 1.9438133144623893e-04 4.0422686343374186e-04
0498 1.9437808229361194e-04 4.0423096469423660e-04
0499 1.9437483306848250e-04 4.0423512085092960e-04
0500 1.9437158377092457e-04 4.0423928981315566e-04
0501 1.9436833440093803e-04 4.0424340357892851e-04
0502 1.9436508495853920e-04 4.0424754911291073e-04
0503 1.9436183544377687e-04 4.0425170067306260e-04
0504 1.9435858585662406e-04 4.0425587322765518e-04
0505 1.9435533619710282e-04 4.0426003739687827e-04
0506 1.9435208646526351e-04 4.0426421267903025e-04
0507 1.9434883666108888e-04 4.0426840898619864e-04
0508 1.9434558678461822e-04 4.0427257805227863e-04
0509 1.9434233683582192e-04 4.0427673660534298e-04
0510 1.9433908681474959e-04 4.0428096324677436e-04
0511 1.9433583672141312e-04 4.0428517295805326e-04
0512 1.9433258655582225e-04 4.0428937313430590e-04
0513 1.9432933631799350e-04 4.0429358041208755e-04
0514 1.9432608600793115e-04 4.0429785112235545e-04
0515 1.9432283562562057e-04 4.0430206835118793e-04
0516 1.9431958517110643e-04 4.0430632664007773e-04
0517 1.9431633464437527e-04 4.0431057545517365e-04
0518 1.9431308404540523e-04 4.0431478862622191e-04
0519 1.9430983337433161e-04 4.0431900074111950e-04
0520 1.9430658263101431e-04 4.0432335285937496e-04
0521 1.9430333181560158e-04 4.0432763505813559e-04
0522 1.9430008092797242e-04 4.0433195789633377e-04
0523 1.9429682996816882e-04 4.0433625349011506e-04
0524 1.9429357893618491e-04 4.0434054974726301e-04
0525 1.9429032783209899e-04 4.0434486056501861e-04
0526 1.9428707665580778e-04 4.0434918061202406e-04
0527 1.9428382540743626e-04 4.0435348265618323e-04
0528 1.9428057408684793e-04 4.0435779837121407e-04
0529 1.9427732269419431e-04 4.0436210150587176e-04
0530 1.9427407122938679e-04 4.0436645011383685e-04
0531 1.9427081969243990e-04 4.0437075004245412e-04
0532 1.9426756808335892e-04 4.0437512378396415e-04
0533 1.9426431640217679e-04 4.0437949549707790e-04
0534 1.9426106464883944e-04 4.0438385703003751e-04
0535 1.9425781282339299e-04 4.0438820352960717e-04
0536 1.9425456092582932e-04 4.0439258930156512e-04
0537 1.9425130895611700e-04 4.0439698506656332e-04
0538 1.9424805691429278e-04 4.0440140714482776e-04
0539 1.9424480480030780e-04 4.0440580016505096e-04
0540 1.9424155261421789e-04 4.0441017055814797e-04
0541 1.9423830035600716e-04 4.0441459801673966e-04
0542 1.9423504802564782e-04 4.0441903311423406e-04
0543 1.9423179562311324e-04 4.0442343089432830e-04
0544 1.9422854314848757e-04 4.0442781449384206e-04
0545 1.9422529060171391e-04 4.0443227428467004e-04
0546 1.9422203798275130e-04 4.0443670637992839e-04
0547 1.9421878529168472e-04 4.0444119457388561e-04
0548 1.9421553252843885e-04 4.0444556909151753e-04
0549 1.9421227969303211e-04 4.0445003131204247e-04
0550 1.9420902678547288e-04 4.0445448215219903e-04
0551 1.9420577380572265e-04 4.0445900839750516e-04
0552 1.9420252075379483e-04 4.0446349185674726e-04
0553 1.9419926762969709e-04 4.0446791926028518e-04
0554 1.9419601443342491e-04 4.0447239962263464e-04
0555 1.9419276116491759e-04 4.0447688003839943e-04
0556 1.9418950782422461e-04 4.0448137157789166e-04
0557 1.9418625441133326e-04 4.0448587334157338e-04
0558 1.9418300092623506e-04 4.0449042645199587e-04
0559 1.9417974736889358e-04 4.0449489591615646e-04
0560 1.9417649373932311e-04 4.0449940557417717e-04
0561 1.9417324003750109e-04 4.0450393113448420e-04
0562 1.9416998626345418e-04 4.0450849250581731e-04
0563 1.9416673241716724e-04 4.0451301871775386e-04
0564 1.9416347849855940e-04 4.0451754960481805e-04
0565 1.9416022450765980e-04 4.0452207194018551e-04
0566 1.9415697044455367e-04 4.0452659787246648e-04
0567 1.9415371630910927e-04 4.0453112284220149e-04
0568 1.9415046210135122e-04 4.0453565191602624e-04
0569 1.9414720782131345e-04 4.0454018946589528e-04
0570 1.9414395346891041e-04 4.0454477793220374e-04
0571 1.9414069904424017e-04 4.0454929744991282e-04
0572 1.9413744454717727e-04 4.0455392120396152e-04
0573 1.9413418997781611e-04 4.0455846373059891e-04
0574 1.9413093533597806e-04 4.0456303199957252e-04
0575 1.9412768062185564e-04 4.0456757426523334e-04
0576 1.9412442583535718e-04 4.0457211619732971e-04
0577 1.9412117097641280e-04 4.0457675221654954e-04
0578 1.9411791604512498e-04 4.0458130109857191e-04
0579 1.9411466104133905e-04 4.0458584971417874e-04
0580 1.9411140596518959e-04 4.0459040557885959e-04
0581 1.9410815081656713e-04 4.0459502029990038e-04
0582 1.9410489559549890e-04 4.0459963740907296e-04
0583 1.9410164030200750e-04 4.0460421857056494e-04
0584 1.9409838493597217e-04 4.0460881897878170e-04
0585 1.9409512949750195e-04 4.0461340789437443e-04
0586 1.9409187398650887e-04 4.0461799506643335e-04
0587 1.9408861840300855e-04 4.0462262294296836e-04
0588 1.9408536274699781e-04 4.0462722268123908e-04
0589 1.9408210701846076e-04 4.0463183007427654e-04
0590 1.9407885121732688e-04 4.0463644953824739e-04
0591 1.9407559534367661e-04 4.0464107990524054e-04
0592 1.9407233939746932e-04 4.0464569164880970e-04
0593 1.9406908337861635e-04 4.0465031585599565e-04
0594 1.9406582728719360e-04 4.0465487242750969e-04
0595 1.9406257112318829e-04 4.0465951349267734e-04
0596 1.9405931488653043e-04 4.0466412563611631e-04
0597 1.9405605857726428e-04 4.0466871705412892e-04
0598 1.9405280219533027e-04 4.0467336275916226e-04
0599 1.9404954574072511e-04 4.0467800720097170e-04
0600 1.9404628921343355e-04 4.0468257199673932e-04
