# step du_rel dp_rel
# u_rtol 1.0000000000000000e-04
# p_rtol 1.0000000000000000e-03
0001 1.9422002198823073e-04 2.8444107713509405e-03
0002 1.9421651164478734e-04 2.7062610831599392e-03
0003 1.9421303419817448e-04 2.5621892108858330e-03
0004 1.9420957767418817e-04 2.4154377297039508e-03
0005 1.9420613509519351e-04 2.2686851728549043e-03
0006 1.9420270242547015e-04 2.1240958963228960e-03
0007 1.9419927734896751e-04 1.9833779902393811e-03
0008 1.9419585854448993e-04 1.8478431884839518e-03
0009 1.9419244525727936e-04 1.7184638793551390e-03
0010 1.9418903704825476e-04 1.5959262898669441e-03
0011 1.9418563364839483e-04 1.4806785757494579e-03
0012 1.9418223487520866e-04 1.3729724472957142e-03
0013 1.9417884058665306e-04 1.2729001753404299e-03
0014 1.9417545065602179e-04 1.1804255021969617e-03
0015 1.9417206495915977e-04 1.0954105082337344e-03
0016 1.9416868336900176e-04 1.0176372025294956e-03
0017 1.9416530575366739e-04 9.4682630401337958e-04
0018 1.9416193197679401e-04 8.8265223690753443e-04
0019 1.9415856189828937e-04 8.2475597405654705e-04
0020 1.9415519537589670e-04 7.7275488607610372e-04
0021 1.9415183226669978e-04 7.2625152569097320e-04
0022 1.9414847242828887e-04 6.8484095353725928e-04
0023 1.9414511571992012e-04 6.4811703481409424e-04
0024 1.9414176200361518e-04 6.1567787141701843e-04
0025 1.9413841114460201e-04 5.8713097009491829e-04
0026 1.9413506301205153e-04 5.6209746004271270e-04
0027 1.9413171747937024e-04 5.4021602754879858e-04
0028 1.9412837442451441e-04 5.2114582656948168e-04
0029 1.9412503373027361e-04 5.0456926715856303e-04
0030 1.9412169528388050e-04 4.9019346992152843e-04
0031 1.9411835897758576e-04 4.7775087057856240e-04
0032 1.9411502470821577e-04 4.6699968863362430e-04
0033 1.9411169237730809e-04 4.5772333705739653e-04
0034 1.9410836189077840e-04 4.4972911323419611e-04
0035 1.9410503315901194e-04 4.4284682611832240e-04
0036 1.9410170609647325e-04 4.3692705871692595e-04
0037 1.9409838062183689e-04 4.3183907120644877e-04
0038 1.9409505665743794e-04 4.2746925238809614e-04
0039 1.9409173412936813e-04 4.2371893562040522e-04
0040 1.9408841296734319e-04 4.2050258751127423e-04
0041 1.9408509318367276e-04 4.1776540230961537e-04
0042 1.9408177453151474e-04 4.1539702367889480e-04
0043 1.9407845706113781e-04 4.1337249528319929e-04
0044 1.9407514071223504e-04 4.1164348651989615e-04
0045 1.9407182542784430e-04 4.1016834722503999e-04
0046 1.9406851115427446e-04 4.0891112093789867e-04
0047 1.9406519784049241e-04 4.0784115460593151e-04
0048 1.9406188543805123e-04 4.0693193564705508e-04
0049 1.9405857390072880e-04 4.0616040373192710e-04
0050 1.9405526318454498e-04 4.0550684687090736e-04
0051 1.9405195324752154e-04 4.0495432043868553e-04
0052 1.9404864404964361e-04 4.0448814483061814e-04
0053 1.9404533555250674e-04 4.0409587917470530e-04
0054 1.9404202771957168e-04 4.0376644811446454e-04
0055 1.9403872051580281e-04 4.0349063668052877e-04
0056 1.9403541390762918e-04 4.0326052166236571e-04
0057 1.9403210786291244e-04 4.0306922377785501e-04
0058 1.9402880235094757e-04 4.0291072947300287e-04
0059 1.9402549734217885e-04 4.0278019746682869e-04
0060 1.9402219280830032e-04 4.0267326770783391e-04
0061 1.9401888872205256e-04 4.0258635720181134e-04
0062 1.9401558505748203e-04 4.0251623866267025e-04
0063 1.9401228178943182e-04 4.0246035521523184e-04
0064 1.9400897889384046e-04 4.0241646941690525e-04
0065 1.9400567634752310e-04 4.0238271828459691e-04
0066 1.9400237412831077e-04 4.0235748216471256e-04
0067 1.9399907221466481e-04 4.0233936584711338e-04
0068 1.9399577058597771e-04 4.0232733553272716e-04
0069 1.9399246922260498e-04 4.0232033298536363e-04
0070 1.9398916810520059e-04 4.0231778522628522e-04
0071 1.9398586721548091e-04 4.0231879466371393e-04
0072 1.9398256653571256e-04 4.0232298902244390e-04
0073 1.9397926604883739e-04 4.0232981724538849e-04
0074 1.9397596573832718e-04 4.0233903333968625e-04
0075 1.9397266558833363e-04 4.0235012560933142e-04
0076 1.9396936558359511e-04 4.0236298751395556e-04
0077 1.9396606570931947e-04 4.0237733016929152e-04
0078 1.9396276595135025e-04 4.0239293445168569e-04
0079 1.9395946629572841e-04 4.0240978331788105e-04
0080 1.9395616672958181e-04 4.0242756998057073e-04
0081 1.9395286723983911e-04 4.0244638629723784e-04
0082 1.9394956781426998e-04 4.0246599535752634e-04
0083 1.9394626844103537e-04 4.0248644655424640e-04
0084 1.9394296910853529e-04 4.0250748033183672e-04
0085 1.9393966980579935e-04 4.0252914743088802e-04
0086 1.9393637052216831e-04 4.0255137959568942e-04
0087 1.9393307124712940e-04 4.0257424977004200e-04
0088 1.9392977197099550e-04 4.0259751023140322e-04
0089 1.9392647268400972e-04 4.0262124583104474e-04
0090 1.9392317337698953e-04 4.0264536686515423e-04
0091 1.9391987404088594e-04 4.0266994637741050e-04
0092 1.9391657466726444e-04 4.0269474711525241e-04
0093 1.9391327524761378e-04 4.0272002706552644e-04
0094 1.9390997577404509e-04 4.0274539182236934e-04
0095 1.9390667623880617e-04 4.0277115095915990e-04
0096 1.9390337663436802e-04 4.0279712457037597e-04
0097 1.9390007695365175e-04 4.0282321803667326e-04
0098 1.9389677718959986e-04 4.0284953152856210e-04
0099 1.9389347733563301e-04 4.0287595296379259e-04
0100 1.9389017738531054e-04 4.0290256582975730e-04
0101 1.9388687733237002e-04 4.0292928066241091e-04
0102 1.9388357717089222e-04 4.0295600845958811e-04
0103 1.9388027689519135e-04 4.0298280312898982e-04
0104 1.9387697649965536e-04 4.0300959995132524e-04
0105 1.9387367597893283e-04 4.0303651147478820e-04
0106 1.9387037532800732e-04 4.0306338648776757e-04
0107 1.9386707454183786e-04 4.0309022514055354e-04
0108 1.9386377361577356e-04 4.0311707103550141e-04
0109 1.9386047254526493e-04 4.0314382243536266e-04
0110 1.9385717132594391e-04 4.0317058227662763e-04
0111 1.9385386995354089e-04 4.0319724470291239e-04
0112 1.9385056842411523e-04 4.0322375832972402e-04
0113 1.9384726673383077e-04 4.0325019708381944e-04
0114 1.9384396487887213e-04 4.0327656690620508e-04
0115 1.9384066285578228e-04 4.0330286299038474e-04
0116 1.9383736066111920e-04 4.0332896032697370e-04
0117 1.9383405829174197e-04 4.0335493687758189e-04
0118 1.9383075574445774e-04 4.0338075411186025e-04
0119 1.9382745301621375e-04 4.0340648915116942e-04
0120 1.9382415010428124e-04 4.0343201114187335e-04
0121 1.9382084700592204e-04 4.0345731633472867e-04
0122 1.9381754371855772e-04 4.0348246873819359e-04
0123 1.9381424023974156e-04 4.0350743614214930e-04
0124 1.9381093656718642e-04 4.0353222499747834e-04
0125 1.9380763269859639e-04 4.0355685005694650e-04
0126 1.9380432863186654e-04 4.0358134966869366e-04
0127 1.9380102436491859e-04 4.0360565962106309e-04
0128 1.9379771989603078e-04 4.0362966656619348e-04
0129 1.9379441522324786e-04 4.0365350062574655e-04
0130 1.9379111034502878e-04 4.0367705391014313e-04
0131 1.9378780525971330e-04 4.0370049959484819e-04
0132 1.9378449996570803e-04 4.0372377868497494e-04
0133 1.9378119446163960e-04 4.0374677018917884e-04
0134 1.9377788874627336e-04 4.0376953912998724e-04
0135 1.9377458281830153e-04 4.0379209407659611e-04
0136 1.9377127667662399e-04 4.0381447892512640e-04
0137 1.9376797032011651e-04 4.0383657675196219e-04
0138 1.9376466374778606e-04 4.0385851930902937e-04
0139 1.9376135695884099e-04 4.0388018667549029e-04
0140 1.9375804995225269e-04 4.0390168247715847e-04
0141 1.9375474272734884e-04 4.0392298125949757e-04
0142 1.9375143528339842e-04 4.0394410983279254e-04
0143 1.9374812761987540e-04 4.0396489522859989e-04
0144 1.9374481973612911e-04 4.0398556014153379e-04
0145 1.9374151163157076e-04 4.0400600843511767e-04
0146 1.9373820330591994e-04 4.0402616441563756e-04
0147 1.9373489475867024e-04 4.0404611745563737e-04
0148 1.9373158598969537e-04 4.0406579797103284e-04
0149 1.9372827699859759e-04 4.0408544003148422e-04
0150 1.9372496778509023e-04 4.0410475043023414e-04
0151 1.9372165834918002e-04 4.0412383282906623e-04
0152 1.9371834869064713e-04 4.0414271375947998e-04
0153 1.9371503880964025e-04 4.0416149163130012e-04
0154 1.9371172870594639e-04 4.0418003490986967e-04
0155 1.9370841837957906e-04 4.0419833256559966e-04
0156 1.9370510783074489e-04 4.0421637066339580e-04
0157 1.9370179705960566e-04 4.0423421778835680e-04
0158 1.9369848606631357e-04 4.0425189334951806e-04
0159 1.9369517485100720e-04 4.0426930757864746e-04
0160 1.9369186341411425e-04 4.0428657050972926e-04
0161 1.9368855175571007e-04 4.0430372655701383e-04
0162 1.9368523987631307e-04 4.0432056699738660e-04
0163 1.9368192777622866e-04 4.0433729237054547e-04
0164 1.9367861545589108e-04 4.0435378653314616e-04
0165 1.9367530291570660e-04 4.0437009216562960e-04
0166 1.9367199015610188e-04 4.0438617894699824e-04
0167 1.9366867717770302e-04 4.0440214327389649e-04
0168 1.9366536398102846e-04 4.0441783933255725e-04
0169 1.9366205056657389e-04 4.0443329847382063e-04
0170 1.9365873693496889e-04 4.0444867120016003e-04
0171 1.9365542308687135e-04 4.0446390800528796e-04
0172 1.9365210902280356e-04 4.0447888197498160e-04
0173 1.9364879474371473e-04 4.0449368763790193e-04
0174 1.9364548025004212e-04 4.0450833861468483e-04
0175 1.9364216554264407e-04 4.0452283787702936e-04
0176 1.9363885062218710e-04 4.0453711760169672e-04
0177 1.9363553548954301e-04 4.0455128648120704e-04
0178 1.9363222014543645e-04 4.0456533057088616e-04
0179 1.9362890459064154e-04 4.0457918608409834e-04
0180 1.9362558882608948e-04 4.0459277415050065e-04
0181 1.9362227285268097e-04 4.0460622926167861e-04
0182 1.9361895667111294e-04 4.0461960627544071e-04
0183 1.9361564028235468e-04 4.0463280810932852e-04
0184 1.9361232368735265e-04 4.0464591686050356e-04
0185 1.9360900688698241e-04 4.0465882895046503e-04
0186 1.9360568988219715e-04 4.0467162520732287e-04
0187 1.9360237267393329e-04 4.0468418567068438e-04
0188 1.9359905526319344e-04 4.0469665648786967e-04
0189 1.9359573765091238e-04 4.0470900152192804e-04
0190 1.9359241983803576e-04 4.0472122233440748e-04
0191 1.9358910182576652e-04 4.0473326381775492e-04
0192 1.9358578361492788e-04 4.0474518211829866e-04
0193 1.9358246520658439e-04 4.0475700865190764e-04
0194 1.9357914660182588e-04 4.0476869624849512e-04
0195 1.9357582780168994e-04 4.0478023627719744e-04
0196 1.9357250880721826e-04 4.0479167020696121e-04
0197 1.9356918961945316e-04 4.0480300298296546e-04
0198 1.9356587023952520e-04 4.0481413395475780e-04
0199 1.9356255066837040e-04 4.0482523626456964e-04
0200 1.9355923090733109e-04 4.0483619979088192e-04
0201 1.9355591095729469e-04 4.0484705452221748e-04
0202 1.9355259081950543e-04 4.0485781607584807e-04
0203 1.9354927049498733e-04 4.0486845169529972e-04
0204 1.9354594998487326e-04 4.0487905710257790e-04
0205 1.9354262929027950e-04 4.0488950389785423e-04
0206 1.9353930841227175e-04 4.0489985564739366e-04
0207 1.9353598735205300e-04 4.0491003053594511e-04
0208 1.9353266611077979e-04 4.0492024194884639e-04
0209 1.9352934468956596e-04 4.0493027832481579e-04
0210 1.9352602308950621e-04 4.0494022614292075e-04
0211 1.9352270131181383e-04 4.0495007777666646e-04
0212 1.9351937935758648e-04 4.0495987970117701e-04
0213 1.9351605722800277e-04 4.0496964578015269e-04
0214 1.9351273492412461e-04 4.0497926652098261e-04
0215 1.9350941244721933e-04 4.0498880777993279e-04
0216 1.9350608979836642e-04 4.0499825200640077e-04
0217 1.9350276697877771e-04 4.0500768894754575e-04
0218 1.9349944398949849e-04 4.0501692316577675e-04
0219 1.9349612083178604e-04 4.0502612178146789e-04
0220 1.9349279750673702e-04 4.0503530723020410e-04
0221 1.9348947401563908e-04 4.0504453007000148e-04
0222 1.9348615035945127e-04 4.0505359817793427e-04
0223 1.9348282653939154e-04 4.0506255409683919e-04
0224 1.9347950255668250e-04 4.0507145053972631e-04
0225 1.9347617841235918e-04 4.0508035272141440e-04
0226 1.9347285410762846e-04 4.0508911926720589e-04
0227 1.9346952964355215e-04 4.0509781043835254e-04
0228 1.9346620502149172e-04 4.0510652755821171e-04
0229 1.9346288024236046e-04 4.0511509081124849e-04
0230 1.9345955530738877e-04 4.0512369402954848e-04
0231 1.9345623021771606e-04 4.0513219673489318e-04
0232 1.9345290497445750e-04 4.0514068206705888e-04
0233 1.9344957957882051e-04 4.0514916753773384e-04
0234 1.9344625403174771e-04 4.0515754594940478e-04
0235 1.9344292833452830e-04 4.0516591760289517e-04
0236 1.9343960248820560e-04 4.0517423888778836e-04
0237 1.9343627649394117e-04 4.0518252438734851e-04
0238 1.9343295035274604e-04 4.0519083848745198e-04
0239 1.9342962406586326e-04 4.0519891096468894e-04
0240 1.9342629763433942e-04 4.0520711733807251e-04
0241 1.9342297105913128e-04 4.0521523320015504e-04
0242 1.9341964434160968e-04 4.0522329768732186e-04
0243 1.9341631748259609e-04 4.0523139734836578e-04
0244 1.9341299048340163e-04 4.0523938436774087e-04
0245 1.9340966334489639e-04 4.0524735211524665e-04
0246 1.9340633606829542e-04 4.0525530491572416e-04
0247 1.9340300865461937e-04 4.0526327899023879e-04
0248 1.9339968110481734e-04 4.0527121510717205e-04
0249 1.9339635342023110e-04 4.0527908449491739e-04
0250 1.9339302560159659e-04 4.0528692183537771e-04
0251 1.9338969765010533e-04 4.0529474390992552e-04
0252 1.9338636956682284e-04 4.0530248821399849e-04
0253 1.9338304135273565e-04 4.0531022874005606e-04
0254 1.9337971300889577e-04 4.0531800884552934e-04
0255 1.9337638453625043e-04 4.0532572106693050e-04
0256 1.9337305593594985e-04 4.0533342934094525e-04
0257 1.9336972720890755e-04 4.0534112823834695e-04
0258 1.9336639835608447e-04 4.0534881026003158e-04
0259 1.9336306937860914e-04 4.0535652052917158e-04
0260 1.9335974027734449e-04 4.0536415982691431e-04
0261 1.9335641105335430e-04 4.0537184056640220e-04
0262 1.9335308170753251e-04 4.0537946421995104e-04
0263 1.9334975224097851e-04 4.0538708636277381e-04
0264 1.9334642265452832e-04 4.0539469310185423e-04
0265 1.9334309294917625e-04 4.0540226938760122e-04
0266 1.9333976312582826e-04 4.0540981859923985e-04
0267 1.9333643318556268e-04 4.0541734914783628e-04
0268 1.9333310312921463e-04 4.0542487282670879e-04
0269 1.9332977295755639e-04 4.0543244454612404e-04
0270 1.9332644267193767e-04 4.0543996691612454e-04
0271 1.9332311227296357e-04 4.0544754552760407e-04
0272 1.9331978176153415e-04 4.0545509520077070e-04
0273 1.9331645113864284e-04 4.0546259146463176e-04
0274 1.9331312040507827e-04 4.0547002717209184e-04
0275 1.9330978956180500e-04 4.0547751370450819e-04
0276 1.9330645860975639e-04 4.0548498397859534e-04
0277 1.9330312754965663e-04 4.0549254749018397e-04
0278 1.9329979638249667e-04 4.0549992466653163e-04
0279 1.9329646510915369e-04 4.0550731816042286e-04
0280 1.9329313373030350e-04 4.0551481180884058e-04
0281 1.9328980224700426e-04 4.0552228978321051e-04
0282 1.9328647065997289e-04 4.0552974222086974e-04
0283 1.9328313897002479e-04 4.0553722849200378e-04
0284 1.9327980717804763e-04 4.0554460785462046e-04
0285 1.9327647528478729e-04 4.0555202456735081e-04
0286 1.9327314329110618e-04 4.0555942031380676e-04
0287 1.9326981119780948e-04 4.0556678995424579e-04
0288 1.9326647900564083e-04 4.0557426399508308e-04
0289 1.9326314671542206e-04 4.0558170843310712e-04
0290 1.9325981432794764e-04 4.0558914052600103e-04
0291 1.9325648184391096e-04 4.0559657804019458e-04
0292 1.9325314926422061e-04 4.0560391219436235e-04
0293 1.9324981658955487e-04 4.0561136368082873e-04
0294 1.9324648382060158e-04 4.0561876602244893e-04
0295 1.9324315095814261e-04 4.0562607508915546e-04
0296 1.9323981800296663e-04 4.0563342804696514e-04
0297 1.9323648495576479e-04 4.0564080875896168e-04
0298 1.9323315181726258e-04 4.0564815921835046e-04
0299 1.9322981858823938e-04 4.0565556929627271e-04
0300 1.9322648526931796e-04 4.0566295165799752e-04
0301 1.9322315186119258e-04 4.0567032203528875e-04
0302 1.9321981836465792e-04 4.0567768366583728e-04
0303 1.9321648478032004e-04 4.0568498444372989e-04
0304 1.9321315110885080e-04 4.0569233944129520e-04
0305 1.9320981735093331e-04 4.0569973303387918e-04
0306 1.9320648350739275e-04 4.0570703882240075e-04
0307 1.9320314957864680e-04 4.0571443908139640e-04
0308 1.9319981556553347e-04 4.0572179921206686e-04
0309 1.9319648146858651e-04 4.0572900389004813e-04
0310 1.9319314728847531e-04 4.0573629093940101e-04
0311 1.9318981302589370e-04 4.0574366293485384e-04
0312 1.9318647868140482e-04 4.0575097908843275e-04
0313 1.9318314425561636e-04 4.0575823270436580e-04
0314 1.9317980974926924e-04 4.0576551272522083e-04
0315 1.9317647516285205e-04 4.0577289347856196e-04
0316 1.9317314049699399e-04 4.0578019081845995e-04
0317 1.9316980575229578e-04 4.0578748335575815e-04
0318 1.9316647092923616e-04 4.0579470175964395e-04
0319 1.9316313602872246e-04 4.0580198501772761e-04
0320 1.9315980105096025e-04 4.0580915588507522e-04
0321 1.9315646599671435e-04 4.0581642936610222e-04
0322 1.9315313086657804e-04 4.0582372659125741e-04
0323 1.9314979566100026e-04 4.0583104600247857e-04
0324 1.9314646038054773e-04 4.0583822510692626e-04
0325 1.9314312502583555e-04 4.0584544344947598e-04
0326 1.9313978959735635e-04 4.0585258998504921e-04
0327 1.9313645409558972e-04 4.0585982804829828e-04
0328 1.9313311852120347e-04 4.0586703501889997e-04
0329 1.9312978287458496e-04 4.0587419103829323e-04
0330 1.9312644715635858e-04 4.0588144192717966e-04
0331 1.9312311136694395e-04 4.0588860389016615e-04
0332 1.9311977550686855e-04 4.0589572402902513e-04
0333 1.9311643957663089e-04 4.0590281030614638e-04
0334 1.9311310357676036e-04 4.0590994211757068e-04
0335 1.9310976750777244e-04 4.0591706972817717e-04
0336 1.9310643137001630e-04 4.0592431226502661e-04
0337 1.9310309516400726e-04 4.0593139638774007e-04
0338 1.9309975889030421e-04 4.0593845300323611e-04
0339 1.9309642254926649e-04 4.0594554610656704e-04
0340 1.9309308614146064e-04 4.0595268682603485e-04
0341 1.9308974966722415e-04 4.0595978849276160e-04
0342 1.9308641312706151e-04 4.0596674193516701e-04
0343 1.9308307652138434e-04 4.0597382501666513e-04
0344 1.9307973985067367e-04 4.0598087005597953e-04
0345 1.9307640311532590e-04 4.0598790346342963e-04
0346 1.9307306631573311e-04 4.0599487445518265e-04
0347 1.9306972945233299e-04 4.0600186237916197e-04
0348 1.9306639252565603e-04 4.0600880644719772e-04
0349 1.9306305553595349e-04 4.0601580516331793e-04
0350 1.9305971848365011e-04 4.0602272129790478e-04
0351 1.9305638136917980e-04 4.0602970223330273e-04
0352 1.9305304419299103e-04 4.0603656335193815e-04
0353 1.9304970695534324e-04 4.0604355321833868e-04
0354 1.9304636965673694e-04 4.0605045808452607e-04
0355 1.9304303229725472e-04 4.0605735321265935e-04
0356 1.9303969487794562e-04 4.0606415174688175e-04
0357 1.9303635739850611e-04 4.0607099128302823e-04
0358 1.9303301985950752e-04 4.0607794330823873e-04
0359 1.9302968226139901e-04 4.0608477121774214e-04
0360 1.9302634460431246e-04 4.0609155534117108e-04
0361 1.9302300688883362e-04 4.0609825730665805e-04
0362 1.9301966911519915e-04 4.0610505537792222e-04
0363 1.9301633128378999e-04 4.0611185217678998e-04
0364 1.9301299339483409e-04 4.0611860371696131e-04
0365 1.9300965544877241e-04 4.0612536202055450e-04
0366 1.9300631744588090e-04 4.0613206258018823e-04
0367 1.9300297938646538e-04 4.0613882834633717e-04
0368 1.9299964127081687e-04 4.0614554844943773e-04
0369 1.9299630309927695e-04 4.0615220970834640e-04
0370 1.9299296487209001e-04 4.0615881347360195e-04
0371 1.9298962658975379e-04 4.0616546512523216e-04
0372 1.9298628825226437e-04 4.0617208751891502e-04
0373 1.9298294986014262e-04 4.0617863938518313e-04
0374 1.9297961141353666e-04 4.0618527235268038e-04
0375 1.9297627291276319e-04 4.0619184545811690e-04
0376 1.9297293435814879e-04 4.0619845129112397e-04
0377 1.9296959574993430e-04 4.0620500017341936e-04
0378 1.9296625708833698e-04 4.0621150494813486e-04
0379 1.9296291837365959e-04 4.0621802580014042e-04
0380 1.9295957960618288e-04 4.0622446712947665e-04
0381 1.9295624078610453e-04 4.0623094461632856e-04
0382 1.9295290191371559e-04 4.0623739492893699e-04
0383 1.9294956298923456e-04 4.0624386309126326e-04
0384 1.9294622401294195e-04 4.0625026147529252e-04
0385 1.9294288498506029e-04 4.0625669504498936e-04
0386 1.9293954590579316e-04 4.0626317961486017e-04
0387 1.9293620677528762e-04 4.0626954982714145e-04
0388 1.9293286759394370e-04 4.0627590040847743e-04
0389 1.9292952836186115e-04 4.0628220791945948e-04
0390 1.9292618907927925e-04 4.0628849522085969e-04
0391 1.9292284974648297e-04 4.0629481181119295e-04
0392 1.9291951036354366e-04 4.0630118808530148e-04
0393 1.9291617093078291e-04 4.0630747846152849e-04
0394 1.9291283144834583e-04 4.0631375585628907e-04
0395 1.9290949191645368e-04 4.0631994991632771e-04
0396 1.9290615233524930e-04 4.0632620623610603e-04
0397 1.9290281270492097e-04 4.0633232247481001e-04
0398 1.9289947302567677e-04 4.0633853041563287e-04
0399 1.9289613329768988e-04 4.0634468236976188e-04
0400 1.9289279352120635e-04 4.0635081048060682e-04
0401 1.9288945369630493e-04 4.0635700717861988e-04
0402 1.9288611382318286e-04 4.0636315038936749e-04
0403 1.9288277390207487e-04 4.0636926251923190e-04
0404 1.9287943393305330e-04 4.0637540972714750e-04
0405 1.9287609391625967e-04 4.0638151050049380e-04
0406 1.9287275385187707e-04 4.0638759555341900e-04
0407 1.9286941374014181e-04 4.0639365487825851e-04
0408 1.9286607358108497e-04 4.0639967553812815e-04
0409 1.9286273337488979e-04 4.0640568381381437e-04
0410 1.9285939312178380e-04 4.0641172110028682e-04
0411 1.9285605282167681e-04 4.0641779032776944e-04
0412 1.9285271247484461e-04 4.0642371303826173e-04
0413 1.9284937208151836e-04 4.0642966862836159e-04
0414 1.9284603164175157e-04 4.0643560567591987e-04
0415 1.9284269115563580e-04 4.0644155234929841e-04
0416 1.9283935062327780e-04 4.0644750219963116e-04
0417 1.9283601004478230e-04 4.0645336751893042e-04
0418 1.9283266942033117e-04 4.0645931961243853e-04
0419 1.9282932874995038e-04 4.0646519409016029e-04
0420 1.9282598803380141e-04 4.0647100355054386e-04
0421 1.9282264727203978e-04 4.0647680815579566e-04
0422 1.9281930646473401e-04 4.0648266594768941e-04
0423 1.9281596561193364e-04 4.0648855560683218e-04
0424 1.9281262471381120e-04 4.0649438566721645e-04
0425 1.9280928377033612e-04 4.0650017110377119e-04
0426 1.9280594278177181e-04 4.0650595921540718e-04
0427 1.9280260174799209e-04 4.0651167459568928e-04
0428 1.9279926066934362e-04 4.0651743372944555e-04
0429 1.9279591954574513e-04 4.0652324004154648e-04
0430 1.9279257837722917e-04 4.0652904305504747e-04
0431 1.9278923716386723e-04 4.0653470288750466e-04
0432 1.9278589590593159e-04 4.0654032057338950e-04
0433 1.9278255460332375e-04 4.0654601437320438e-04
0434 1.9277921325621197e-04 4.0655174580467529e-04
0435 1.9277587186452950e-04 4.0655743501270304e-04
0436 1.9277253042844419e-04 4.0656303212179674e-04
0437 1.9276918894800123e-04 4.0656873449195261e-04
0438 1.9276584742328664e-04 4.0657442791377298e-04
0439 1.9276250585428039e-04 4.0658009538709951e-04
0440 1.9275916424106861e-04 4.0658570460401380e-04
0441 1.9275582258367665e-04 4.0659131685936989e-04
0442 1.9275248088224193e-04 4.0659689925437122e-04
0443 1.9274913913668130e-04 4.0660250408299073e-04
0444 1.9274579734715155e-04 4.0660808749217603e-04
0445 1.9274245551360368e-04 4.0661367825587345e-04
0446 1.9273911363613857e-04 4.0661914347970397e-04
0447 1.9273577171482470e-04 4.0662474607298807e-04
0448 1.9273242974963555e-04 4.0663025135046637e-04
0449 1.9272908774055364e-04 4.0663577243864259e-04
0450 1.9272574568771569e-04 4.0664133983674345e-04
0451 1.9272240359108900e-04 4.0664688406776006e-04
0452 1.9271906145073474e-04 4.0665243021842368e-04
0453 1.9271571926659999e-04 4.0665786855482186e-04
0454 1.9271237703884968e-04 4.0666342121524148e-04
0455 1.9270903476737060e-04 4.0666888020303958e-04
0456 1.9270569245229965e-04 4.0667440051561003e-04
0457 1.9270235009346079e-04 4.0667986874937643e-04
0458 1.9269900769103597e-04 4.0668529962857537e-04
0459 1.9269566524501868e-04 4.0669073065823652e-04
0460 1.9269232275534839e-04 4.0669621445550626e-04
0461 1.9268898022208424e-04 4.0670167437199383e-04
0462 1.9268563764523883e-04 4.0670709865676773e-04
0463 1.9268229502478047e-04 4.0671255097914354e-04
0464 1.9267895236071923e-04 4.0671800592033283e-04
0465 1.9267560965309223e-04 4.0672346179157010e-04
0466 1.9267226690180140e-04 4.0672882414705683e-04
0467 1.9266892410702531e-04 4.0673418158897136e-04
0468 1.9266558126862924e-04 4.0673961450049512e-04
0469 1.9266223838658716e-04 4.0674505742732046e-04
0470 1.9265889546092198e-04 4.0675042833428232e-04
0471 1.9265555249164899e-04 4.0675578367003378e-04
0472 1.9265220947872042e-04 4.0676118500112494e-04
0473 1.9264886642215943e-04 4.0676653248072149e-04
0474 1.9264552332197624e-04 4.0677190368590367e-04
0475 1.9264218017807228e-04 4.0677728403218898e-04
0476 1.9263883699052156e-04 4.0678265487660873e-04
0477 1.9263549375921391e-04 4.0678801868806314e-04
0478 1.9263215048420198e-04 4.0679341694787013e-04
0479 1.9262880716542884e-04 4.0679874701475105e-04
0480 1.9262546380284431e-04 4.0680403097010932e-04
0481 1.9262212039650146e-04 4.0680939658419658e-04
0482 1.9261877694630951e-04 4.0681468521806808e-04
0483 1.9261543345224942e-04 4.0682011225334124e-04
0484 1.9261208991438249e-04 4.0682542008528257e-04
0485 1.9260874633257152e-04 4.0683066941814955e-04
0486 1.9260540270678531e-04 4.0683608306462272e-04
0487 1.9260205903706611e-04 4.0684147538912468e-04
0488 1.9259871532332563e-04 4.0684688153464735e-04
0489 1.9259537156551224e-04 4.0685208339825654e-04
0490 1.9259202776368965e-04 4.0685735468317600e-04
0491 1.9258868391769683e-04 4.0686273421113045e-04
0492 1.9258534002750209e-04 4.0686801689980090e-04
0493 1.9258199609319926e-04 4.0687330618049012e-04
0494 1.9257865211451308e-04 4.0687862058045308e-04
0495 1.9257530809169542e-04 4.0688389494517187e-04
0496 1.9257196402460702e-04 4.0688919295118255e-04
0497 1.9256861991303085e-04 4.0689453933917330e-04
0498 1.9256527575712377e-04 4.0689987834870725e-04
0499 1.9256193155671095e-04 4.0690514517108641e-04
0500 1.9255858731177005e-04 4.0691040196048071e-04
0501 1.9255524302229843e-04 4.0691570527668947e-04
0502 1.9255189868824804e-04 4.0692094488006743e-04
0503 1.9254855430956972e-04 4.0692623878588191e-04
0504 1.9254520988622352e-04 4.0693149554164312e-04
0505 1.9254186541807714e-04 4.0693688893128974e-04
0506 1.9253852090510721e-04 4.0694218746670680e-04
0507 1.9253517634732872e-04 4.0694743428559295e-04
0508 1.9253183174462686e-04 4.0695278693628472e-04
0509 1.9252848709691683e-04 4.0695807175667836e-04
0510 1.9252514240418188e-04 4.0696334888217807e-04
0511 1.9252179766638715e-04 4.0696858710926004e-04
0512 1.9251845288347589e-04 4.0697389588050133e-04
0513 1.9251510805532286e-04 4.0697911277208325e-04
0514 1.9251176318194090e-04 4.0698440414167438e-04
0515 1.9250841826318364e-04 4.0698965821431537e-04
0516 1.9250507329911942e-04 4.0699493081465207e-04
0517 1.9250172828962455e-04 4.0700027116356564e-04
0518 1.9249838323459088e-04 4.0700553960663113e-04
0519 1.9249503813397251e-04 4.0701084686817191e-04
0520 1.9249169298777235e-04 4.0701599692257974e-04
0521 1.9248834779579763e-04 4.0702133372881117e-04
0522 1.9248500255821300e-04 4.0702662131286433e-04
0523 1.9248165727468416e-04 4.0703194916465575e-04
0524 1.9247831194521195e-04 4.0703721051603555e-04
0525 1.9247496656988670e-04 4.0704249695845842e-04
0526 1.9247162114853695e-04 4.0704772668474483e-04
0527 1.9246827568109490e-04 4.0705303233084774e-04
0528 1.9246493016744724e-04 4.0705833934885085e-04
0529 1.9246158460752894e-04 4.0706363639938809e-04
0530 1.9245823900129329e-04 4.0706885283151034e-04
0531 1.9245489334876925e-04 4.0707407354297200e-04
0532 1.9245154764976154e-04 4.0707933757845257e-04
0533 1.9244820190426055e-04 4.0708460350377760e-04
0534 1.9244485611211997e-04 4.0708988357964507e-04
0535 1.9244151027334881e-04 4.0709521221399210e-04
0536 1.9243816438783661e-04 4.0710044730692655e-04
0537 1.9243481845551203e-04 4.0710577691662213e-04
0538 1.9243147247631514e-04 4.0711105975730879e-04
0539 1.9242812645023499e-04 4.0711635208308270e-04
0540 1.9242478037699001e-04 4.0712159277852904e-04
0541 1.9242143425670524e-04 4.0712679632533738e-04
0542 1.9241808808920409e-04 4.0713204413293628e-04
0543 1.9241474187447967e-04 4.0713728256175981e-04
0544 1.9241139561238158e-04 4.0714262861092551e-04
0545 1.9240804930300721e-04 4.0714792181026577e-04
0546 1.9240470294599104e-04 4.0715325898291318e-04
0547 1.9240135654148639e-04 4.0715842987457259e-04
0548 1.9239801008929342e-04 4.0716369373049416e-04
0549 1.9239466358938846e-04 4.0716898921722139e-04
0550 1.9239131704170995e-04 4.0717423282813855e-04
0551 1.9238797044615944e-04 4.0717954188356832e-04
0552 1.9238462380257265e-04 4.0718479409732885e-04
0553 1.9238127711112123e-04 4.0719003265810613e-04
0554 1.9237793037137990e-04 4.0719533053654991e-04
0555 1.9237458358349935e-04 4.0720056133088903e-04
0556 1.9237123674733619e-04 4.0720578718064912e-04
0557 1.9236788986286103e-04 4.0721107948941368e-04
0558 1.9236454292986712e-04 4.0721640155100584e-04
0559 1.9236119594848473e-04 4.0722160207504616e-04
0560 1.9235784891848370e-04 4.0722692811126184e-04
0561 1.9235450183970694e-04 4.0723222290133508e-04
0562 1.9235115471223426e-04 4.0723746236045463e-04
0563 1.9234780753591400e-04 4.0724273303563272e-04
0564 1.9234446031067659e-04 4.0724800909444674e-04
0565 1.9234111303639045e-04 4.0725325046090489e-04
0566 1.9233776571302768e-04 4.0725844396877827e-04
0567 1.9233441834052228e-04 4.0726368475624313e-04
0568 1.9233107091873986e-04 4.0726898325025511e-04
0569 1.9232772344772922e-04 4.0727418212188599e-04
0570 1.9232437592720295e-04 4.0727940986166411e-04
0571 1.9232102835720725e-04 4.0728465728231402e-04
0572 1.9231768073761985e-04 4.0728988175550647e-04
0573 1.9231433306842090e-04 4.0729509897454141e-04
0574 1.9231098534937816e-04 4.0730033881401496e-04
0575 1.9230763758059605e-04 4.0730565641433815e-04
0576 1.9230428976190292e-04 4.0731092133101395e-04
0577 1.9230094189314880e-04 4.0731616069880557e-04
0578 1.9229759397439137e-04 4.0732140535077414e-04
0579 1.9229424600544448e-04 4.0732662860781425e-04
0580 1.9229089798620074e-04 4.0733194298005166e-04
0581 1.9228754991670530e-04 4.0733704958686317e-04
0582 1.9228420179679513e-04 4.0734229818724371e-04
0583 1.9228085362634631e-04 4.0734762016366599e-04
0584 1.9227750540538210e-04 4.0735282960912780e-04
0585 1.9227415713369438e-04 4.0735800835662607e-04
0586 1.9227080881123408e-04 4.0736330698212266e-04
0587 1.9226746043802739e-04 4.0736843204183749e-04
0588 1.9226411201391059e-04 4.0737373117733498e-04
0589 1.9226076353867977e-04 4.0737892053433134e-04
0590 1.9225741501252008e-04 4.0738413742110130e-04
0591 1.9225406643504114e-04 4.0738935744708444e-04
0592 1.9225071780652449e-04 4.0739453856675618e-04
0593 1.9224736912648170e-04 4.0739983045826245e-04
0594 1.9224402039510658e-04 4.0740502220297303e-04
0595 1.9224067161225874e-04 4.0741018619152685e-04
0596 1.9223732277780047e-04 4.0741541470746417e-04
0597 1.9223397389159789e-04 4.0742062788971198e-04
0598 1.9223062495373717e-04 4.0742571471546199e-04
0599 1.9222727596403626e-04 4.0743101811110369e-04
0600 1.9222392692236877e-04 4.0743616339387537e-04
