# step du_rel dp_rel
# u_rtol 1.0000000000000000e-04
# p_rtol 1.0000000000000000e-03
0001 1.8139148156509643e-04 3.4591220614093739e-03
0002 1.8138770923362179e-04 3.2870414749127568e-03
0003 1.8138396671414531e-04 3.1078430972716203e-03
0004 1.8138024166349911e-04 2.9256640096640128e-03
0005 1.8137652706021307e-04 2.7438540459479529e-03
0006 1.8137281898071371e-04 2.5650747191554237e-03
0007 1.8136911528445054e-04 2.3913950132150828e-03
0008 1.8136541484044434e-04 2.2243804679486765e-03
0009 1.8136171707587096e-04 2.0651733698381202e-03
0010 1.8135802171588390e-04 1.9145640931787244e-03
0011 1.8135432863558665e-04 1.7730533614359557e-03
0012 1.8135063777793755e-04 1.6409058751741543e-03
0013 1.8134694911002252e-04 1.5181961883496558e-03
0014 1.8134326260116346e-04 1.4048474027247254e-03
0015 1.8133957821274139e-04 1.3006636747625719e-03
0016 1.8133589589503670e-04 1.2053571240766550e-03
0017 1.8133221558750128e-04 1.1185701159117923e-03
0018 1.8132853721995840e-04 1.0398934208227259e-03
0019 1.8132486071509096e-04 9.6888088021948669e-04
0020 1.8132118599063985e-04 9.0506153982460708e-04
0021 1.8131751296115718e-04 8.4794954233393988e-04
0022 1.8131384154008206e-04 7.9705233160391265e-04
0023 1.8131017164084974e-04 7.5187752592117854e-04
0024 1.8130650317817483e-04 7.1193897316020624e-04
0025 1.8130283606880858e-04 6.7676229584982253e-04
0026 1.8129917023219610e-04 6.4588940478706267e-04
0027 1.8129550559082877e-04 6.1888290524340396e-04
0028 1.8129184207064280e-04 5.9532962245728810e-04
0029 1.8128817960104198e-04 5.7484338976979696e-04
0030 1.8128451811508516e-04 5.5706715656371800e-04
0031 1.8128085754945641e-04 5.4167406326994464e-04
0032 1.8127719784435430e-04 5.2836782816232460e-04
0033 1.8127353894354062e-04 5.1688232932679725e-04
0034 1.8126988079404015e-04 5.0698031252671173e-04
0035 1.8126622334623386e-04 4.9845191381230069e-04
0036 1.8126256655348093e-04 4.9111259008099105e-04
0037 1.8125891037207024e-04 4.8480089826156265e-04
0038 1.8125525476109518e-04 4.7937618062451453e-04
0039 1.8125159968230693e-04 4.7471635564324313e-04
0040 1.8124794509984471e-04 4.7071569788364586e-04
0041 1.8124429098021768e-04 4.6728280729936762e-04
0042 1.8124063729206688e-04 4.6433879257741511e-04
0043 1.8123698400605994e-04 4.6181560461827843e-04
0044 1.8123333109492995e-04 4.5965459384581864e-04
0045 1.8122967853287039e-04 4.5780516207738318e-04
0046 1.8122602629598524e-04 4.5622369658038903e-04
0047 1.8122237436177339e-04 4.5487261301569598e-04
0048 1.8121872270928594e-04 4.5371951713202985e-04
0049 1.8121507131886784e-04 4.5273642538183189e-04
0050 1.8121142017211365e-04 4.5189926615204812e-04
0051 1.8120776925170673e-04 4.5118724292962713e-04
0052 1.8120411854148457e-04 4.5058242489466290e-04
0053 1.8120046802632805e-04 4.5006944294811936e-04
0054 1.8119681769189104e-04 4.4963496060649368e-04
0055 1.8119316752481128e-04 4.4926757439595403e-04
0056 1.8118951751266085e-04 4.4895747286069661e-04
0057 1.8118586764345252e-04 4.4869619289949781e-04
0058 1.8118221790619282e-04 4.4847653064120584e-04
0059 1.8117856829028551e-04 4.4829225460527603e-04
0060 1.8117491878588674e-04 4.4813809250924771e-04
0061 1.8117126938377073e-04 4.4800952249157580e-04
0062 1.8116762007504435e-04 4.4790263435889546e-04
0063 1.8116397085147362e-04 4.4781423108125563e-04
0064 1.8116032170514582e-04 4.4774147055719074e-04
0065 1.8115667262870024e-04 4.4768197479313647e-04
0066 1.8115302361510372e-04 4.4763377842724342e-04
0067 1.8114937465767443e-04 4.4759517681838422e-04
0068 1.8114572575009393e-04 4.4756475306787142e-04
0069 1.8114207688641105e-04 4.4754126688868458e-04
0070 1.8113842806088214e-04 4.4752372481743379e-04
0071 1.8113477926809472e-04 4.4751126254764573e-04
0072 1.8113113050299107e-04 4.4750318490775537e-04
0073 1.8112748176058903e-04 4.4749890284832090e-04
0074 1.8112383303627448e-04 4.4749789411221069e-04
0075 1.8112018432551316e-04 4.4749973042211718e-04
0076 1.8111653562419538e-04 4.4750405369153022e-04
0077 1.8111288692814820e-04 4.4751057175563196e-04
0078 1.8110923823360661e-04 4.4751903284599059e-04
0079 1.8110558953685389e-04 4.4752923347232904e-04
0080 1.8110194083430060e-04 4.4754095686419900e-04
0081 1.8109829212257511e-04 4.4755407953832690e-04
0082 1.8109464339855730e-04 4.4756845532822903e-04
0083 1.8109099465903308e-04 4.4758395250131603e-04
0084 1.8108734590099965e-04 4.4760048523330572e-04
0085 1.8108369712168385e-04 4.4761794515441045e-04
0086 1.8108004831836460e-04 4.4763626503189292e-04
0087 1.8107639948831822e-04 4.4765538155634618e-04
0088 1.8107275062915668e-04 4.4767518507714694e-04
0089 1.8106910173831093e-04 4.4769567356215908e-04
0090 1.8106545281357326e-04 4.4771675327078252e-04
0091 1.8106180385263023e-04 4.4773836039857577e-04
0092 1.8105815485334282e-04 4.4776047016862480e-04
0093 1.8105450581358629e-04 4.4778300056421804e-04
0094 1.8105085673149235e-04 4.4780595009401931e-04
0095 1.8104720760497880e-04 4.4782927759597660e-04
0096 1.8104355843231548e-04 4.4785292696135099e-04
0097 1.8103990921158598e-04 4.4787682460929057e-04
0098 1.8103625994114175e-04 4.4790096725731693e-04
0099 1.8103261061934277e-04 4.4792531651950278e-04
0100 1.8102896124447474e-04 4.4794985118967024e-04
0101 1.8102531181509113e-04 4.4797452871225227e-04
0102 1.8102166232957737e-04 4.4799930118280290e-04
0103 1.8101801278662353e-04 4.4802417415696965e-04
0104 1.8101436318468847e-04 4.4804909643599066e-04
0105 1.8101071352248310e-04 4.4807405483831100e-04
0106 1.8100706379870735e-04 4.4809901539440931e-04
0107 1.8100341401207305e-04 4.4812395624567046e-04
0108 1.8099976416136623e-04 4.4814884488872191e-04
0109 1.8099611424536664e-04 4.4817370176583897e-04
0110 1.8099246426296574e-04 4.4819845886229427e-04
0111 1.8098881421298990e-04 4.4822312171221288e-04
0112 1.8098516409447042e-04 4.4824767932614528e-04
0113 1.8098151390630459e-04 4.4827209560793552e-04
0114 1.8097786364742693e-04 4.4829637253979734e-04
0115 1.8097421331694964e-04 4.4832048385875839e-04
0116 1.8097056291390724e-04 4.4834442200375376e-04
0117 1.8096691243734100e-04 4.4836818909979294e-04
0118 1.8096326188639793e-04 4.4839175938976816e-04
0119 1.8095961126021463e-04 4.4841512518119513e-04
0120 1.8095596055792772e-04 4.4843826940410114e-04
0121 1.8095230977880684e-04 4.4846118110778674e-04
0122 1.8094865892196718e-04 4.4848387759852343e-04
0123 1.8094500798677325e-04 4.4850633791532776e-04
0124 1.8094135697235860e-04 4.4852855059024875e-04
0125 1.8093770587814588e-04 4.4855052082581372e-04
0126 1.8093405470330891e-04 4.4857220692197429e-04
0127 1.8093040344735773e-04 4.4859364827673747e-04
0128 1.8092675210951349e-04 4.4861482510279280e-04
0129 1.8092310068921507e-04 4.4863574448117329e-04
0130 1.8091944918574481e-04 4.4865637396380737e-04
0131 1.8091579759868306e-04 4.4867674266833949e-04
0132 1.8091214592745792e-04 4.4869682212413201e-04
0133 1.8090849417138783e-04 4.4871660995229103e-04
0134 1.8090484233006568e-04 4.4873612905229666e-04
0135 1.8090119040290681e-04 4.4875537187573085e-04
0136 1.8089753838950305e-04 4.4877430738551275e-04
0137 1.8089388628930169e-04 4.4879295731645630e-04
0138 1.8089023410193978e-04 4.4881132017336186e-04
0139 1.8088658182690298e-04 4.4882939662430191e-04
0140 1.8088292946370912e-04 4.4884719235238895e-04
0141 1.8087927701211504e-04 4.4886468195581977e-04
0142 1.8087562447162333e-04 4.4888189114867752e-04
0143 1.8087197184181778e-04 4.4889879446696301e-04
0144 1.8086831912248507e-04 4.4891541572957222e-04
0145 1.8086466631310501e-04 4.4893173953912624e-04
0146 1.8086101341349526e-04 4.4894778122307294e-04
0147 1.8085736042319951e-04 4.4896353112228675e-04
0148 1.8085370734201832e-04 4.4897899972805603e-04
0149 1.8085005416959292e-04 4.4899418198506610e-04
0150 1.8084640090564779e-04 4.4900907487884721e-04
0151 1.8084274754991592e-04 4.4902367596146530e-04
0152 1.8083909410210029e-04 4.4903798872683294e-04
0153 1.8083544056208384e-04 4.4905201614504144e-04
0154 1.8083178692955389e-04 4.4906576628577188e-04
0155 1.8082813320426260e-04 4.4907925274779645e-04
0156 1.8082447938602496e-04 4.4909247280139911e-04
0157 1.8082082547464667e-04 4.4910540241771616e-04
0158 1.8081717146995735e-04 4.4911805991452081e-04
0159 1.8081351737171667e-04 4.4913043117562413e-04
0160 1.8080986317981943e-04 4.4914255045211317e-04
0161 1.8080620889407141e-04 4.4915439706939901e-04
0162 1.8080255451433100e-04 4.4916597790154686e-04
0163 1.8079890004049816e-04 4.4917730247197632e-04
0164 1.8079524547237147e-04 4.4918837339482813e-04
0165 1.8079159080992629e-04 4.4919918649177271e-04
0166 1.8078793605290854e-04 4.4920974187630421e-04
0167 1.8078428120135132e-04 4.4922004128278618e-04
0168 1.8078062625504659e-04 4.4923009528232219e-04
0169 1.8077697121405217e-04 4.4923989179686220e-04
0170 1.8077331607817203e-04 4.4924945153114579e-04
0171 1.8076966084733473e-04 4.4925877173100502e-04
0172 1.8076600552155463e-04 4.4926785684169503e-04
0173 1.8076235010072803e-04 4.4927669187579198e-04
0174 1.8075869458477717e-04 4.4928530581667196e-04
0175 1.8075503897373277e-04 4.4929369210154645e-04
0176 1.8075138326745463e-04 4.4930184008531331e-04
0177 1.8074772746598189e-04 4.4930977878960150e-04
0178 1.8074407156930280e-04 4.4931749970520942e-04
0179 1.8074041557733606e-04 4.4932498419035733e-04
0180 1.8073675949018380e-04 4.4933225376603058e-04
0181 1.8073310330773214e-04 4.4933933715840389e-04
0182 1.8072944702996870e-04 4.4934619276239414e-04
0183 1.8072579065696800e-04 4.4935286643253285e-04
0184 1.8072213418872187e-04 4.4935933569971280e-04
0185 1.8071847762522186e-04 4.4936559229804787e-04
0186 1.8071482096648235e-04 4.4937165482936614e-04
0187 1.8071116421254749e-04 4.4937751393439037e-04
0188 1.8070750736340119e-04 4.4938320637464820e-04
0189 1.8070385041915509e-04 4.4938869100283373e-04
0190 1.8070019337970881e-04 4.4939401302003713e-04
0191 1.8069653624526655e-04 4.4939914673290047e-04
0192 1.8069287901570285e-04 4.4940411949005921e-04
0193 1.8068922169120792e-04 4.4940890819647684e-04
0194 1.8068556427170009e-04 4.4941350911909960e-04
0195 1.8068190675727492e-04 4.4941795684226229e-04
0196 1.8067824914802061e-04 4.4942224062662712e-04
0197 1.8067459144394089e-04 4.4942636864547233e-04
0198 1.8067093364513496e-04 4.4943033074316399e-04
0199 1.8066727575161403e-04 4.4943413691928626e-04
0200 1.8066361776344358e-04 4.4943781045957419e-04
0201 1.8065995968072183e-04 4.4944134328915553e-04
0202 1.8065630150344313e-04 4.4944470210796000e-04
0203 1.8065264323174402e-04 4.4944794520355931e-04
0204 1.8064898486562172e-04 4.4945103432355508e-04
0205 1.8064532640516456e-04 4.4945399497568181e-04
0206 1.8064166785046893e-04 4.4945680492244433e-04
0207 1.8063800920164194e-04 4.4945949321174183e-04
0208 1.8063435045859459e-04 4.4946206852029884e-04
0209 1.8063069162147188e-04 4.4946451458952182e-04
0210 1.8062703269041604e-04 4.4946683859402125e-04
0211 1.8062337366538225e-04 4.4946905721164664e-04
0212 1.8061971454650860e-04 4.4947116310095056e-04
0213 1.8061605533378831e-04 4.4947315018566277e-04
0214 1.8061239602733928e-04 4.4947503350319963e-04
0215 1.8060873662723064e-04 4.4947679328141655e-04
0216 1.8060507713347517e-04 4.4947845723251352e-04
0217 1.8060141754617866e-04 4.4948002668965086e-04
0218 1.8059775786547015e-04 4.4948148676237634e-04
0219 1.8059409809124751e-04 4.4948286497080122e-04
0220 1.8059043822370662e-04 4.4948416471722152e-04
0221 1.8058677826281178e-04 4.4948534582326180e-04
0222 1.8058311820868880e-04 4.4948645289046881e-04
0223 1.8057945806130700e-04 4.4948746362502535e-04
0224 1.8057579782075235e-04 4.4948841322131324e-04
0225 1.8057213748715983e-04 4.4948925883365716e-04
0226 1.8056847706048078e-04 4.4949005642197157e-04
0227 1.8056481654081855e-04 4.4949076928928829e-04
0228 1.8056115592808989e-04 4.4949139075535640e-04
0229 1.8055749522252900e-04 4.4949197221631597e-04
0230 1.8055383442400362e-04 4.4949246493731186e-04
0231 1.8055017353263184e-04 4.4949290095037779e-04
0232 1.8054651254842494e-04 4.4949326487781220e-04
0233 1.8054285147145994e-04 4.4949357596025635e-04
0234 1.8053919030165051e-04 4.4949383021854688e-04
0235 1.8053552903915700e-04 4.4949401620136337e-04
0236 1.8053186768386933e-04 4.4949414055481945e-04
0237 1.8052820623587379e-04 4.4949422285078301e-04
0238 1.8052454469519327e-04 4.4949426089866014e-04
0239 1.8052088306182252e-04 4.4949423492691352e-04
0240 1.8051722133573337e-04 4.4949416799590483e-04
0241 1.8051355951697313e-04 4.4949404891574991e-04
0242 1.8050989760549802e-04 4.4949390508242955e-04
0243 1.8050623560129990e-04 4.4949370631852816e-04
0244 1.8050257350447004e-04 4.4949348337417871e-04
0245 1.8049891131489021e-04 4.4949320938102470e-04
0246 1.8049524903259736e-04 4.4949289534085572e-04
0247 1.8049158665754073e-04 4.4949254626165842e-04
0248 1.8048792418972893e-04 4.4949217113109742e-04
0249 1.8048426162906776e-04 4.4949174846435792e-04
0250 1.8048059897556905e-04 4.4949130308283460e-04
0251 1.8047693622924373e-04 4.4949081523124328e-04
0252 1.8047327338993017e-04 4.4949029416216818e-04
0253 1.8046961045768955e-04 4.4948977549427044e-04
0254 1.8046594743244314e-04 4.4948922300516204e-04
0255 1.8046228431414807e-04 4.4948865057177999e-04
0256 1.8045862110272309e-04 4.4948804124665052e-04
0257 1.8045495779810654e-04 4.4948742323776736e-04
0258 1.8045129440030691e-04 4.4948677219647216e-04
0259 1.8044763090908065e-04 4.4948612832145814e-04
0260 1.8044396732452345e-04 4.4948543649352553e-04
0261 1.8044030364646306e-04 4.4948473403576912e-04
0262 1.8043663987495214e-04 4.4948401714875214e-04
0263 1.8043297600963540e-04 4.4948327052267466e-04
0264 1.8042931205066611e-04 4.4948252231554473e-04
0265 1.8042564799784422e-04 4.4948174070829006e-04
0266 1.8042198385107651e-04 4.4948096113048156e-04
0267 1.8041831961029714e-04 4.4948018525198968e-04
0268 1.8041465527544084e-04 4.4947939386191132e-04
0269 1.8041099084624798e-04 4.4947858044254289e-04
0270 1.8040732632265937e-04 4.4947776593804426e-04
0271 1.8040366170460695e-04 4.4947694467772627e-04
0272 1.8039999699196005e-04 4.4947611213071224e-04
0273 1.8039633218448742e-04 4.4947525759696672e-04
0274 1.8039266728213347e-04 4.4947438859536146e-04
0275 1.8038900228474911e-04 4.4947353044412388e-04
0276 1.8038533719220818e-04 4.4947266049709053e-04
0277 1.8038167200439350e-04 4.4947178323704657e-04
0278 1.8037800672106348e-04 4.4947091542712645e-04
0279 1.8037434134213800e-04 4.4947003503067621e-04
0280 1.8037067586735965e-04 4.4946914116072886e-04
0281 1.8036701029670480e-04 4.4946823614125077e-04
0282 1.8036334462993349e-04 4.4946732960380193e-04
0283 1.8035967886681931e-04 4.4946643437583249e-04
0284 1.8035601300729823e-04 4.4946552986179406e-04
0285 1.8035234705115425e-04 4.4946462593755451e-04
0286 1.8034868099810636e-04 4.4946368787509200e-04
0287 1.8034501484815252e-04 4.4946278283987189e-04
0288 1.8034134860102290e-04 4.4946186488121104e-04
0289 1.8033768225645972e-04 4.4946095093207467e-04
0290 1.8033401581437451e-04 4.4946004070909706e-04
0291 1.8033034927444964e-04 4.4945911545166058e-04
0292 1.8032668263657278e-04 4.4945819403105649e-04
0293 1.8032301590056215e-04 4.4945726844457864e-04
0294 1.8031934906628813e-04 4.4945632609949765e-04
0295 1.8031568213305659e-04 4.4945537329135201e-04
0296 1.8031201510122446e-04 4.4945445401150722e-04
0297 1.8030834797035959e-04 4.4945351636635429e-04
0298 1.8030468074027445e-04 4.4945258055672491e-04
0299 1.8030101341068121e-04 4.4945164401545779e-04
0300 1.8029734598141832e-04 4.4945071104445747e-04
0301 1.8029367845222600e-04 4.4944976789942757e-04
0302 1.8029001082290073e-04 4.4944881288315941e-04
0303 1.8028634309318940e-04 4.4944786266726456e-04
0304 1.8028267526288167e-04 4.4944692173884768e-04
0305 1.8027900733167537e-04 4.4944596302692478e-04
0306 1.8027533929938083e-04 4.4944498943316275e-04
0307 1.8027167116581690e-04 4.4944402272301207e-04
0308 1.8026800293065840e-04 4.4944306713381912e-04
0309 1.8026433459368183e-04 4.4944210764237097e-04
0310 1.8026066615458623e-04 4.4944113418843973e-04
0311 1.8025699761323405e-04 4.4944016372545085e-04
0312 1.8025332896933109e-04 4.4943920310783767e-04
0313 1.8024966022253024e-04 4.4943821484154942e-04
0314 1.8024599137274303e-04 4.4943725037935767e-04
0315 1.8024232241957989e-04 4.4943623884721051e-04
0316 1.8023865336291156e-04 4.4943524621199858e-04
0317 1.8023498420241288e-04 4.4943423644314872e-04
0318 1.8023131493777078e-04 4.4943323827603638e-04
0319 1.8022764556880515e-04 4.4943223410500078e-04
0320 1.8022397609524719e-04 4.4943121580039614e-04
0321 1.8022030651680221e-04 4.4943020143997458e-04
0322 1.8021663683319728e-04 4.4942917253680618e-04
0323 1.8021296704421867e-04 4.4942814062407725e-04
0324 1.8020929714961917e-04 4.4942709584577074e-04
0325 1.8020562714904842e-04 4.4942605424730527e-04
0326 1.8020195704232200e-04 4.4942498955895184e-04
0327 1.8019828682917644e-04 4.4942391981097306e-04
0328 1.8019461650927040e-04 4.4942285142783031e-04
0329 1.8019094608240873e-04 4.4942176563702424e-04
0330 1.8018727554835592e-04 4.4942067361580015e-04
0331 1.8018360490672361e-04 4.4941957527735543e-04
0332 1.8017993415733635e-04 4.4941847654258495e-04
0333 1.8017626329988926e-04 4.4941738827369105e-04
0334 1.8017259233420565e-04 4.4941627602145939e-04
0335 1.8016892125992870e-04 4.4941513169809529e-04
0336 1.8016525007682460e-04 4.4941398220735507e-04
0337 1.8016157878458322e-04 4.4941281975454891e-04
0338 1.8015790738305681e-04 4.4941163732794388e-04
0339 1.8015423587182681e-04 4.4941045058786956e-04
0340 1.8015056425075559e-04 4.4940927311051338e-04
0341 1.8014689251952368e-04 4.4940806512582817e-04
0342 1.8014322067789847e-04 4.4940684546804726e-04
0343 1.8013954872557513e-04 4.4940563828591441e-04
0344 1.8013587666232021e-04 4.4940439861433759e-04
0345 1.8013220448785620e-04 4.4940314779029375e-04
0346 1.8012853220198118e-04 4.4940187665893570e-04
0347 1.8012485980439002e-04 4.4940061085949919e-04
0348 1.8012118729485044e-04 4.4939930073108740e-04
0349 1.8011751467307001e-04 4.4939800452250194e-04
0350 1.8011384193878903e-04 4.4939666482591482e-04
0351 1.8011016909177098e-04 4.4939532071811082e-04
0352 1.8010649613182483e-04 4.4939397178736013e-04
0353 1.8010282305861079e-04 4.4939260874161474e-04
0354 1.8009914987187776e-04 4.4939122853067187e-04
0355 1.8009547657148208e-04 4.4938983204615795e-04
0356 1.8009180315708842e-04 4.4938841774530585e-04
0357 1.8008812962845070e-04 4.4938699398836679e-04
0358 1.8008445598531364e-04 4.4938553795617695e-04
0359 1.8008078222753052e-04 4.4938407672969968e-04
0360 1.8007710835474348e-04 4.4938258700862862e-04
0361 1.8007343436670238e-04 4.4938108328394007e-04
0362 1.8006976026331719e-04 4.4937957204250963e-04
0363 1.8006608604424900e-04 4.4937805475599065e-04
0364 1.8006241170922602e-04 4.4937651522511748e-04
0365 1.8005873725805740e-04 4.4937493807249181e-04
0366 1.8005506269055604e-04 4.4937335857094110e-04
0367 1.8005138800641015e-04 4.4937177676865938e-04
0368 1.8004771320540830e-04 4.4937015951272794e-04
0369 1.8004403828735641e-04 4.4936850546321947e-04
0370 1.8004036325203695e-04 4.4936685293630007e-04
0371 1.8003668809914652e-04 4.4936518369867310e-04
0372 1.8003301282857142e-04 4.4936348294901166e-04
0373 1.8002933743998967e-04 4.4936178464646798e-04
0374 1.8002566193325452e-04 4.4936004454962131e-04
0375 1.8002198630807443e-04 4.4935830443736238e-04
0376 1.8001831056434897e-04 4.4935654733125712e-04
0377 1.8001463470166843e-04 4.4935475281266844e-04
0378 1.8001095872007431e-04 4.4935294868890372e-04
0379 1.8000728261917729e-04 4.4935112021554397e-04
0380 1.8000360639879398e-04 4.4934928031879431e-04
0381 1.7999993005876210e-04 4.4934742027663837e-04
0382 1.7999625359883470e-04 4.4934552520129259e-04
0383 1.7999257701881957e-04 4.4934363643837888e-04
0384 1.7998890031858613e-04 4.4934171691946679e-04
0385 1.7998522349783828e-04 4.4933977417120743e-04
0386 1.7998154655637143e-04 4.4933782643835429e-04
0387 1.7997786949399249e-04 4.4933583803495402e-04
0388 1.7997419231057169e-04 4.4933384942188261e-04
0389 1.7997051500593183e-04 4.4933181805940534e-04
0390 1.7996683757977950e-04 4.4932979962173433e-04
0391 1.7996316003199482e-04 4.4932773869518452e-04
0392 1.7995948236233680e-04 4.4932567914953548e-04
0393 1.7995580457058803e-04 4.4932358559281139e-04
0394 1.7995212665675042e-04 4.4932147732164144e-04
0395 1.7994844862044719e-04 4.4931933516464652e-04
0396 1.7994477046155707e-04 4.4931717375582746e-04
0397 1.7994109217990350e-04 4.4931500333992783e-04
0398 1.7993741377532701e-04 4.4931283100064649e-04
0399 1.7993373524760711e-04 4.4931063041518633e-04
0400 1.7993005659658597e-04 4.4930841341356671e-04
0401 1.7992637782208141e-04 4.4930618234098379e-04
0402 1.7992269892392720e-04 4.4930392429764956e-04
0403 1.7991901990194403e-04 4.4930162806623860e-04
0404 1.7991534075596075e-04 4.4929933704074260e-04
0405 1.7991166148587464e-04 4.4929703655749204e-04
0406 1.7990798209137934e-04 4.4929471230510144e-04
0407 1.7990430257236537e-04 4.4929235205481570e-04
0408 1.7990062292877416e-04 4.4928999026034531e-04
0409 1.7989694316025568e-04 4.4928760660601741e-04
0410 1.7989326326680295e-04 4.4928521071120137e-04
0411 1.7988958324821036e-04 4.4928278560701527e-04
0412 1.7988590310426966e-04 4.4928036277118850e-04
0413 1.7988222283481315e-04 4.4927791650854174e-04
0414 1.7987854243969821e-04 4.4927544421325186e-04
0415 1.7987486191884864e-04 4.4927297955165514e-04
0416 1.7987118127200214e-04 4.4927048037671647e-04
0417 1.7986750049911053e-04 4.4926797068240505e-04
0418 1.7986381959987372e-04 4.4926542457223481e-04
0419 1.7986013857415961e-04 4.4926287396047877e-04
0420 1.7985645742199050e-04 4.4926031791363134e-04
0421 1.7985277614302137e-04 4.4925776084190570e-04
0422 1.7984909473718681e-04 4.4925517218104576e-04
0423 1.7984541320429352e-04 4.4925256965891897e-04
0424 1.7984173154420705e-04 4.4924994925675012e-04
0425 1.7983804975680068e-04 4.4924730471308615e-04
0426 1.7983436784192730e-04 4.4924465391203710e-04
0427 1.7983068579940863e-04 4.4924201239209601e-04
0428 1.7982700362906206e-04 4.4923934466481333e-04
0429 1.7982332133084053e-04 4.4923664933798767e-04
0430 1.7981963890448911e-04 4.4923394094004902e-04
0431 1.7981595634989627e-04 4.4923124304479292e-04
0432 1.7981227366698529e-04 4.4922849601161099e-04
0433 1.7980859085554659e-04 4.4922575204220627e-04
0434 1.7980490791539804e-04 4.4922301402427556e-04
0435 1.7980122484646168e-04 4.4922024941305592e-04
0436 1.7979754164856152e-04 4.4921747621962056e-04
0437 1.7979385832153725e-04 4.4921468962237675e-04
0438 1.7979017486532476e-04 4.4921188768285000e-04
0439 1.7978649127968347e-04 4.4920908272078817e-04
0440 1.7978280756445451e-04 4.4920626517049240e-04
0441 1.7977912371959273e-04 4.4920344676611902e-04
0442 1.7977543974490745e-04 4.4920061029150128e-04
0443 1.7977175564025101e-04 4.4919776249633645e-04
0444 1.7976807140542635e-04 4.4919491310325944e-04
0445 1.7976438704036854e-04 4.4919206216570325e-04
0446 1.7976070254490271e-04 4.4918918142669491e-04
0447 1.7975701791888689e-04 4.4918629379497659e-04
0448 1.7975333316218707e-04 4.4918340990560498e-04
0449 1.7974964827464362e-04 4.4918049871106423e-04
0450 1.7974596325609490e-04 4.4917759550985897e-04
0451 1.7974227810642809e-04 4.4917467986753222e-04
0452 1.7973859282551633e-04 4.4917174438721067e-04
0453 1.7973490741312855e-04 4.4916883403914358e-04
0454 1.7973122186919891e-04 4.4916589414098962e-04
0455 1.7972753619353306e-04 4.4916294949443308e-04
0456 1.7972385038599872e-04 4.4915999524975617e-04
0457 1.7972016444649306e-04 4.4915704372982916e-04
0458 1.7971647837476548e-04 4.4915407903550644e-04
0459 1.7971279217080349e-04 4.4915110956127266e-04
0460 1.7970910583435358e-04 4.4914812780792203e-04
0461 1.7970541936529634e-04 4.4914514493572371e-04
0462 1.7970173276345906e-04 4.4914215757705940e-04
0463 1.7969804602878343e-04 4.4913916542236638e-04
0464 1.7969435916098089e-04 4.4913617581546754e-04
0465 1.7969067216004234e-04 4.4913318320059033e-04
0466 1.7968698502570448e-04 4.4913018879008925e-04
0467 1.7968329775783768e-04 4.4912718417354757e-04
0468 1.7967961035639661e-04 4.4912416976551899e-04
0469 1.7967592282104713e-04 4.4912116087350991e-04
0470 1.7967223515173367e-04 4.4911815089646783e-04
0471 1.7966854734829650e-04 4.4911513712367010e-04
0472 1.7966485941068328e-04 4.4911210545734576e-04
0473 1.7966117133854477e-04 4.4910908186104469e-04
0474 1.7965748313179166e-04 4.4910605910003379e-04
0475 1.7965379479034573e-04 4.4910302297168387e-04
0476 1.7965010631393655e-04 4.4909998246751631e-04
0477 1.7964641770247940e-04 4.4909693600693565e-04
0478 1.7964272895581941e-04 4.4909389900339692e-04
0479 1.7963904007374930e-04 4.4909086459748673e-04
0480 1.7963535105606192e-04 4.4908781978912030e-04
0481 1.7963166190283100e-04 4.4908478720359337e-04
0482 1.7962797261362968e-04 4.4908175929684284e-04
0483 1.7962428318839128e-04 4.4907872867954823e-04
0484 1.7962059362690194e-04 4.4907568191002135e-04
0485 1.7961690392906748e-04 4.4907264534851932e-04
0486 1.7961321409472471e-04 4.4906960366282748e-04
0487 1.7960952412366429e-04 4.4906655267580613e-04
0488 1.7960583401574934e-04 4.4906350179058617e-04
0489 1.7960214377077155e-04 4.4906045503174290e-04
0490 1.7959845338860397e-04 4.4905742298424956e-04
0491 1.7959476286905462e-04 4.4905438876170816e-04
0492 1.7959107221194055e-04 4.4905133867516610e-04
0493 1.7958738141708925e-04 4.4904829559025422e-04
0494 1.7958369048440067e-04 4.4904525943119400e-04
0495 1.7957999941362713e-04 4.4904223498514530e-04
0496 1.7957630820454107e-04 4.4903919740592210e-04
0497 1.7957261685714338e-04 4.4903616116830672e-04
0498 1.7956892537109077e-04 4.4903310457747547e-04
0499 1.7956523374631754e-04 4.4903008224087140e-04
0500 1.7956154198254455e-04 4.4902707342361079e-04
0501 1.7955785007964700e-04 4.4902402837419998e-04
0502 1.7955415803747415e-04 4.4902100191641128e-04
0503 1.7955046585580437e-04 4.4901798036859849e-04
0504 1.7954677353445613e-04 4.4901496292950059e-04
0505 1.7954308107330800e-04 4.4901193232648476e-04
0506 1.7953938847205654e-04 4.4900893173031815e-04
0507 1.7953569573065175e-04 4.4900589981563865e-04
0508 1.7953200284887675e-04 4.4900288922214491e-04
0509 1.7952830982644074e-04 4.4899988243098576e-04
0510 1.7952461666328738e-04 4.4899687371195344e-04
0511 1.7952092335920468e-04 4.4899386549368769e-04
0512 1.7951722991390863e-04 4.4899086540987345e-04
0513 1.7951353632732409e-04 4.4898786562105176e-04
0514 1.7950984259927725e-04 4.4898486167627784e-04
0515 1.7950614872948531e-04 4.4898188272691857e-04
0516 1.7950245471784167e-04 4.4897890416709335e-04
0517 1.7949876056407515e-04 4.4897590234069230e-04
0518 1.7949506626807908e-04 4.4897292027814168e-04
0519 1.7949137182954100e-04 4.4896993836366337e-04
0520 1.7948767724844050e-04 4.4896695081211581e-04
0521 1.7948398252441358e-04 4.4896399451036217e-04
0522 1.7948028765745925e-04 4.4896101210453021e-04
0523 1.7947659264720068e-04 4.4895804057254094e-04
0524 1.7947289749353941e-04 4.4895506717046820e-04
0525 1.7946920219624930e-04 4.4895210751716387e-04
0526 1.7946550675513364e-04 4.4894913906643542e-04
0527 1.7946181117001498e-04 4.4894618936257714e-04
0528 1.7945811544072259e-04 4.4894322952207679e-04
0529 1.7945441956701723e-04 4.4894029315355259e-04
0530 1.7945072354874384e-04 4.4893733653199953e-04
0531 1.7944702738560206e-04 4.4893438496996791e-04
0532 1.7944333107750859e-04 4.4893145395911679e-04
0533 1.7943963462422650e-04 4.4892851430770083e-04
0534 1.7943593802556042e-04 4.4892556994461025e-04
0535 1.7943224128130544e-04 4.4892265353663695e-04
0536 1.7942854439130773e-04 4.4891971516348002e-04
0537 1.7942484735527164e-04 4.4891679971695487e-04
0538 1.7942115017307390e-04 4.4891387607151595e-04
0539 1.7941745284450866e-04 4.4891096953971588e-04
0540 1.7941375536936863e-04 4.4890806195353289e-04
0541 1.7941005774738570e-04 4.4890514100431335e-04
0542 1.7940635997850098e-04 4.4890220953580320e-04
0543 1.7940266206239875e-04 4.4889931110022018e-04
0544 1.7939896399893804e-04 4.4889641689297550e-04
0545 1.7939526578782691e-04 4.4889351371728812e-04
0546 1.7939156742895134e-04 4.4889061165790273e-04
0547 1.7938786892214272e-04 4.4888771581162875e-04
0548 1.7938417026709317e-04 4.4888482186542303e-04
0549 1.7938047146371351e-04 4.4888194439283622e-04
0550 1.7937677251173047e-04 4.4887906552706458e-04
0551 1.7937307341092337e-04 4.4887617159797093e-04
0552 1.7936937416111241e-04 4.4887328887258072e-04
0553 1.7936567476218405e-04 4.4887040455911676e-04
0554 1.7936197521374825e-04 4.4886752947081792e-04
0555 1.7935827551578831e-04 4.4886465885366123e-04
0556 1.7935457566805162e-04 4.4886176827597593e-04
0557 1.7935087567026145e-04 4.4885889636288643e-04
0558 1.7934717552229158e-04 4.4885603646760587e-04
0559 1.7934347522450519e-04 4.4885318368086417e-04
0560 1.7933977477486345e-04 4.4885029623261010e-04
0561 1.7933607417510930e-04 4.4884742947626303e-04
0562 1.7933237342433568e-04 4.4884456801483352e-04
0563 1.7932867252238430e-04 4.4884172685486499e-04
0564 1.7932497146900067e-04 4.4883886236508978e-04
0565 1.7932127026402299e-04 4.4883601948238135e-04
0566 1.7931756890718239e-04 4.4883316722743886e-04
0567 1.7931386739840108e-04 4.4883032195176711e-04
0568 1.7931016573736658e-04 4.4882745247996973e-04
0569 1.7930646392396709e-04 4.4882458612086106e-04
0570 1.7930276195791796e-04 4.4882173494442131e-04
0571 1.7929905983902458e-04 4.4881890204277801e-04
0572 1.7929535756718866e-04 4.4881605756936843e-04
0573 1.7929165514211467e-04 4.4881321336468746e-04
0574 1.7928795256368652e-04 4.4881036371613719e-04
0575 1.7928424983159840e-04 4.4880751262422314e-04
0576 1.7928054694577072e-04 4.4880465620957417e-04
0577 1.7927684390591558e-04 4.4880181311082284e-04
0578 1.7927314071182883e-04 4.4879897912549713e-04
0579 1.7926943736338051e-04 4.4879613468400880e-04
0580 1.7926573386037005e-04 4.4879329646538285e-04
0581 1.7926203020254358e-04 4.4879044947764338e-04
0582 1.7925832638973301e-04 4.4878761756973003e-04
0583 1.7925462242176970e-04 4.4878477051324460e-04
0584 1.7925091829839980e-04 4.4878192316481931e-04
0585 1.7924721401947657e-04 4.4877907608053722e-04
0586 1.7924350958480382e-04 4.4877622992177716e-04
0587 1.7923980499413383e-04 4.4877338988040999e-04
0588 1.7923610024733557e-04 4.4877053759555306e-04
0589 1.7923239534421964e-04 4.4876769388140815e-04
0590 1.7922869028452266e-04 4.4876484911469142e-04
0591 1.7922498506814234e-04 4.4876200721680111e-04
0592 1.7922127969481510e-04 4.4875916003076389e-04
0593 1.7921757416438817e-04 4.4875630806594799e-04
0594 1.7921386847660815e-04 4.4875344786428974e-04
0595 1.7921016263136970e-04 4.4875060793815277e-04
0596 1.7920645662841477e-04 4.4874774558810730e-04
0597 1.7920275046763768e-04 4.4874487870254492e-04
0598 1.7919904414874673e-04 4.4874203664994542e-04
0599 1.7919533767160286e-04 4.4873918610441104e-04
0600 1.7919163103603233e-04 4.4873632365201619e-04
