# step du_rel dp_rel
# u_rtol 1.0000000000000000e-04
# p_rtol 1.0000000000000000e-03
0001 1.8254513001073218e-04 1.8542928191450120e-02
0002 1.8254154699702641e-04 1.6859871121493515e-02
0003 1.8253799962857759e-04 1.5319750837325889e-02
0004 1.8253447359815625e-04 1.3912307561197259e-02
0005 1.8253096084231351e-04 1.2627665413377571e-02
0006 1.8252745684478803e-04 1.1456411589088321e-02
0007 1.8252395909154650e-04 1.0389641377472647e-02
0008 1.8252046618647281e-04 9.4189791236977231e-03
0009 1.8251697734720487e-04 8.5365826668465823e-03
0010 1.8251349212017957e-04 7.7351364858944827e-03
0011 1.8251001022152080e-04 7.0078373388747037e-03
0012 1.8250653145011184e-04 6.3483748599608919e-03
0013 1.8250305564140713e-04 5.7509091067762053e-03
0014 1.8249958264416060e-04 5.2100460932803924e-03
0015 1.8249611230999134e-04 4.7208127985499887e-03
0016 1.8249264448948538e-04 4.2786316213654172e-03
0017 1.8248917903167114e-04 3.8792952925611229e-03
0018 1.8248571578496366e-04 3.5189422233327275e-03
0019 1.8248225459890037e-04 3.1940326294298662e-03
0020 1.8247879532558162e-04 2.9013256809527705e-03
0021 1.8247533782118477e-04 2.6378574599621699e-03
0022 1.8247188194700739e-04 2.4009200201721695e-03
0023 1.8246842757043807e-04 2.1880416544129838e-03
0024 1.8246497456527382e-04 1.9969680527868430e-03
0025 1.8246152281252168e-04 1.8256444931614606e-03
0026 1.8245807219989250e-04 1.6721992013265675e-03
0027 1.8245462262242429e-04 1.5349275924684215e-03
0028 1.8245117398193132e-04 1.4122775513326035e-03
0029 1.8244772618703295e-04 1.3028358112519187e-03
0030 1.8244427915282434e-04 1.2053151346359131e-03
0031 1.8244083280054865e-04 1.1185427353807237e-03
0032 1.8243738705746778e-04 1.0414496041154808e-03
0033 1.8243394185611195e-04 9.7306096711735949e-04
0034 1.8243049713445339e-04 9.1248756273317941e-04
0035 1.8242705283513552e-04 8.5891832159397711e-04
0036 1.8242360890548902e-04 8.1161355879705484e-04
0037 1.8242016529690404e-04 7.6989950461410419e-04
0038 1.8241672196473840e-04 7.3316313428534142e-04
0039 1.8241327886806826e-04 7.0084798856062994e-04
0040 1.8240983596910405e-04 6.7245017384070518e-04
0041 1.8240639323328158e-04 6.4751501239917694e-04
0042 1.8240295062906483e-04 6.2563357328242826e-04
0043 1.8239950812709181e-04 6.0643959097836332e-04
0044 1.8239606570076184e-04 5.8960624642697410e-04
0045 1.8239262332572296e-04 5.7484313274166891e-04
0046 1.8238918097936550e-04 5.6189310358566299e-04
0047 1.8238573864123967e-04 5.5052930282065561e-04
0048 1.8238229629252684e-04 5.4055227911782491e-04
0049 1.8237885391595235e-04 5.3178710308930536e-04
0050 1.8237541149568830e-04 5.2408078276756443e-04
0051 1.8237196901732975e-04 5.1729966039641283e-04
0052 1.8236852646755100e-04 5.1132728217631270e-04
0053 1.8236508383414821e-04 5.0606219867771983e-04
0054 1.8236164110611551e-04 5.0141601041546826e-04
0055 1.8235819827314487e-04 4.9731198452057721e-04
0056 1.8235475532596681e-04 4.9368324023781182e-04
0057 1.8235131225589053e-04 4.9047157371111488e-04
0058 1.8234786905518041e-04 4.8762635312323249e-04
0059 1.8234442571648195e-04 4.8510341352379238e-04
0060 1.8234098223320568e-04 4.8286427176232857e-04
0061 1.8233753859937810e-04 4.8087531201069822e-04
0062 1.8233409480930229e-04 4.7910718196720757e-04
0063 1.8233065085784204e-04 4.7753421466294746e-04
0064 1.8232720674027212e-04 4.7613385420308419e-04
0065 1.8232376245224397e-04 4.7488638321716280e-04
0066 1.8232031798980043e-04 4.7377447500546557e-04
0067 1.8231687334916639e-04 4.7278291417216320e-04
0068 1.8231342852705328e-04 4.7189825793401123e-04
0069 1.8230998352013937e-04 4.7110868381985375e-04
0070 1.8230653832566004e-04 4.7040376144139696e-04
0071 1.8230309294088508e-04 4.6977428088050408e-04
0072 1.8229964736331860e-04 4.6921207012202320e-04
0073 1.8229620159071919e-04 4.6870990417339158e-04
0074 1.8229275562080469e-04 4.6826137457862954e-04
0075 1.8228930945170442e-04 4.6786078872830382e-04
0076 1.8228586308153134e-04 4.6750310937199136e-04
0077 1.8228241650851266e-04 4.6718383965277583e-04
0078 1.8227896973112552e-04 4.6689895588590671e-04
0079 1.8227552274786650e-04 4.6664490095841730e-04
0080 1.8227207555724729e-04 4.6641849093450585e-04
0081 1.8226862815802475e-04 4.6621686220103852e-04
0082 1.8226518054892320e-04 4.6603750657473082e-04
0083 1.8226173272890156e-04 4.6587811099685269e-04
0084 1.8225828469668957e-04 4.6573665348908870e-04
0085 1.8225483645140249e-04 4.6561130938507376e-04
0086 1.8225138799203569e-04 4.6550044878697149e-04
0087 1.8224793931761424e-04 4.6540257934015182e-04
0088 1.8224449042735099e-04 4.6531638432252624e-04
0089 1.8224104132042173e-04 4.6524069201285502e-04
0090 1.8223759199602612e-04 4.6517443993179130e-04
0091 1.8223414245342027e-04 4.6511664138360043e-04
0092 1.8223069269188464e-04 4.6506644482889809e-04
0093 1.8222724271078376e-04 4.6502307251524620e-04
0094 1.8222379250946408e-04 4.6498581636274705e-04
0095 1.8222034208731879e-04 4.6495405855261459e-04
0096 1.8221689144370875e-04 4.6492721179694567e-04
0097 1.8221344057818106e-04 4.6490475529326151e-04
0098 1.8220998949011473e-04 4.6488624316104958e-04
0099 1.8220653817896496e-04 4.6487124795786128e-04
0100 1.8220308664429165e-04 4.6485937337431072e-04
0101 1.8219963488565912e-04 4.6485029824889541e-04
0102 1.8219618290245122e-04 4.6484369991475619e-04
0103 1.8219273069434500e-04 4.6483931212284779e-04
0104 1.8218927826090653e-04 4.6483687224029143e-04
0105 1.8218582560163227e-04 4.6483615719082047e-04
0106 1.8218237271621894e-04 4.6483694499137898e-04
0107 1.8217891960418739e-04 4.6483905739149985e-04
0108 1.8217546626524540e-04 4.6484234571647984e-04
0109 1.8217201269900141e-04 4.6484661602319289e-04
0110 1.8216855890500894e-04 4.6485177622974803e-04
0111 1.8216510488304466e-04 4.6485769152035340e-04
0112 1.8216165063276670e-04 4.6486421133569813e-04
0113 1.8215819615377288e-04 4.6487129686404165e-04
0114 1.8215474144583319e-04 4.6487881122822880e-04
0115 1.8215128650859281e-04 4.6488670357909458e-04
0116 1.8214783134179978e-04 4.6489487833122138e-04
0117 1.8214437594516641e-04 4.6490325616184425e-04
0118 1.8214092031841169e-04 4.6491180546571624e-04
0119 1.8213746446131809e-04 4.6492047716460456e-04
0120 1.8213400837355386e-04 4.6492919646514699e-04
0121 1.8213055205492987e-04 4.6493793732146823e-04
0122 1.8212709550518262e-04 4.6494666618857196e-04
0123 1.8212363872413632e-04 4.6495532632475137e-04
0124 1.8212018171148974e-04 4.6496388426894202e-04
0125 1.8211672446711064e-04 4.6497233851280716e-04
0126 1.8211326699083718e-04 4.6498065542735880e-04
0127 1.8210980928236566e-04 4.6498880279034321e-04
0128 1.8210635134164154e-04 4.6499677744359156e-04
0129 1.8210289316839912e-04 4.6500455848146272e-04
0130 1.8209943476250569e-04 4.6501211764504187e-04
0131 1.8209597612378229e-04 4.6501944304415724e-04
0132 1.8209251725219417e-04 4.6502654882585120e-04
0133 1.8208905814751103e-04 4.6503339669140342e-04
0134 1.8208559880963091e-04 4.6503999788753838e-04
0135 1.8208213923847242e-04 4.6504632882698354e-04
0136 1.8207867943384416e-04 4.6505239313122948e-04
0137 1.8207521939577354e-04 4.6505817934882270e-04
0138 1.8207175912407693e-04 4.6506368480275458e-04
0139 1.8206829861868096e-04 4.6506891701609204e-04
0140 1.8206483787960837e-04 4.6507386594014049e-04
0141 1.8206137690670603e-04 4.6507852473203106e-04
0142 1.8205791569994047e-04 4.6508287902253804e-04
0143 1.8205445425931575e-04 4.6508695074301949e-04
0144 1.8205099258475466e-04 4.6509073433361733e-04
0145 1.8204753067629738e-04 4.6509422242820654e-04
0146 1.8204406853384553e-04 4.6509744253179060e-04
0147 1.8204060615747508e-04 4.6510035565464541e-04
0148 1.8203714354715937e-04 4.6510297713773656e-04
0149 1.8203368070287147e-04 4.6510532296190565e-04
0150 1.8203021762473116e-04 4.6510740049244268e-04
0151 1.8202675431266575e-04 4.6510919025975588e-04
0152 1.8202329076681906e-04 4.6511069856925379e-04
0153 1.8201982698713476e-04 4.6511193239639592e-04
0154 1.8201636297383083e-04 4.6511291411256868e-04
0155 1.8201289872680479e-04 4.6511360490917978e-04
0156 1.8200943424621341e-04 4.6511403756147312e-04
0157 1.8200596953217308e-04 4.6511420543605042e-04
0158 1.8200250458474878e-04 4.6511410545358703e-04
0159 1.8199903940398121e-04 4.6511377064819626e-04
0160 1.8199557399006520e-04 4.6511318705907631e-04
0161 1.8199210834313461e-04 4.6511234437902134e-04
0162 1.8198864246323068e-04 4.6511126649178099e-04
0163 1.8198517635059020e-04 4.6510994777863542e-04
0164 1.8198171000529046e-04 4.6510840069522461e-04
0165 1.8197824342748012e-04 4.6510662686694389e-04
0166 1.8197477661740678e-04 4.6510461066981223e-04
0167 1.8197130957510479e-04 4.6510235050354118e-04
0168 1.8196784230081552e-04 4.6509991525082198e-04
0169 1.8196437479477476e-04 4.6509725601676208e-04
0170 1.8196090705708873e-04 4.6509436822343182e-04
0171 1.8195743908800086e-04 4.6509130264144879e-04
0172 1.8195397088766795e-04 4.6508802118319864e-04
0173 1.8195050245632576e-04 4.6508454683749320e-04
0174 1.8194703379422535e-04 4.6508088940152979e-04
0175 1.8194356490154715e-04 4.6507704886429135e-04
0176 1.8194009577850737e-04 4.6507303256524600e-04
0177 1.8193662642540179e-04 4.6506882295973889e-04
0178 1.8193315684238517e-04 4.6506445152304335e-04
0179 1.8192968702977237e-04 4.6505990612437262e-04
0180 1.8192621698783946e-04 4.6505519203700573e-04
0181 1.8192274671676486e-04 4.6505031995531729e-04
0182 1.8191927621679659e-04 4.6504530042209739e-04
0183 1.8191580548827062e-04 4.6504012900433755e-04
0184 1.8191233453146362e-04 4.6503478696719575e-04
0185 1.8190886334662552e-04 4.6502934908438726e-04
0186 1.8190539193400522e-04 4.6502374115990207e-04
0187 1.8190192029394472e-04 4.6501801180477757e-04
0188 1.8189844842666594e-04 4.6501215069200309e-04
0189 1.8189497633254348e-04 4.6500617697255538e-04
0190 1.8189150401177882e-04 4.6500007547409445e-04
0191 1.8188803146477396e-04 4.6499385431427489e-04
0192 1.8188455869176142e-04 4.6498752208998375e-04
0193 1.8188108569306251e-04 4.6498107868490391e-04
0194 1.8187761246896860e-04 4.6497453553674689e-04
0195 1.8187413901984685e-04 4.6496789643861425e-04
0196 1.8187066534596083e-04 4.6496116014617855e-04
0197 1.8186719144762750e-04 4.6495433100885266e-04
0198 1.8186371732518825e-04 4.6494740610345095e-04
0199 1.8186024297895323e-04 4.6494041195315681e-04
0200 1.8185676840923459e-04 4.6493331660593749e-04
0201 1.8185329361638044e-04 4.6492615980398444e-04
0202 1.8184981860067549e-04 4.6491892865629746e-04
0203 1.8184634336247283e-04 4.6491162637922473e-04
0204 1.8184286790206959e-04 4.6490426169534045e-04
0205 1.8183939221992073e-04 4.6489683119807946e-04
0206 1.8183591631618879e-04 4.6488933971637381e-04
0207 1.8183244019125889e-04 4.6488181083700637e-04
0208 1.8182896384545891e-04 4.6487423944059267e-04
0209 1.8182548727918750e-04 4.6486660767043538e-04
0210 1.8182201049261645e-04 4.6485892333069875e-04
0211 1.8181853348618263e-04 4.6485120293135831e-04
0212 1.8181505626027963e-04 4.6484345077990531e-04
0213 1.8181157881506181e-04 4.6483564297108271e-04
0214 1.8180810115106261e-04 4.6482781999207566e-04
0215 1.8180462326835209e-04 4.6481995081827421e-04
0216 1.8180114516747043e-04 4.6481207260591319e-04
0217 1.8179766684866194e-04 4.6480416928900488e-04
0218 1.8179418831223282e-04 4.6479626125528559e-04
0219 1.8179070955854206e-04 4.6478829961370694e-04
0220 1.8178723058790778e-04 4.6478035179053310e-04
0221 1.8178375140057856e-04 4.6477237978119604e-04
0222 1.8178027199690396e-04 4.6476440347392587e-04
0223 1.8177679237721067e-04 4.6475641166658058e-04
0224 1.8177331254184067e-04 4.6474841698824338e-04
0225 1.8176983249102783e-04 4.6474041576647040e-04
0226 1.8176635222511437e-04 4.6473243219061206e-04
0227 1.8176287174438450e-04 4.6472445608696330e-04
0228 1.8175939104918319e-04 4.6471647407502604e-04
0229 1.8175591013976981e-04 4.6470848392852251e-04
0230 1.8175242901639856e-04 4.6470051171718861e-04
0231 1.8174894767943275e-04 4.6469253508646418e-04
0232 1.8174546612906544e-04 4.6468459802888898e-04
0233 1.8174198436565940e-04 4.6467666443337287e-04
0234 1.8173850238951110e-04 4.6466873827820284e-04
0235 1.8173502020080498e-04 4.6466083299218325e-04
0236 1.8173153779988332e-04 4.6465297086792476e-04
0237 1.8172805518695492e-04 4.6464512149388214e-04
0238 1.8172457236232919e-04 4.6463728932008043e-04
0239 1.8172108932624411e-04 4.6462947812225700e-04
0240 1.8171760607895939e-04 4.6462169247166852e-04
0241 1.8171412262071859e-04 4.6461393629397226e-04
0242 1.8171063895172385e-04 4.6460619843517146e-04
0243 1.8170715507234751e-04 4.6459852993641239e-04
0244 1.8170367098263791e-04 4.6459085293815551e-04
0245 1.8170018668299068e-04 4.6458324147828129e-04
0246 1.8169670217349062e-04 4.6457563934158765e-04
0247 1.8169321745452013e-04 4.6456807805067210e-04
0248 1.8168973252613625e-04 4.6456057867828041e-04
0249 1.8168624738864128e-04 4.6455307593269620e-04
0250 1.8168276204226090e-04 4.6454564731393815e-04
0251 1.8167927648710149e-04 4.6453823880408996e-04
0252 1.8167579072342219e-04 4.6453087361644828e-04
0253 1.8167230475140845e-04 4.6452355874182028e-04
0254 1.8166881857118296e-04 4.6451627163395301e-04
0255 1.8166533218305839e-04 4.6450904168547012e-04
0256 1.8166184558713819e-04 4.6450184016164634e-04
0257 1.8165835878349823e-04 4.6449467941879090e-04
0258 1.8165487177244089e-04 4.6448756739779349e-04
0259 1.8165138455408041e-04 4.6448052078632837e-04
0260 1.8164789712856494e-04 4.6447349790220885e-04
0261 1.8164440949602477e-04 4.6446653688493258e-04
0262 1.8164092165659775e-04 4.6445960974927447e-04
0263 1.8163743361048360e-04 4.6445273750883993e-04
0264 1.8163394535768910e-04 4.6444588876543914e-04
0265 1.8163045689846135e-04 4.6443911171684468e-04
0266 1.8162696823288520e-04 4.6443237313563012e-04
0267 1.8162347936111122e-04 4.6442568865044426e-04
0268 1.8161999028312793e-04 4.6441905496201913e-04
0269 1.8161650099914124e-04 4.6441248110452187e-04
0270 1.8161301150920679e-04 4.6440594831627244e-04
0271 1.8160952181351964e-04 4.6439944778381328e-04
0272 1.8160603191204268e-04 4.6439300308996428e-04
0273 1.8160254180482426e-04 4.6438659013167070e-04
0274 1.8159905149210873e-04 4.6438023319119907e-04
0275 1.8159556097382818e-04 4.6437393108841743e-04
0276 1.8159207025005131e-04 4.6436768162838994e-04
0277 1.8158857932098799e-04 4.6436145415397495e-04
0278 1.8158508818654786e-04 4.6435528562383416e-04
0279 1.8158159684680890e-04 4.6434918487694391e-04
0280 1.8157810530188760e-04 4.6434313052882699e-04
0281 1.8157461355170656e-04 4.6433710102914132e-04
0282 1.8157112159640821e-04 4.6433112846355111e-04
0283 1.8156762943594650e-04 4.6432519826852749e-04
0284 1.8156413707040583e-04 4.6431931000159778e-04
0285 1.8156064449979857e-04 4.6431347485338713e-04
0286 1.8155715172412081e-04 4.6430768449622057e-04
0287 1.8155365874340568e-04 4.6430193807547789e-04
0288 1.8155016555764606e-04 4.6429625113348543e-04
0289 1.8154667216684531e-04 4.6429058661508573e-04
0290 1.8154317857103415e-04 4.6428497087214486e-04
0291 1.8153968477023160e-04 4.6427940434979790e-04
0292 1.8153619076427218e-04 4.6427387347376664e-04
0293 1.8153269655327682e-04 4.6426839443340629e-04
0294 1.8152920213721630e-04 4.6426293847233663e-04
0295 1.8152570751609333e-04 4.6425752762616448e-04
0296 1.8152221268978363e-04 4.6425215971591184e-04
0297 1.8151871765834497e-04 4.6424683214256295e-04
0298 1.8151522242170989e-04 4.6424154892634340e-04
0299 1.8151172697984148e-04 4.6423629123717867e-04
0300 1.8150823133269151e-04 4.6423106577182284e-04
0301 1.8150473548030321e-04 4.6422588893401100e-04
0302 1.8150123942252454e-04 4.6422073041133921e-04
0303 1.8149774315933642e-04 4.6421563100837758e-04
0304 1.8149424669067503e-04 4.6421056558567319e-04
0305 1.8149075001650219e-04 4.6420551991015061e-04
0306 1.8148725313683507e-04 4.6420051985707038e-04
0307 1.8148375605139981e-04 4.6419557075589603e-04
0308 1.8148025876037581e-04 4.6419062215936278e-04
0309 1.8147676126353747e-04 4.6418568809100848e-04
0310 1.8147326356085383e-04 4.6418082490874831e-04
0311 1.8146976565228603e-04 4.6417598423040491e-04
0312 1.8146626753772445e-04 4.6417116179508670e-04
0313 1.8146276921710209e-04 4.6416636439744501e-04
0314 1.8145927069032738e-04 4.6416159435245499e-04
0315 1.8145577195734201e-04 4.6415687512738399e-04
0316 1.8145227301808825e-04 4.6415216194146383e-04
0317 1.8144877387234556e-04 4.6414747774905536e-04
0318 1.8144527452021068e-04 4.6414280479408133e-04
0319 1.8144177496149378e-04 4.6413815809948436e-04
0320 1.8143827519606726e-04 4.6413353874526605e-04
0321 1.8143477522396847e-04 4.6412896832134239e-04
0322 1.8143127504500158e-04 4.6412439487809285e-04
0323 1.8142777465907117e-04 4.6411983887498833e-04
0324 1.8142427406617087e-04 4.6411530879863973e-04
0325 1.8142077326605680e-04 4.6411078947404896e-04
0326 1.8141727225871773e-04 4.6410631160835928e-04
0327 1.8141377104412965e-04 4.6410184911620456e-04
0328 1.8141026962204982e-04 4.6409737747403858e-04
0329 1.8140676799244959e-04 4.6409295311320038e-04
0330 1.8140326615526093e-04 4.6408853052971589e-04
0331 1.8139976411027113e-04 4.6408410289235747e-04
0332 1.8139626185752648e-04 4.6407972322032380e-04
0333 1.8139275939682128e-04 4.6407534937058383e-04
0334 1.8138925672802101e-04 4.6407097071257604e-04
0335 1.8138575385114763e-04 4.6406662419968631e-04
0336 1.8138225076596350e-04 4.6406228341939034e-04
0337 1.8137874747246841e-04 4.6405794583476850e-04
0338 1.8137524397047653e-04 4.6405363465080833e-04
0339 1.8137174025996430e-04 4.6404931623272009e-04
0340 1.8136823634076811e-04 4.6404503333435584e-04
0341 1.8136473221283991e-04 4.6404075773900173e-04
0342 1.8136122787601748e-04 4.6403649193532302e-04
0343 1.8135772333021253e-04 4.6403219801963483e-04
0344 1.8135421857534435e-04 4.6402793692489969e-04
0345 1.8135071361125656e-04 4.6402366707390809e-04
0346 1.8134720843791523e-04 4.6401941670535282e-04
0347 1.8134370305515512e-04 4.6401517582742876e-04
0348 1.8134019746293613e-04 4.6401090553539661e-04
0349 1.8133669166111200e-04 4.6400667762889895e-04
0350 1.8133318564967190e-04 4.6400243267126192e-04
0351 1.8132967942836669e-04 4.6399818826455599e-04
0352 1.8132617299720946e-04 4.6399396117002882e-04
0353 1.8132266635607143e-04 4.6398974181903295e-04
0354 1.8131915950486948e-04 4.6398552361962599e-04
0355 1.8131565244344956e-04 4.6398129646546050e-04
0356 1.8131214517181686e-04 4.6397707499182527e-04
0357 1.8130863768978935e-04 4.6397285419844803e-04
0358 1.8130512999728430e-04 4.6396863242460188e-04
0359 1.8130162209426638e-04 4.6396439699840386e-04
0360 1.8129811398060058e-04 4.6396017778812187e-04
0361 1.8129460565623117e-04 4.6395594274366937e-04
0362 1.8129109712102377e-04 4.6395171063794708e-04
0363 1.8128758837491354e-04 4.6394748775080500e-04
0364 1.8128407941786951e-04 4.6394327229156481e-04
0365 1.8128057024973629e-04 4.6393903260190389e-04
0366 1.8127706087042673e-04 4.6393480911365573e-04
0367 1.8127355127983772e-04 4.6393056907055477e-04
0368 1.8127004147796549e-04 4.6392633819047311e-04
0369 1.8126653146471430e-04 4.6392208558998515e-04
0370 1.8126302123993999e-04 4.6391783760338481e-04
0371 1.8125951080365422e-04 4.6391358843348064e-04
0372 1.8125600015575321e-04 4.6390932027580965e-04
0373 1.8125248929613434e-04 4.6390507023005568e-04
0374 1.8124897822474444e-04 4.6390080353889666e-04
0375 1.8124546694150737e-04 4.6389652816533400e-04
0376 1.8124195544633751e-04 4.6389225169759027e-04
0377 1.8123844373919314e-04 4.6388797318560590e-04
0378 1.8123493181996326e-04 4.6388368191416641e-04
0379 1.8123141968862959e-04 4.6387938961599110e-04
0380 1.8122790734519250e-04 4.6387509892527795e-04
0381 1.8122439478940645e-04 4.6387079878801936e-04
0382 1.8122088202134662e-04 4.6386649181818428e-04
0383 1.8121736904095812e-04 4.6386217676866616e-04
0384 1.8121385584806180e-04 4.6385786378744009e-04
0385 1.8121034244268712e-04 4.6385353892377216e-04
0386 1.8120682882480284e-04 4.6384922559996976e-04
0387 1.8120331499435160e-04 4.6384487685294533e-04
0388 1.8119980095115525e-04 4.6384053787857358e-04
0389 1.8119628669528262e-04 4.6383619396669326e-04
0390 1.8119277222668757e-04 4.6383184658880947e-04
0391 1.8118925754522061e-04 4.6382746442185350e-04
0392 1.8118574265094166e-04 4.6382310758074703e-04
0393 1.8118222754366365e-04 4.6381872833714587e-04
0394 1.8117871222351201e-04 4.6381434345722566e-04
0395 1.8117519669037059e-04 4.6380996365385282e-04
0396 1.8117168094414606e-04 4.6380557282459485e-04
0397 1.8116816498481349e-04 4.6380117223515400e-04
0398 1.8116464881231089e-04 4.6379676343162758e-04
0399 1.8116113242671526e-04 4.6379236172268038e-04
0400 1.8115761582782717e-04 4.6378794948797447e-04
0401 1.8115409901567548e-04 4.6378352342184336e-04
0402 1.8115058199023989e-04 4.6377909123303886e-04
0403 1.8114706475144934e-04 4.6377467028731835e-04
0404 1.8114354729931569e-04 4.6377024135043564e-04
0405 1.8114002963373578e-04 4.6376580868045760e-04
0406 1.8113651175470684e-04 4.6376134998811226e-04
0407 1.8113299366220883e-04 4.6375688638819386e-04
0408 1.8112947535609241e-04 4.6375243942014556e-04
0409 1.8112595683648824e-04 4.6374797060932726e-04
0410 1.8112243810328827e-04 4.6374351643099472e-04
0411 1.8111891915644426e-04 4.6373904147547178e-04
0412 1.8111539999597238e-04 4.6373457021531078e-04
0413 1.8111188062176883e-04 4.6373010527220809e-04
0414 1.8110836103389026e-04 4.6372562819558643e-04
0415 1.8110484123218164e-04 4.6372114294606102e-04
0416 1.8110132121674534e-04 4.6371665256990239e-04
0417 1.8109780098740156e-04 4.6371215549332652e-04
0418 1.8109428054430843e-04 4.6370766575633173e-04
0419 1.8109075988723310e-04 4.6370316864499889e-04
0420 1.8108723901633940e-04 4.6369867613483255e-04
0421 1.8108371793144028e-04 4.6369416980318422e-04
0422 1.8108019663262053e-04 4.6368966558101851e-04
0423 1.8107667511977650e-04 4.6368517698304679e-04
0424 1.8107315339287042e-04 4.6368067176733702e-04
0425 1.8106963145192469e-04 4.6367617122030947e-04
0426 1.8106610929690133e-04 4.6367167125101286e-04
0427 1.8106258692768458e-04 4.6366716374330431e-04
0428 1.8105906434435731e-04 4.6366264149339366e-04
0429 1.8105554154684383e-04 4.6365813711143151e-04
0430 1.8105201853509841e-04 4.6365364865443156e-04
0431 1.8104849530913518e-04 4.6364912978622111e-04
0432 1.8104497186885649e-04 4.6364463268287130e-04
0433 1.8104144821429584e-04 4.6364014060271846e-04
0434 1.8103792434537782e-04 4.6363563413046206e-04
0435 1.8103440026208354e-04 4.6363113846249803e-04
0436 1.8103087596440005e-04 4.6362666231842338e-04
0437 1.8102735145221401e-04 4.6362215339346954e-04
0438 1.8102382672557403e-04 4.6361765828787618e-04
0439 1.8102030178440467e-04 4.6361317511061197e-04
0440 1.8101677662873454e-04 4.6360866930522464e-04
0441 1.8101325125843189e-04 4.6360419280796447e-04
0442 1.8100972567354097e-04 4.6359971242459526e-04
0443 1.8100619987395462e-04 4.6359524056667977e-04
0444 1.8100267385967771e-04 4.6359078199626153e-04
0445 1.8099914763067691e-04 4.6358632061691159e-04
0446 1.8099562118686883e-04 4.6358184689834905e-04
0447 1.8099209452833117e-04 4.6357740141962547e-04
0448 1.8098856765480875e-04 4.6357295052772254e-04
0449 1.8098504056644453e-04 4.6356848616373647e-04
0450 1.8098151326311282e-04 4.6356404756950966e-04
0451 1.8097798574478972e-04 4.6355961035861494e-04
0452 1.8097445801141024e-04 4.6355517396351508e-04
0453 1.8097093006295498e-04 4.6355076484272693e-04
0454 1.8096740189939119e-04 4.6354634324575225e-04
0455 1.8096387352065630e-04 4.6354194923568884e-04
0456 1.8096034492662240e-04 4.6353756034403319e-04
0457 1.8095681611733400e-04 4.6353317420683057e-04
0458 1.8095328709269570e-04 4.6352877605261551e-04
0459 1.8094975785270260e-04 4.6352442146447930e-04
0460 1.8094622839723740e-04 4.6352005725685267e-04
0461 1.8094269872630394e-04 4.6351569604342787e-04
0462 1.8093916883974546e-04 4.6351135490369704e-04
0463 1.8093563873759365e-04 4.6350701787317304e-04
0464 1.8093210841977573e-04 4.6350270475349387e-04
0465 1.8092857788621974e-04 4.6349836982087565e-04
0466 1.8092504713680931e-04 4.6349406182062761e-04
0467 1.8092151617153397e-04 4.6348976940738587e-04
0468 1.8091798499039405e-04 4.6348547335250495e-04
0469 1.8091445359322226e-04 4.6348120188318049e-04
0470 1.8091092197992760e-04 4.6347694724791389e-04
0471 1.8090739015051650e-04 4.6347270608782166e-04
0472 1.8090385810491300e-04 4.6346847534406010e-04
0473 1.8090032584302295e-04 4.6346423840791702e-04
0474 1.8089679336474179e-04 4.6346003834824896e-04
0475 1.8089326067004900e-04 4.6345581836593739e-04
0476 1.8088972775879395e-04 4.6345163334064380e-04
0477 1.8088619463103444e-04 4.6344744484236013e-04
0478 1.8088266128654724e-04 4.6344327819437960e-04
0479 1.8087912772527689e-04 4.6343913522259626e-04
0480 1.8087559394723609e-04 4.6343501346430378e-04
0481 1.8087205995225599e-04 4.6343087853494697e-04
0482 1.8086852574021860e-04 4.6342678202819894e-04
0483 1.8086499131112960e-04 4.6342265780983423e-04
0484 1.8086145666483137e-04 4.6341857802984090e-04
0485 1.8085792180122959e-04 4.6341448638014823e-04
0486 1.8085438672029399e-04 4.6341044529649443e-04
0487 1.8085085142187132e-04 4.6340638068485286e-04
0488 1.8084731590595172e-04 4.6340238126546605e-04
0489 1.8084378017232789e-04 4.6339836748602225e-04
0490 1.8084024422093813e-04 4.6339437622822756e-04
0491 1.8083670805169163e-04 4.6339038269625424e-04
0492 1.8083317166452096e-04 4.6338641728657198e-04
0493 1.8082963505923754e-04 4.6338246593084483e-04
0494 1.8082609823579348e-04 4.6337852875789627e-04
0495 1.8082256119414511e-04 4.6337462202288010e-04
0496 1.8081902393405033e-04 4.6337071366234477e-04
0497 1.8081548645549551e-04 4.6336683479966439e-04
0498 1.8081194875832398e-04 4.6336295464187812e-04
0499 1.8080841084241127e-04 4.6335909909110570e-04
0500 1.8080487270777048e-04 4.6335525231174478e-04
0501 1.8080133435411595e-04 4.6335142361970250e-04
0502 1.8079779578141877e-04 4.6334760386438950e-04
0503 1.8079425698958835e-04 4.6334382274134691e-04
0504 1.8079071797846773e-04 4.6334004669851183e-04
0505 1.8078717874793932e-04 4.6333629387918581e-04
0506 1.8078363929779621e-04 4.6333255224022577e-04
0507 1.8078009962810781e-04 4.6332883213930369e-04
0508 1.8077655973860072e-04 4.6332510902314685e-04
0509 1.8077301962916213e-04 4.6332142264927456e-04
0510 1.8076947929973193e-04 4.6331774426723956e-04
0511 1.8076593875013399e-04 4.6331409074392300e-04
0512 1.8076239798024796e-04 4.6331045054543173e-04
0513 1.8075885698992414e-04 4.6330683666080669e-04
0514 1.8075531577907596e-04 4.6330323137451019e-04
0515 1.8075177434757279e-04 4.6329963848069401e-04
0516 1.8074823269524312e-04 4.6329607136355301e-04
0517 1.8074469082187672e-04 4.6329250913934778e-04
0518 1.8074114872755398e-04 4.6328896058841666e-04
0519 1.8073760641189554e-04 4.6328542874408247e-04
0520 1.8073406387498440e-04 4.6328193484089524e-04
0521 1.8073052111655514e-04 4.6327845486692767e-04
0522 1.8072697813644205e-04 4.6327496281540250e-04
0523 1.8072343493453504e-04 4.6327151317087712e-04
0524 1.8071989151077048e-04 4.6326807332883738e-04
0525 1.8071634786493801e-04 4.6326465671733114e-04
0526 1.8071280399686824e-04 4.6326126647919333e-04
0527 1.8070925990645186e-04 4.6325787211711237e-04
0528 1.8070571559360195e-04 4.6325448826396969e-04
0529 1.8070217105797901e-04 4.6325114457711685e-04
0530 1.8069862629964100e-04 4.6324781402327198e-04
0531 1.8069508131836847e-04 4.6324448081645531e-04
0532 1.8069153611404044e-04 4.6324118733221428e-04
0533 1.8068799068639348e-04 4.6323789388404249e-04
0534 1.8068444503544431e-04 4.6323462774809795e-04
0535 1.8068089916089568e-04 4.6323137237228647e-04
0536 1.8067735306271862e-04 4.6322813777128433e-04
0537 1.8067380674068718e-04 4.6322491458079465e-04
0538 1.8067026019462305e-04 4.6322170827949873e-04
0539 1.8066671342444667e-04 4.6321852970171060e-04
0540 1.8066316643000017e-04 4.6321535993210425e-04
0541 1.8065961921095070e-04 4.6321220973244209e-04
0542 1.8065607176751081e-04 4.6320905609620533e-04
0543 1.8065252409920406e-04 4.6320591390404820e-04
0544 1.8064897620597833e-04 4.6320280677520780e-04
0545 1.8064542808772044e-04 4.6319970955983067e-04
0546 1.8064187974418453e-04 4.6319663810432185e-04
0547 1.8063833117528617e-04 4.6319358441865267e-04
0548 1.8063478238089506e-04 4.6319054533118162e-04
0549 1.8063123336072525e-04 4.6318750973892148e-04
0550 1.8062768411471119e-04 4.6318450354283981e-04
0551 1.8062413464270865e-04 4.6318150398624267e-04
0552 1.8062058494455640e-04 4.6317851901972159e-04
0553 1.8061703501998677e-04 4.6317556124897749e-04
0554 1.8061348486903258e-04 4.6317260858986007e-04
0555 1.8060993449141205e-04 4.6316966595178497e-04
0556 1.8060638388689724e-04 4.6316674748468617e-04
0557 1.8060283305550877e-04 4.6316382318124913e-04
0558 1.8059928199700391e-04 4.6316094897512310e-04
0559 1.8059573071120780e-04 4.6315806169968315e-04
0560 1.8059217919792590e-04 4.6315520584082261e-04
0561 1.8058862745706905e-04 4.6315234906481214e-04
0562 1.8058507548844449e-04 4.6314949037541984e-04
0563 1.8058152329195355e-04 4.6314667332769243e-04
0564 1.8057797086737403e-04 4.6314387703062115e-04
0565 1.8057441821453318e-04 4.6314106981805902e-04
0566 1.8057086533331232e-04 4.6313828986136552e-04
0567 1.8056731222347886e-04 4.6313551898258476e-04
0568 1.8056375888504553e-04 4.6313275815155970e-04
0569 1.8056020531769245e-04 4.6313001401684966e-04
0570 1.8055665152135039e-04 4.6312728304651757e-04
0571 1.8055309749573820e-04 4.6312457817438508e-04
0572 1.8054954324086422e-04 4.6312186201494281e-04
0573 1.8054598875647820e-04 4.6311917489837731e-04
0574 1.8054243404241275e-04 4.6311649856672611e-04
0575 1.8053887909858952e-04 4.6311382289685810e-04
0576 1.8053532392471786e-04 4.6311116339101279e-04
0577 1.8053176852079645e-04 4.6310852869953288e-04
0578 1.8052821288654246e-04 4.6310589646615430e-04
0579 1.8052465702191240e-04 4.6310329159164084e-04
0580 1.8052110092662413e-04 4.6310068571063886e-04
0581 1.8051754460059801e-04 4.6309809912688129e-04
0582 1.8051398804373319e-04 4.6309551409160735e-04
0583 1.8051043125568358e-04 4.6309295222329351e-04
0584 1.8050687423659621e-04 4.6309038353203565e-04
0585 1.8050331698603824e-04 4.6308781925504986e-04
0586 1.8049975950397591e-04 4.6308528951424191e-04
0587 1.8049620179029163e-04 4.6308276143784189e-04
0588 1.8049264384468691e-04 4.6308024961064096e-04
0589 1.8048908566717343e-04 4.6307773472844751e-04
0590 1.8048552725750779e-04 4.6307524759156668e-04
0591 1.8048196861557378e-04 4.6307276649841745e-04
0592 1.8047840974124248e-04 4.6307029724681808e-04
0593 1.8047485063428986e-04 4.6306782807433648e-04
0594 1.8047129129463113e-04 4.6306538691796552e-04
0595 1.8046773172209583e-04 4.6306293694104583e-04
0596 1.8046417191650422e-04 4.6306049898687027e-04
0597 1.8046061187774388e-04 4.6305807332200252e-04
0598 1.8045705160566435e-04 4.6305565629374508e-04
0599 1.8045349110015364e-04 4.6305325551207005e-04
0600 1.8044993036096200e-04 4.6305086241751821e-04
