# step du_rel dp_rel
# u_rtol 1.0000000000000000e-04
# p_rtol 1.0000000000000000e-03
0001 1.8051785473186330e-04 3.6479131098581894e-03
0002 1.8051408973599422e-04 3.4662080621732285e-03
0003 1.8051035614624093e-04 3.2765035799609287e-03
0004 1.8050664154186586e-04 3.0834061326652229e-03
0005 1.8050293890494549e-04 2.8906037763190354e-03
0006 1.8049924433769242e-04 2.7009990028800681e-03
0007 1.8049555572040586e-04 2.5168293554616800e-03
0008 1.8049187192713666e-04 2.3397748139502212e-03
0009 1.8048819237263762e-04 2.1710518374003767e-03
0010 1.8048451675265162e-04 2.0114950956647212e-03
0011 1.8048084489929507e-04 1.8616272592913029e-03
0012 1.8047717670212658e-04 1.7217187421512820e-03
0013 1.8047351206702163e-04 1.5918378842762306e-03
0014 1.8046985089683311e-04 1.4718930777252810e-03
0015 1.8046619308323918e-04 1.3616677593941556e-03
0016 1.8046253850539362e-04 1.2608494170647032e-03
0017 1.8045888703113017e-04 1.1690530495036004e-03
0018 1.8045523851943781e-04 1.0858406754237265e-03
0019 1.8045159282309987e-04 1.0107367170818279e-03
0020 1.8044794979173308e-04 9.4324073813086831e-04
0021 1.8044430927405717e-04 8.8283751955892109e-04
0022 1.8044067111977867e-04 8.2900569788847006e-04
0023 1.8043703518101910e-04 7.8122474053747277e-04
0024 1.8043340131397893e-04 7.3898119622032980e-04
0025 1.8042976937908813e-04 7.0177413810872872e-04
0026 1.8042613924213526e-04 6.6912002095730256e-04
0027 1.8042251077446134e-04 6.4055693557057796e-04
0028 1.8041888385345121e-04 6.1564837137242424e-04
0029 1.8041525836206664e-04 5.9398613640726896e-04
0030 1.8041163418947232e-04 5.7519259291120470e-04
0031 1.8040801123062687e-04 5.5892178934154643e-04
0032 1.8040438938614876e-04 5.4485998897095187e-04
0033 1.8040076856218020e-04 5.3272517994004665e-04
0034 1.8039714867036251e-04 5.2226594474026069e-04
0035 1.8039352962733013e-04 5.1325980823854723e-04
0036 1.8038991135463015e-04 5.0551109696218290e-04
0037 1.8038629377846267e-04 4.9884868313616936e-04
0038 1.8038267682961439e-04 4.9312351380990742e-04
0039 1.8037906044276059e-04 4.8820626332305637e-04
0040 1.8037544455676700e-04 4.8398493496786557e-04
0041 1.8037182911415455e-04 4.8036281207362413e-04
0042 1.8036821406109448e-04 4.7725647246186592e-04
0043 1.8036459934682320e-04 4.7459394491440571e-04
0044 1.8036098492393344e-04 4.7231327604866876e-04
0045 1.8035737074780376e-04 4.7036105687180379e-04
0046 1.8035375677670414e-04 4.6869131563935480e-04
0047 1.8035014297133379e-04 4.6726438452593128e-04
0048 1.8034652929495626e-04 4.6604609048477274e-04
0049 1.8034291571307248e-04 4.6500701198746248e-04
0050 1.8033930219331170e-04 4.6412176867594392e-04
0051 1.8033568870536008e-04 4.6336850793085658e-04
0052 1.8033207522061124e-04 4.6272834421118552e-04
0053 1.8032846171246210e-04 4.6218509260325118e-04
0054 1.8032484815586487e-04 4.6172474606472617e-04
0055 1.8032123452719687e-04 4.6133530485582136e-04
0056 1.8031762080460072e-04 4.6100641375660376e-04
0057 1.8031400696725544e-04 4.6072921088242676e-04
0058 1.8031039299582104e-04 4.6049608323419543e-04
0059 1.8030677887196511e-04 4.6030049232376348e-04
0060 1.8030316457869723e-04 4.6013683678666002e-04
0061 1.8029955010008051e-04 4.6000039779980927e-04
0062 1.8029593542094073e-04 4.5988707984463960e-04
0063 1.8029232052727779e-04 4.5979342874065003e-04
0064 1.8028870540586221e-04 4.5971650423400594e-04
0065 1.8028509004427653e-04 4.5965379437961355e-04
0066 1.8028147443095041e-04 4.5960318136680211e-04
0067 1.8027785855492671e-04 4.5956287350745224e-04
0068 1.8027424240603854e-04 4.5953133764693976e-04
0069 1.8027062597469727e-04 4.5950732073339975e-04
0070 1.8026700925201461e-04 4.5948974336786292e-04
0071 1.8026339222951480e-04 4.5947768202172633e-04
0072 1.8025977489943034e-04 4.5947033925408041e-04
0073 1.8025615725435727e-04 4.5946715066707850e-04
0074 1.8025253928749663e-04 4.5946751243936435e-04
0075 1.8024892099237979e-04 4.5947099206706475e-04
0076 1.8024530236301228e-04 4.5947721086412571e-04
0077 1.8024168339387918e-04 4.5948582638652516e-04
0078 1.8023806407975576e-04 4.5949656787209803e-04
0079 1.8023444441575342e-04 4.5950920074987965e-04
0080 1.8023082439734683e-04 4.5952353619346147e-04
0081 1.8022720402042399e-04 4.5953938215557229e-04
0082 1.8022358328101856e-04 4.5955660900534606e-04
0083 1.8021996217549479e-04 4.5957506723095267e-04
0084 1.8021634070067001e-04 4.5959467145975842e-04
0085 1.8021271885330326e-04 4.5961530193558252e-04
0086 1.8020909663061654e-04 4.5963685881659859e-04
0087 1.8020547402991446e-04 4.5965928869832210e-04
0088 1.8020185104886246e-04 4.5968247892930658e-04
0089 1.8019822768533314e-04 4.5970638623508053e-04
0090 1.8019460393714615e-04 4.5973095740354977e-04
0091 1.8019097980257024e-04 4.5975610501337763e-04
0092 1.8018735528000415e-04 4.5978180208842268e-04
0093 1.8018373036784917e-04 4.5980798219535143e-04
0094 1.8018010506474754e-04 4.5983458286043039e-04
0095 1.8017647936968744e-04 4.5986160223561288e-04
0096 1.8017285328144819e-04 4.5988894375220473e-04
0097 1.8016922679910650e-04 4.5991657804946012e-04
0098 1.8016559992192692e-04 4.5994450320300346e-04
0099 1.8016197264924088e-04 4.5997261906143819e-04
0100 1.8015834498040942e-04 4.6000094423889656e-04
0101 1.8015471691499809e-04 4.6002944149197149e-04
0102 1.8015108845253653e-04 4.6005802726752895e-04
0103 1.8014745959294819e-04 4.6008672582398681e-04
0104 1.8014383033584683e-04 4.6011548655251972e-04
0105 1.8014020068127953e-04 4.6014429939456047e-04
0106 1.8013657062905517e-04 4.6017312019216701e-04
0107 1.8013294017930884e-04 4.6020190504309860e-04
0108 1.8012930933219453e-04 4.6023065737451930e-04
0109 1.8012567808782309e-04 4.6025935521421419e-04
0110 1.8012204644646092e-04 4.6028794748292744e-04
0111 1.8011841440842104e-04 4.6031646059649405e-04
0112 1.8011478197407855e-04 4.6034485179477692e-04
0113 1.8011114914378020e-04 4.6037310480525760e-04
0114 1.8010751591811323e-04 4.6040122454099277e-04
0115 1.8010388229748296e-04 4.6042917833947263e-04
0116 1.8010024828243656e-04 4.6045695967595246e-04
0117 1.8009661387368065e-04 4.6048453250951076e-04
0118 1.8009297907173818e-04 4.6051189622560402e-04
0119 1.8008934387732045e-04 4.6053905619368484e-04
0120 1.8008570829113635e-04 4.6056601418891711e-04
0121 1.8008207231393777e-04 4.6059272750114836e-04
0122 1.8007843594655839e-04 4.6061919627732827e-04
0123 1.8007479918973656e-04 4.6064540528484711e-04
0124 1.8007116204429478e-04 4.6067138241552758e-04
0125 1.8006752451112416e-04 4.6069710560005250e-04
0126 1.8006388659105226e-04 4.6072254030633201e-04
0127 1.8006024828503872e-04 4.6074771387087047e-04
0128 1.8005660959401727e-04 4.6077260372672950e-04
0129 1.8005297051891040e-04 4.6079723595053178e-04
0130 1.8004933106074289e-04 4.6082158512642863e-04
0131 1.8004569122039531e-04 4.6084562695151483e-04
0132 1.8004205099889578e-04 4.6086938464786969e-04
0133 1.8003841039738102e-04 4.6089284904700243e-04
0134 1.8003476941671893e-04 4.6091603187606490e-04
0135 1.8003112805808953e-04 4.6093888610630930e-04
0136 1.8002748632247776e-04 4.6096146168218355e-04
0137 1.8002384421100361e-04 4.6098373461690999e-04
0138 1.8002020172464521e-04 4.6100571997943009e-04
0139 1.8001655886459674e-04 4.6102738302059942e-04
0140 1.8001291563200201e-04 4.6104875895008982e-04
0141 1.8000927202782452e-04 4.6106982671806297e-04
0142 1.8000562805337017e-04 4.6109059862016900e-04
0143 1.8000198370961512e-04 4.6111108252410365e-04
0144 1.7999833899776739e-04 4.6113125503199052e-04
0145 1.7999469391892801e-04 4.6115111097389335e-04
0146 1.7999104847421331e-04 4.6117068725284562e-04
0147 1.7998740266491508e-04 4.6118995999331420e-04
0148 1.7998375649204285e-04 4.6120891542255612e-04
0149 1.7998010995687446e-04 4.6122758837516969e-04
0150 1.7997646306049957e-04 4.6124597261574824e-04
0151 1.7997281580407840e-04 4.6126406318441134e-04
0152 1.7996916818885982e-04 4.6128186198702409e-04
0153 1.7996552021592229e-04 4.6129936147839336e-04
0154 1.7996187188661902e-04 4.6131655965161989e-04
0155 1.7995822320185720e-04 4.6133347650339232e-04
0156 1.7995457416295716e-04 4.6135011180964224e-04
0157 1.7995092477120588e-04 4.6136647010491230e-04
0158 1.7994727502767172e-04 4.6138253994836741e-04
0159 1.7994362493350626e-04 4.6139833301440779e-04
0160 1.7993997448997073e-04 4.6141383811193097e-04
0161 1.7993632369816729e-04 4.6142908681620393e-04
0162 1.7993267255938169e-04 4.6144404900857501e-04
0163 1.7992902107462371e-04 4.6145873445433577e-04
0164 1.7992536924525310e-04 4.6147316885936177e-04
0165 1.7992171707239616e-04 4.6148733971014701e-04
0166 1.7991806455720100e-04 4.6150124782979267e-04
0167 1.7991441170082985e-04 4.6151489330464401e-04
0168 1.7991075850447302e-04 4.6152827291326106e-04
0169 1.7990710496926677e-04 4.6154140655700116e-04
0170 1.7990345109645229e-04 4.6155428643870070e-04
0171 1.7989979688717701e-04 4.6156692308481980e-04
0172 1.7989614234250242e-04 4.6157932792736711e-04
0173 1.7989248746365635e-04 4.6159149106714221e-04
0174 1.7988883225180500e-04 4.6160340561810176e-04
0175 1.7988517670811756e-04 4.6161508132914949e-04
0176 1.7988152083364467e-04 4.6162652080435274e-04
0177 1.7987786462963875e-04 4.6163774298534852e-04
0178 1.7987420809713559e-04 4.6164873315679352e-04
0179 1.7987055123730827e-04 4.6165949571804241e-04
0180 1.7986689405134130e-04 4.6167005415696620e-04
0181 1.7986323654027583e-04 4.6168038445525969e-04
0182 1.7985957870519527e-04 4.6169051566547132e-04
0183 1.7985592054733742e-04 4.6170042083854414e-04
0184 1.7985226206770319e-04 4.6171013096329966e-04
0185 1.7984860326747843e-04 4.6171964964907014e-04
0186 1.7984494414755793e-04 4.6172896516392985e-04
0187 1.7984128470936630e-04 4.6173808877265806e-04
0188 1.7983762495366032e-04 4.6174701552905968e-04
0189 1.7983396488169278e-04 4.6175575007466872e-04
0190 1.7983030449448571e-04 4.6176429349757686e-04
0191 1.7982664379305092e-04 4.6177266556702440e-04
0192 1.7982298277846112e-04 4.6178084339505807e-04
0193 1.7981932145184855e-04 4.6178887663011337e-04
0194 1.7981565981416134e-04 4.6179672702973583e-04
0195 1.7981199786650781e-04 4.6180440652086164e-04
0196 1.7980833560977957e-04 4.6181193295329374e-04
0197 1.7980467304514781e-04 4.6181928568892242e-04
0198 1.7980101017355565e-04 4.6182649256813231e-04
0199 1.7979734699595428e-04 4.6183353050342557e-04
0200 1.7979368351337240e-04 4.6184042267347606e-04
0201 1.7979001972677789e-04 4.6184714463808578e-04
0202 1.7978635563718103e-04 4.6185372896984014e-04
0203 1.7978269124556683e-04 4.6186018844492159e-04
0204 1.7977902655290427e-04 4.6186651689854660e-04
0205 1.7977536156000255e-04 4.6187271021245259e-04
0206 1.7977169626797802e-04 4.6187876570215905e-04
0207 1.7976803067764181e-04 4.6188470610055826e-04
0208 1.7976436478995024e-04 4.6189050991424040e-04
0209 1.7976069860584719e-04 4.6189619260011603e-04
0210 1.7975703212623798e-04 4.6190175034174053e-04
0211 1.7975336535193612e-04 4.6190719526820320e-04
0212 1.7974969828390497e-04 4.6191252751795291e-04
0213 1.7974603092299149e-04 4.6191776139702274e-04
0214 1.7974236327018714e-04 4.6192286848935424e-04
0215 1.7973869532610592e-04 4.6192788608876508e-04
0216 1.7973502709178057e-04 4.6193279926089019e-04
0217 1.7973135856797168e-04 4.6193761896788692e-04
0218 1.7972768975549618e-04 4.6194235617765103e-04
0219 1.7972402065520883e-04 4.6194700454341956e-04
0220 1.7972035126791067e-04 4.6195155188032778e-04
0221 1.7971668159439381e-04 4.6195601485788220e-04
0222 1.7971301163544984e-04 4.6196040206608293e-04
0223 1.7970934139180958e-04 4.6196470021253052e-04
0224 1.7970567086425616e-04 4.6196892746912488e-04
0225 1.7970200005363877e-04 4.6197305754319592e-04
0226 1.7969832896052817e-04 4.6197712356046814e-04
0227 1.7969465758578735e-04 4.6198112178587547e-04
0228 1.7969098593012447e-04 4.6198505971124261e-04
0229 1.7968731399419489e-04 4.6198894168613172e-04
0230 1.7968364177866630e-04 4.6199273567536686e-04
0231 1.7967996928446245e-04 4.6199648773812398e-04
0232 1.7967629651196725e-04 4.6200016942727425e-04
0233 1.7967262346196269e-04 4.6200380171033831e-04
0234 1.7966895013515687e-04 4.6200740425876336e-04
0235 1.7966527653212266e-04 4.6201094090848627e-04
0236 1.7966160265356503e-04 4.6201442105333354e-04
0237 1.7965792850006755e-04 4.6201784851019711e-04
0238 1.7965425407226709e-04 4.6202123281176332e-04
0239 1.7965057937070904e-04 4.6202458738323125e-04
0240 1.7964690439602416e-04 4.6202789637020056e-04
0241 1.7964322914877428e-04 4.6203117441636000e-04
0242 1.7963955362952441e-04 4.6203440700701094e-04
0243 1.7963587783891003e-04 4.6203760735984769e-04
0244 1.7963220177744386e-04 4.6204077270816594e-04
0245 1.7962852544559671e-04 4.6204389885396276e-04
0246 1.7962484884385580e-04 4.6204699802923773e-04
0247 1.7962117197293633e-04 4.6205008020744408e-04
0248 1.7961749483313885e-04 4.6205313444551980e-04
0249 1.7961381742504133e-04 4.6205615896960942e-04
0250 1.7961013974912245e-04 4.6205916195077117e-04
0251 1.7960646180582789e-04 4.6206213742519330e-04
0252 1.7960278359564701e-04 4.6206509511750312e-04
0253 1.7959910511902065e-04 4.6206803980704177e-04
0254 1.7959542637634290e-04 4.6207096041952529e-04
0255 1.7959174736819369e-04 4.6207387788822107e-04
0256 1.7958806809478255e-04 4.6207677235844029e-04
0257 1.7958438855655650e-04 4.6207964611294950e-04
0258 1.7958070875403909e-04 4.6208251973851470e-04
0259 1.7957702868753801e-04 4.6208537197372335e-04
0260 1.7957334835742310e-04 4.6208823075716976e-04
0261 1.7956966776399745e-04 4.6209106481007373e-04
0262 1.7956598690774085e-04 4.6209390474845336e-04
0263 1.7956230578891334e-04 4.6209672041043254e-04
0264 1.7955862440781093e-04 4.6209955825165280e-04
0265 1.7955494276488207e-04 4.6210237932760057e-04
0266 1.7955126086028584e-04 4.6210517956501101e-04
0267 1.7954757869448245e-04 4.6210799904392952e-04
0268 1.7954389626767273e-04 4.6211079944078333e-04
0269 1.7954021358016875e-04 4.6211359817522962e-04
0270 1.7953653063217093e-04 4.6211639500094660e-04
0271 1.7953284742405550e-04 4.6211921269077904e-04
0272 1.7952916395602803e-04 4.6212201526641647e-04
0273 1.7952548022829296e-04 4.6212482492448702e-04
0274 1.7952179624110357e-04 4.6212762702504517e-04
0275 1.7951811199469001e-04 4.6213045631597919e-04
0276 1.7951442748933999e-04 4.6213328037820507e-04
0277 1.7951074272522114e-04 4.6213610192611542e-04
0278 1.7950705770249052e-04 4.6213890686878901e-04
0279 1.7950337242130944e-04 4.6214172838592949e-04
0280 1.7949968688204566e-04 4.6214458086596757e-04
0281 1.7949600108458846e-04 4.6214742969208003e-04
0282 1.7949231502934355e-04 4.6215027254127236e-04
0283 1.7948862871633670e-04 4.6215312880212156e-04
0284 1.7948494214580277e-04 4.6215599577241457e-04
0285 1.7948125531787017e-04 4.6215884851475548e-04
0286 1.7947756823260085e-04 4.6216172495447286e-04
0287 1.7947388089014832e-04 4.6216461732050628e-04
0288 1.7947019329064086e-04 4.6216749643822233e-04
0289 1.7946650543422960e-04 4.6217039276609295e-04
0290 1.7946281732097823e-04 4.6217330209064538e-04
0291 1.7945912895100632e-04 4.6217620302691908e-04
0292 1.7945544032436957e-04 4.6217911817850096e-04
0293 1.7945175144114367e-04 4.6218204130363559e-04
0294 1.7944806230145685e-04 4.6218499188275332e-04
0295 1.7944437290535198e-04 4.6218793341474629e-04
0296 1.7944068325288128e-04 4.6219090430780151e-04
0297 1.7943699334409504e-04 4.6219386140043992e-04
0298 1.7943330317909004e-04 4.6219683871784518e-04
0299 1.7942961275781085e-04 4.6219981032675372e-04
0300 1.7942592208038929e-04 4.6220279738733486e-04
0301 1.7942223114682739e-04 4.6220580496874198e-04
0302 1.7941853995719759e-04 4.6220881304366769e-04
0303 1.7941484851149639e-04 4.6221183412004080e-04
0304 1.7941115680966631e-04 4.6221483938815096e-04
0305 1.7940746485178751e-04 4.6221787614851513e-04
0306 1.7940377263782518e-04 4.6222090804483692e-04
0307 1.7940008016785824e-04 4.6222395943226117e-04
0308 1.7939638744179527e-04 4.6222701834245251e-04
0309 1.7939269445971318e-04 4.6223006612198430e-04
0310 1.7938900122154924e-04 4.6223314408343837e-04
0311 1.7938530772728881e-04 4.6223621156227853e-04
0312 1.7938161397692000e-04 4.6223928405768761e-04
0313 1.7937791997040171e-04 4.6224236337576082e-04
0314 1.7937422570771467e-04 4.6224545545706135e-04
0315 1.7937053118880018e-04 4.6224855180364879e-04
0316 1.7936683641368615e-04 4.6225165906990727e-04
0317 1.7936314138232282e-04 4.6225476701713204e-04
0318 1.7935944609470041e-04 4.6225789064592977e-04
0319 1.7935575055060766e-04 4.6226100924640632e-04
0320 1.7935205475018252e-04 4.6226413181159776e-04
0321 1.7934835869330305e-04 4.6226726313523055e-04
0322 1.7934466237983402e-04 4.6227040512285213e-04
0323 1.7934096580985459e-04 4.6227353067067854e-04
0324 1.7933726898321771e-04 4.6227666947468225e-04
0325 1.7933357189994857e-04 4.6227981007993462e-04
0326 1.7932987455992566e-04 4.6228296275222869e-04
0327 1.7932617696308001e-04 4.6228610118015948e-04
0328 1.7932247910929921e-04 4.6228925289379429e-04
0329 1.7931878099862055e-04 4.6229241819226527e-04
0330 1.7931508263089601e-04 4.6229556961112226e-04
0331 1.7931138342878745e-04 4.6236671658083739e-04
0332 1.7930768470436802e-04 4.6235538423864916e-04
0333 1.7930398568033755e-04 4.6234662776817813e-04
0334 1.7930028636804448e-04 4.6233972452053231e-04
0335 1.7929658677554752e-04 4.6233427945197530e-04
0336 1.7929288690875898e-04 4.6233011842372086e-04
0337 1.7928918677228499e-04 4.6232706488105708e-04
0338 1.7928548636927537e-04 4.6232499720541879e-04
0339 1.7928178570207140e-04 4.6232385013964764e-04
0340 1.7927808477224917e-04 4.6232351933755473e-04
0341 1.7927438358110245e-04 4.6232390221868236e-04
0342 1.7927068212957075e-04 4.6232494096380260e-04
0343 1.7926698041811177e-04 4.6232652911643393e-04
0344 1.7926327844707701e-04 4.6232858537158315e-04
0345 1.7925957621700865e-04 4.6233106048242838e-04
0346 1.7925587372801454e-04 4.6233384239813551e-04
0347 1.7925217098005135e-04 4.6233692081381678e-04
0348 1.7924846797338665e-04 4.6234022628223351e-04
0349 1.7924476470791695e-04 4.6234371552667821e-04
0350 1.7924106118363865e-04 4.6234732063390311e-04
0351 1.7923735740061448e-04 4.6235100114489950e-04
0352 1.7923365335856633e-04 4.6235475576432336e-04
0353 1.7922994905764341e-04 4.6235852378863536e-04
0354 1.7922624449775087e-04 4.6236233167971724e-04
0355 1.7922253967877594e-04 4.6236610552492492e-04
0356 1.7921883460068238e-04 4.6236986626745601e-04
0357 1.7921512926353294e-04 4.6237362981303877e-04
0358 1.7921142366695707e-04 4.6237735286615918e-04
0359 1.7920771781103307e-04 4.6238103156303961e-04
0360 1.7920401169570549e-04 4.6238464683238690e-04
0361 1.7920030532074042e-04 4.6238820388967743e-04
0362 1.7919659868623916e-04 4.6239174211198746e-04
0363 1.7919289179229772e-04 4.6239520332269537e-04
0364 1.7918918463839163e-04 4.6239864631093314e-04
0365 1.7918547722456940e-04 4.6240203574416587e-04
0366 1.7918176955111247e-04 4.6240537152770789e-04
0367 1.7917806161755307e-04 4.6240866684215873e-04
0368 1.7917435342394190e-04 4.6241190539624428e-04
0369 1.7917064497027546e-04 4.6241513444013208e-04
0370 1.7916693625643848e-04 4.6241831772455297e-04
0371 1.7916322728236050e-04 4.6242145589944376e-04
0372 1.7915951804791375e-04 4.6242456764264899e-04
0373 1.7915580855323344e-04 4.6242763628191871e-04
0374 1.7915209879790437e-04 4.6243070355483576e-04
0375 1.7914838878221821e-04 4.6243370105038972e-04
0376 1.7914467850588367e-04 4.6243667695381342e-04
0377 1.7914096796901698e-04 4.6243964676064627e-04
0378 1.7913725717137068e-04 4.6244259272466051e-04
0379 1.7913354611311016e-04 4.6244553626144033e-04
0380 1.7912983479392966e-04 4.6244845812956701e-04
0381 1.7912612321398398e-04 4.6245134807414943e-04
0382 1.7912241137309887e-04 4.6245420613193916e-04
0383 1.7911869927117295e-04 4.6245709536345449e-04
0384 1.7911498690830835e-04 4.6245994930151042e-04
0385 1.7911127428450082e-04 4.6246279929962889e-04
0386 1.7910756139944512e-04 4.6246561525884806e-04
0387 1.7910384825317417e-04 4.6246841684699042e-04
0388 1.7910013484571816e-04 4.6247117474160969e-04
0389 1.7909642117710191e-04 4.6247394252715732e-04
0390 1.7909270724701483e-04 4.6247670787760275e-04
0391 1.7908899305578964e-04 4.6247946538233365e-04
0392 1.7908527860304867e-04 4.6248222029237859e-04
0393 1.7908156388889723e-04 4.6248493420463242e-04
0394 1.7907784891326277e-04 4.6248765967411056e-04
0395 1.7907413367617434e-04 4.6249039121886126e-04
0396 1.7907041817748630e-04 4.6249309272691953e-04
0397 1.7906670241725690e-04 4.6249578234414752e-04
0398 1.7906298639531687e-04 4.6249846803764146e-04
0399 1.7905927011172359e-04 4.6250112984743422e-04
0400 1.7905555356651417e-04 4.6250379788592358e-04
0401 1.7905183675954325e-04 4.6250647162194506e-04
0402 1.7904811969078393e-04 4.6250912015025785e-04
0403 1.7904440236021522e-04 4.6251173946275766e-04
0404 1.7904068476790595e-04 4.6251436692075959e-04
0405 1.7903696691371282e-04 4.6251695723184604e-04
0406 1.7903324879758233e-04 4.6251958794419295e-04
0407 1.7902953041948035e-04 4.6252217784327254e-04
0408 1.7902581177947239e-04 4.6252478406860005e-04
0409 1.7902209287746029e-04 4.6252736964169232e-04
0410 1.7901837371344298e-04 4.6252996026387210e-04
0411 1.7901465428738834e-04 4.6253254272732276e-04
0412 1.7901093459926396e-04 4.6253509797423130e-04
0413 1.7900721464902988e-04 4.6253766168745581e-04
0414 1.7900349443675657e-04 4.6254019921294475e-04
0415 1.7899977396216245e-04 4.6254272511772127e-04
0416 1.7899605322555990e-04 4.6254526072377690e-04
0417 1.7899233222653057e-04 4.6254779121533885e-04
0418 1.7898861096538182e-04 4.6255028251369245e-04
0419 1.7898488944194651e-04 4.6255279544853291e-04
0420 1.7898116765623472e-04 4.6255531127416510e-04
0421 1.7897744560823494e-04 4.6255781150413125e-04
0422 1.7897372329785525e-04 4.6256030824563772e-04
0423 1.7897000072503215e-04 4.6256283193048801e-04
0424 1.7896627788982413e-04 4.6256531679100734e-04
0425 1.7896255479224577e-04 4.6256779981607626e-04
0426 1.7895883143210557e-04 4.6257027158075320e-04
0427 1.7895510780957920e-04 4.6257273368921129e-04
0428 1.7895138392447370e-04 4.6257518314505273e-04
0429 1.7894765977678086e-04 4.6257764302647629e-04
0430 1.7894393536648057e-04 4.6258010104430506e-04
0431 1.7894021069372662e-04 4.6258254982599692e-04
0432 1.7893648575810711e-04 4.6258500963221934e-04
0433 1.7893276055992494e-04 4.6258745064996394e-04
0434 1.7892903509900192e-04 4.6258991398850577e-04
0435 1.7892530937535826e-04 4.6259235722455073e-04
0436 1.7892158338885143e-04 4.6259479601362148e-04
0437 1.7891785713956352e-04 4.6259724336975239e-04
0438 1.7891413062734297e-04 4.6259965525239120e-04
0439 1.7891040385234282e-04 4.6260207334631226e-04
0440 1.7890667681427614e-04 4.6260451382637964e-04
0441 1.7890294951338915e-04 4.6260695237153332e-04
0442 1.7889922194941755e-04 4.6260939207600014e-04
0443 1.7889549412240216e-04 4.6261180551360583e-04
0444 1.7889176603214522e-04 4.6261424263280141e-04
0445 1.7888803767885080e-04 4.6261666462119234e-04
0446 1.7888430906229703e-04 4.6261910587702101e-04
0447 1.7888058018264823e-04 4.6262153954225162e-04
0448 1.7887685103957091e-04 4.6262398711808172e-04
0449 1.7887312163317705e-04 4.6262640278603022e-04
0450 1.7886939196344809e-04 4.6262884460347042e-04
0451 1.7886566203016284e-04 4.6263128423177426e-04
0452 1.7886193183340487e-04 4.6263371810775051e-04
0453 1.7885820137314423e-04 4.6263615768064740e-04
0454 1.7885447064921016e-04 4.6263858544196240e-04
0455 1.7885073966161924e-04 4.6264103692398244e-04
0456 1.7884700841030594e-04 4.6264348543612906e-04
0457 1.7884327689517084e-04 4.6264593861729665e-04
0458 1.7883954511619882e-04 4.6264840070385673e-04
0459 1.7883581307326900e-04 4.6265084029819609e-04
0460 1.7883208076629176e-04 4.6265331633233364e-04
0461 1.7882834819530038e-04 4.6265576187294610e-04
0462 1.7882461536018746e-04 4.6265823487997237e-04
0463 1.7882088226084823e-04 4.6266070837655131e-04
0464 1.7881714889719699e-04 4.6266318745096316e-04
0465 1.7881341526915887e-04 4.6266566607293267e-04
0466 1.7880968137677603e-04 4.6266818564253830e-04
0467 1.7880594721981848e-04 4.6267069728129308e-04
0468 1.7880221279815097e-04 4.6267315821119429e-04
0469 1.7879847811186957e-04 4.6267567540714797e-04
0470 1.7879474316084449e-04 4.6267819859152214e-04
0471 1.7879100794485330e-04 4.6268071438680799e-04
0472 1.7878727246399296e-04 4.6268323981326156e-04
0473 1.7878353671801556e-04 4.6268577034715391e-04
0474 1.7877980070695604e-04 4.6268831690907201e-04
0475 1.7877606443054611e-04 4.6269087659841146e-04
0476 1.7877232788881774e-04 4.6269343562217941e-04
0477 1.7876859108176290e-04 4.6269597865293116e-04
0478 1.7876485400900838e-04 4.6269854700675987e-04
0479 1.7876111667059294e-04 4.6270113114639950e-04
0480 1.7875737906651259e-04 4.6270371730339145e-04
0481 1.7875364119650719e-04 4.6270635663543517e-04
0482 1.7874990306049912e-04 4.6270894611458700e-04
0483 1.7874616465849406e-04 4.6271154391955055e-04
0484 1.7874242599014753e-04 4.6271415061790251e-04
0485 1.7873868705548177e-04 4.6271681900051368e-04
0486 1.7873494785442494e-04 4.6271946367834447e-04
0487 1.7873120838668717e-04 4.6272212959610765e-04
0488 1.7872746865230289e-04 4.6272475945050208e-04
0489 1.7872372865112174e-04 4.6272746508615141e-04
0490 1.7871998838296606e-04 4.6273014482375597e-04
0491 1.7871624784768285e-04 4.6273283863680121e-04
0492 1.7871250704516660e-04 4.6273555978651487e-04
0493 1.7870876597534649e-04 4.6273827032027352e-04
0494 1.7870502463801838e-04 4.6274098375223950e-04
0495 1.7870128303304868e-04 4.6274371802321922e-04
0496 1.7869754116026383e-04 4.6274647551433330e-04
0497 1.7869379901961385e-04 4.6274923711000978e-04
0498 1.7869005661089570e-04 4.6275200705766205e-04
0499 1.7868631393400100e-04 4.6275479032839865e-04
0500 1.7868257098866897e-04 4.6275761027886483e-04
0501 1.7867882777479691e-04 4.6276041952192376e-04
0502 1.7867508429226405e-04 4.6276321551084548e-04
0503 1.7867134054099968e-04 4.6276605056062842e-04
0504 1.7866759652075505e-04 4.6276890618228796e-04
0505 1.7866385223126442e-04 4.6277177977828443e-04
0506 1.7866010767254067e-04 4.6277464167989249e-04
0507 1.7865636284436219e-04 4.6277750937334135e-04
0508 1.7865261774647895e-04 4.6278040531018178e-04
0509 1.7864887237892035e-04 4.6278332234324756e-04
0510 1.7864512674133220e-04 4.6278623450030792e-04
0511 1.7864138083358545e-04 4.6278918603793399e-04
0512 1.7863763465560364e-04 4.6279211874923588e-04
0513 1.7863388820706544e-04 4.6279505642194378e-04
0514 1.7863014148785576e-04 4.6279802989461000e-04
0515 1.7862639449797179e-04 4.6280099253834646e-04
0516 1.7862264723689445e-04 4.6280401157494986e-04
0517 1.7861889970474321e-04 4.6280702263089513e-04
0518 1.7861515190111581e-04 4.6281004471223356e-04
0519 1.7861140382601732e-04 4.6281308351963008e-04
0520 1.7860765547912986e-04 4.6281613581533495e-04
0521 1.7860390686030056e-04 4.6281919610776523e-04
0522 1.7860015796936204e-04 4.6282229571099952e-04
0523 1.7859640880608311e-04 4.6282537169343947e-04
0524 1.7859265937030384e-04 4.6282846303121096e-04
0525 1.7858890966197959e-04 4.6283158457631083e-04
0526 1.7858515968049852e-04 4.6283472414030308e-04
0527 1.7858140942613490e-04 4.6283785377235675e-04
0528 1.7857765889836677e-04 4.6284101572350428e-04
0529 1.7857390809722476e-04 4.6284418193930348e-04
0530 1.7857015702234095e-04 4.6284736906826869e-04
0531 1.7856640567354891e-04 4.6285059580249014e-04
0532 1.7856265405075228e-04 4.6285381115817199e-04
0533 1.7855890215358046e-04 4.6285702352985754e-04
0534 1.7855514998191949e-04 4.6286025307705866e-04
0535 1.7855139753564431e-04 4.6286348621716363e-04
0536 1.7854764481439159e-04 4.6286675252766419e-04
0537 1.7854389181805127e-04 4.6287003964824388e-04
0538 1.7854013854637596e-04 4.6287333374333813e-04
0539 1.7853638499912768e-04 4.6287664102326309e-04
0540 1.7853263117618891e-04 4.6287992751500726e-04
0541 1.7852887707726518e-04 4.6288326404110206e-04
0542 1.7852512270220806e-04 4.6288661497960980e-04
0543 1.7852136805070304e-04 4.6288998797641982e-04
0544 1.7851761312271232e-04 4.6289335667858324e-04
0545 1.7851385791776698e-04 4.6289673733868828e-04
0546 1.7851010243591438e-04 4.6290013797073768e-04
0547 1.7850634667673394e-04 4.6290354487617610e-04
0548 1.7850259064005838e-04 4.6290696212306987e-04
0549 1.7849883432574635e-04 4.6291038256611705e-04
0550 1.7849507773357121e-04 4.6291383456817636e-04
0551 1.7849132086325843e-04 4.6291732063747227e-04
0552 1.7848756371461550e-04 4.6292079473619815e-04
0553 1.7848380628736042e-04 4.6292428538350917e-04
0554 1.7848004858135656e-04 4.6292780093855161e-04
0555 1.7847629059630736e-04 4.6293128197557866e-04
0556 1.7847253233207729e-04 4.6293482894843135e-04
0557 1.7846877378831238e-04 4.6293836384629069e-04
0558 1.7846501496501544e-04 4.6294193107229475e-04
0559 1.7846125586168509e-04 4.6294547802859444e-04
0560 1.7845749647824098e-04 4.6294906436721657e-04
0561 1.7845373681447602e-04 4.6295264268187721e-04
0562 1.7844997687009614e-04 4.6295626134925110e-04
0563 1.7844621664496945e-04 4.6295986059419062e-04
0564 1.7844245613878905e-04 4.6296348410317318e-04
0565 1.7843869535135373e-04 4.6296713052858122e-04
0566 1.7843493428243326e-04 4.6297075200942819e-04
0567 1.7843117293176342e-04 4.6297441343093988e-04
0568 1.7842741129925043e-04 4.6297808245718768e-04
0569 1.7842364938447733e-04 4.6298175265053717e-04
0570 1.7841988718742934e-04 4.6298544542430553e-04
0571 1.7841612470773227e-04 4.6298913140180081e-04
0572 1.7841236194513852e-04 4.6299284939797894e-04
0573 1.7840859889950843e-04 4.6299657018039289e-04
0574 1.7840483557054983e-04 4.6300033546037772e-04
0575 1.7840107195810307e-04 4.6300408457542315e-04
0576 1.7839730806190572e-04 4.6300785843203231e-04
0577 1.7839354388168486e-04 4.6301160335995888e-04
0578 1.7838977941729529e-04 4.6301539067900921e-04
0579 1.7838601466842026e-04 4.6301917847677818e-04
0580 1.7838224963489136e-04 4.6302297478294712e-04
0581 1.7837848431649476e-04 4.6302678241092897e-04
0582 1.7837471871301361e-04 4.6303062975736487e-04
0583 1.7837095282407438e-04 4.6303447466825698e-04
0584 1.7836718664953333e-04 4.6303831767829749e-04
0585 1.7836342018935503e-04 4.6304216358075586e-04
0586 1.7835965344304301e-04 4.6304602583417838e-04
0587 1.7835588641053628e-04 4.6304991029589556e-04
0588 1.7835211909140016e-04 4.6305376648397644e-04
0589 1.7834835148564562e-04 4.6305764769466164e-04
0590 1.7834458359286298e-04 4.6306153770772222e-04
0591 1.7834081541309528e-04 4.6306547395460129e-04
0592 1.7833704694579657e-04 4.6306940859293502e-04
0593 1.7833327819088559e-04 4.6307332219838775e-04
0594 1.7832950914812513e-04 4.6307725182336587e-04
0595 1.7832573981730988e-04 4.6308120281530855e-04
0596 1.7832197019820758e-04 4.6308515692233696e-04
0597 1.7831820029052433e-04 4.6308914376446970e-04
0598 1.7831443009416495e-04 4.6309311956545121e-04
0599 1.7831065960884101e-04 4.6309712419134535e-04
0600 1.7830688883424973e-04 4.6310113233684048e-04
