# step du_rel dp_rel
# u_rtol 1.0000000000000000e-04
# p_rtol 1.0000000000000000e-03
0001 1.7678949182176938e-04 1.8420134607323755e-02
0002 1.7678514598399575e-04 1.6798457182750078e-02
0003 1.7678083284726771e-04 1.5301594941359100e-02
0004 1.7677653829752319e-04 1.3924002971402281e-02
0005 1.7677225457734557e-04 1.2659334502270740e-02
0006 1.7676797750939681e-04 1.1500819491619624e-02
0007 1.7676370490801778e-04 1.0441532535812131e-02
0008 1.7675943567183595e-04 9.4745791887604069e-03
0009 1.7675516926978258e-04 8.5932248296375757e-03
0010 1.7675090545694059e-04 7.7909800762063558e-03
0011 1.7674664411598473e-04 7.0616560919052182e-03
0012 1.7674238517645488e-04 6.3993967385403598e-03
0013 1.7673812857402102e-04 5.7986958785549167e-03
0014 1.7673387423191783e-04 5.2544022388093499e-03
0015 1.7672962205565599e-04 4.7617168249505419e-03
0016 1.7672537193324570e-04 4.3161842496600928e-03
0017 1.7672112373831611e-04 3.9136805544179388e-03
0018 1.7671687733386961e-04 3.5503984078360711e-03
0019 1.7671263257619879e-04 3.2228304327254261e-03
0020 1.7670838931843437e-04 2.9277520987373296e-03
0021 1.7670414741389581e-04 2.6622041414802230e-03
0022 1.7669990671729141e-04 2.4234745646429337e-03
0023 1.7669566708770950e-04 2.2090816478405315e-03
0024 1.7669142838961768e-04 2.0167568580338603e-03
0025 1.7668719049260183e-04 1.8444283092273125e-03
0026 1.7668295327406505e-04 1.6902050907046280e-03
0027 1.7667871661760702e-04 1.5523626844018870e-03
0028 1.7667448041399616e-04 1.4293281480348662e-03
0029 1.7667024456139981e-04 1.3196673227941864e-03
0030 1.7666600896458547e-04 1.2220721634445036e-03
0031 1.7666177353509180e-04 1.1353496473453682e-03
0032 1.7665753819105930e-04 1.0584110222614717e-03
0033 1.7665330285646083e-04 9.9026257143024861e-04
0034 1.7664906746158124e-04 9.2999712723360105e-04
0035 1.7664483194143878e-04 8.7678709663508152e-04
0036 1.7664059623707346e-04 8.2987780134115654e-04
0037 1.7663636029357371e-04 7.8858183669560311e-04
0038 1.7663212406116686e-04 7.5227464321174270e-04
0039 1.7662788749372459e-04 7.2038989413605111e-04
0040 1.7662365054899390e-04 6.9241581173562115e-04
0041 1.7661941318870201e-04 6.6789162012427104e-04
0042 1.7661517537762537e-04 6.4640383932318510e-04
0043 1.7661093708349980e-04 6.2758315890620885e-04
0044 1.7660669827705415e-04 6.1110105994414347e-04
0045 1.7660245893136116e-04 5.9666629234926430e-04
0046 1.7659821902229672e-04 5.8402188134692285e-04
0047 1.7659397852777959e-04 5.7294160625241317e-04
0048 1.7658973742727685e-04 5.6322712062499797e-04
0049 1.7658549570252706e-04 5.5470487234812044e-04
0050 1.7658125333675303e-04 5.4722335722246873e-04
0051 1.7657701031482004e-04 5.4065043064866229e-04
0052 1.7657276662336448e-04 5.3487122000543512e-04
0053 1.7656852224928030e-04 5.2978577859159014e-04
0054 1.7656427718157837e-04 5.2530715436806556e-04
0055 1.7656003141007745e-04 5.2135982980643612e-04
0056 1.7655578492520031e-04 5.1787811548654203e-04
0057 1.7655153771884972e-04 5.1480488986716129e-04
0058 1.7654728978315241e-04 5.1209041335791407e-04
0059 1.7654304111123045e-04 5.0969138583255866e-04
0060 1.7653879169708236e-04 5.0757008132170690e-04
0061 1.7653454153466057e-04 5.0569349979017841e-04
0062 1.7653029061912546e-04 5.0403291514045795e-04
0063 1.7652603894604098e-04 5.0256315729130436e-04
0064 1.7652178651044465e-04 5.0126216370107444e-04
0065 1.7651753330942451e-04 5.0011058111745592e-04
0066 1.7651327933908834e-04 4.9909145714917269e-04
0067 1.7650902459629054e-04 4.9818984350032721e-04
0068 1.7650476907816898e-04 4.9739262207482767e-04
0069 1.7650051278207590e-04 4.9668823030243751e-04
0070 1.7649625570603309e-04 4.9606651093080079e-04
0071 1.7649199784747305e-04 4.9551834605367489e-04
0072 1.7648773920445670e-04 4.9503574018904873e-04
0073 1.7648347977537406e-04 4.9461171317702530e-04
0074 1.7647921955837265e-04 4.9423999534424870e-04
0075 1.7647495855175029e-04 4.9391500161845596e-04
0076 1.7647069675430112e-04 4.9363175022751988e-04
0077 1.7646643416460538e-04 4.9338595588446917e-04
0078 1.7646217078114908e-04 4.9317359638775197e-04
0079 1.7645790660311738e-04 4.9299128301061096e-04
0080 1.7645364162903303e-04 4.9283584319445323e-04
0081 1.7644937585792198e-04 4.9270448460341193e-04
0082 1.7644510928881724e-04 4.9259476811317480e-04
0083 1.7644084192041472e-04 4.9250447387476934e-04
0084 1.7643657375201118e-04 4.9243162221035831e-04
0085 1.7643230478250028e-04 4.9237436216453205e-04
0086 1.7642803501086065e-04 4.9233118207886884e-04
0087 1.7642376443621316e-04 4.9230056031687622e-04
0088 1.7641949305770895e-04 4.9228129165533509e-04
0089 1.7641522087428346e-04 4.9227217182328464e-04
0090 1.7641094788465624e-04 4.9227211717028170e-04
0091 1.7640667408886423e-04 4.9228027700138775e-04
0092 1.7640239948506201e-04 4.9229575629101149e-04
0093 1.7639812407243966e-04 4.9231779480568734e-04
0094 1.7639384785001508e-04 4.9234572903435116e-04
0095 1.7638957081702981e-04 4.9237895762619657e-04
0096 1.7638529297235150e-04 4.9241687828363080e-04
0097 1.7638101431487722e-04 4.9245894599134709e-04
0098 1.7637673484367114e-04 4.9250480944122558e-04
0099 1.7637245455746014e-04 4.9255393202836883e-04
0100 1.7636817345554869e-04 4.9260604967824603e-04
0101 1.7636389153657673e-04 4.9266082791322508e-04
0102 1.7635960879909909e-04 4.9271788936454028e-04
0103 1.7635532524254375e-04 4.9277701511499369e-04
0104 1.7635104086546538e-04 4.9283788982890878e-04
0105 1.7634675566658594e-04 4.9290033850231624e-04
0106 1.7634246964490794e-04 4.9296419805185229e-04
0107 1.7633818279893593e-04 4.9302921625060073e-04
0108 1.7633389512748354e-04 4.9309526922211154e-04
0109 1.7632960662940843e-04 4.9316222958787107e-04
0110 1.7632531730315434e-04 4.9322990462613949e-04
0111 1.7632102714773042e-04 4.9329818543159410e-04
0112 1.7631673616141032e-04 4.9336695706424434e-04
0113 1.7631244434299190e-04 4.9343617356610689e-04
0114 1.7630815169108961e-04 4.9350569865201567e-04
0115 1.7630385820397836e-04 4.9357546989235051e-04
0116 1.7629956388083936e-04 4.9364542236444802e-04
0117 1.7629526871969651e-04 4.9371549074178709e-04
0118 1.7629097271938094e-04 4.9378557193953659e-04
0119 1.7628667587807451e-04 4.9385561507293081e-04
0120 1.7628237819468511e-04 4.9392567625017195e-04
0121 1.7627807966727796e-04 4.9399563183798005e-04
0122 1.7627378029442755e-04 4.9406550356033017e-04
0123 1.7626948007466701e-04 4.9413517117591181e-04
0124 1.7626517900653807e-04 4.9420461186581392e-04
0125 1.7626087708815788e-04 4.9427383984485191e-04
0126 1.7625657431800078e-04 4.9434281115642517e-04
0127 1.7625227069457104e-04 4.9441158100177864e-04
0128 1.7624796621615316e-04 4.9448004757845436e-04
0129 1.7624366088122743e-04 4.9454820585498685e-04
0130 1.7623935468801902e-04 4.9461606736489157e-04
0131 1.7623504763502652e-04 4.9468359296126851e-04
0132 1.7623073972039438e-04 4.9475083411532896e-04
0133 1.7622643094240674e-04 4.9481772097040191e-04
0134 1.7622212129949637e-04 4.9488424432065714e-04
0135 1.7621781079004794e-04 4.9495039719457386e-04
0136 1.7621349941255438e-04 4.9501624701154623e-04
0137 1.7620918716483960e-04 4.9508170153778985e-04
0138 1.7620487404535260e-04 4.9514678702360787e-04
0139 1.7620056005233510e-04 4.9521152086321309e-04
0140 1.7619624518441549e-04 4.9527588733495431e-04
0141 1.7619192943976362e-04 4.9533990405004904e-04
0142 1.7618761281633293e-04 4.9540350455488870e-04
0143 1.7618329531262427e-04 4.9546676612362208e-04
0144 1.7617897692698869e-04 4.9552968568668677e-04
0145 1.7617465765773160e-04 4.9559224211045863e-04
0146 1.7617033750281174e-04 4.9565442178994249e-04
0147 1.7616601646066669e-04 4.9571619515786415e-04
0148 1.7616169453006208e-04 4.9577763585205187e-04
0149 1.7615737170843072e-04 4.9583877274907888e-04
0150 1.7615304799470624e-04 4.9589954032471753e-04
0151 1.7614872338677430e-04 4.9595996647790045e-04
0152 1.7614439788307364e-04 4.9602003332671586e-04
0153 1.7614007148198665e-04 4.9607971362045685e-04
0154 1.7613574418185842e-04 4.9613912276446671e-04
0155 1.7613141598052842e-04 4.9619816900570840e-04
0156 1.7612708687684246e-04 4.9625690704840800e-04
0157 1.7612275686876289e-04 4.9631532935954668e-04
0158 1.7611842595461333e-04 4.9637341692226878e-04
0159 1.7611409413298000e-04 4.9643119473556142e-04
0160 1.7610976140184609e-04 4.9648866856150217e-04
0161 1.7610542775973561e-04 4.9654589031000328e-04
0162 1.7610109320479096e-04 4.9660275658314711e-04
0163 1.7609675773561808e-04 4.9665930169592594e-04
0164 1.7609242135038363e-04 4.9671557809157375e-04
0165 1.7608808404745470e-04 4.9677164476133321e-04
0166 1.7608374582513239e-04 4.9682738085901970e-04
0167 1.7607940668193787e-04 4.9688286287414196e-04
0168 1.7607506661593630e-04 4.9693807489492754e-04
0169 1.7607072562568111e-04 4.9699308679660272e-04
0170 1.7606638370965390e-04 4.9704774247410371e-04
0171 1.7606204086618370e-04 4.9710220295602636e-04
0172 1.7605769709329555e-04 4.9715644040504035e-04
0173 1.7605335238985928e-04 4.9721039794393322e-04
0174 1.7604900675417524e-04 4.9726418205193329e-04
0175 1.7604466018439514e-04 4.9731770154227972e-04
0176 1.7604031267930018e-04 4.9737098948639561e-04
0177 1.7603596423699464e-04 4.9742403347207797e-04
0178 1.7603161485608328e-04 4.9747691298845822e-04
0179 1.7602726453478941e-04 4.9752958159877546e-04
0180 1.7602291327170212e-04 4.9758202618335582e-04
0181 1.7601856106554505e-04 4.9763431885484590e-04
0182 1.7601420791420292e-04 4.9768643051099936e-04
0183 1.7600985381664234e-04 4.9773842959051286e-04
0184 1.7600549877096102e-04 4.9779012579203598e-04
0185 1.7600114277595080e-04 4.9784170793175484e-04
0186 1.7599678582988753e-04 4.9789310486737424e-04
0187 1.7599242793101170e-04 4.9794438874563481e-04
0188 1.7598806907827559e-04 4.9799545668183958e-04
0189 1.7598370927011475e-04 4.9804636252327760e-04
0190 1.7597934850468655e-04 4.9809718323397994e-04
0191 1.7597498678069645e-04 4.9814780759031266e-04
0192 1.7597062409660169e-04 4.9819832498578117e-04
0193 1.7596626045101395e-04 4.9824870580584147e-04
0194 1.7596189584242434e-04 4.9829896461949495e-04
0195 1.7595753026944340e-04 4.9834912108455431e-04
0196 1.7595316373019405e-04 4.9839919459501259e-04
0197 1.7594879622358947e-04 4.9844912175910235e-04
0198 1.7594442774818231e-04 4.9849892604299023e-04
0199 1.7594005830216420e-04 4.9854865870137971e-04
0200 1.7593568788440547e-04 4.9859826149532902e-04
0201 1.7593131649340987e-04 4.9864781973681777e-04
0202 1.7592694412741866e-04 4.9869729427087480e-04
0203 1.7592257078528437e-04 4.9874663019627743e-04
0204 1.7591819646562299e-04 4.9879591889453870e-04
0205 1.7591382116653072e-04 4.9884512621104751e-04
0206 1.7590944488700709e-04 4.9889433026113067e-04
0207 1.7590506762541288e-04 4.9894343887311077e-04
0208 1.7590068938021409e-04 4.9899247781011718e-04
0209 1.7589631015015589e-04 4.9904147955266145e-04
0210 1.7589192993393553e-04 4.9909043633179989e-04
0211 1.7588754872963376e-04 4.9913929092912856e-04
0212 1.7588316653602778e-04 4.9918809382625321e-04
0213 1.7587878335183815e-04 4.9923687638317351e-04
0214 1.7587439917526995e-04 4.9928564479746924e-04
0215 1.7587001400527503e-04 4.9933438591908829e-04
0216 1.7586562784015881e-04 4.9938307953796492e-04
0217 1.7586124067864233e-04 4.9943177590102978e-04
0218 1.7585685251880553e-04 4.9948041615563085e-04
0219 1.7585246335970862e-04 4.9952904363025606e-04
0220 1.7584807319972884e-04 4.9957773277864437e-04
0221 1.7584368203743238e-04 4.9962635050023688e-04
0222 1.7583928987131603e-04 4.9967497214005528e-04
0223 1.7583489669975949e-04 4.9972353103059297e-04
0224 1.7583050252169272e-04 4.9977213806637474e-04
0225 1.7582610733524293e-04 4.9982077866601241e-04
0226 1.7582171113921232e-04 4.9986937205151807e-04
0227 1.7581731393181090e-04 4.9991799347274635e-04
0228 1.7581291571181485e-04 4.9996662924614089e-04
0229 1.7580851647770011e-04 5.0001527187906649e-04
0230 1.7580411622795066e-04 5.0006392631463093e-04
0231 1.7579971496099647e-04 5.0011260780451097e-04
0232 1.7579531267545093e-04 5.0016131959358906e-04
0233 1.7579090936965835e-04 5.0021006282139409e-04
0234 1.7578650504219143e-04 5.0025884010230755e-04
0235 1.7578209969157157e-04 5.0030765487059186e-04
0236 1.7577769331603843e-04 5.0035649612268783e-04
0237 1.7577328591435699e-04 5.0040533378375876e-04
0238 1.7576887748490524e-04 5.0045423290168535e-04
0239 1.7576446802605996e-04 5.0050321543598536e-04
0240 1.7576005753619216e-04 5.0055221434930775e-04
0241 1.7575564601396366e-04 5.0060121546649863e-04
0242 1.7575123345771107e-04 5.0065029185519393e-04
0243 1.7574681986577464e-04 5.0069940668631306e-04
0244 1.7574240523671257e-04 5.0074857590169186e-04
0245 1.7573798956867161e-04 5.0079781551293028e-04
0246 1.7573357286037493e-04 5.0084708279078455e-04
0247 1.7572915511008516e-04 5.0089641837792196e-04
0248 1.7572473631606347e-04 5.0094574475894097e-04
0249 1.7572031647674897e-04 5.0099517673540394e-04
0250 1.7571589559071366e-04 5.0104469219945701e-04
0251 1.7571147365613637e-04 5.0109428192178865e-04
0252 1.7570705067133607e-04 5.0114389434871857e-04
0253 1.7570262663471443e-04 5.0119361495464931e-04
0254 1.7569820154468292e-04 5.0124335749640429e-04
0255 1.7569377539938428e-04 5.0129316066160998e-04
0256 1.7568934819722328e-04 5.0134304350931411e-04
0257 1.7568491993663388e-04 5.0139303551005013e-04
0258 1.7568049061570699e-04 5.0144304106551391e-04
0259 1.7567606023269089e-04 5.0149314051136577e-04
0260 1.7567162878604043e-04 5.0154328880683914e-04
0261 1.7566719627410212e-04 5.0159354823604873e-04
0262 1.7566276269498869e-04 5.0164389127470841e-04
0263 1.7565832804684566e-04 5.0169429663916528e-04
0264 1.7565389232826651e-04 5.0174476690722819e-04
0265 1.7564945553704632e-04 5.0179533842179447e-04
0266 1.7564501767165314e-04 5.0184594037694212e-04
0267 1.7564057873027618e-04 5.0189663634602627e-04
0268 1.7563613871109210e-04 5.0194739822294299e-04
0269 1.7563169761224790e-04 5.0199823111281587e-04
0270 1.7562725543214658e-04 5.0204918150112431e-04
0271 1.7562281216875240e-04 5.0210018717561171e-04
0272 1.7561836781996426e-04 5.0215126251541701e-04
0273 1.7561392238484792e-04 5.0220242068214958e-04
0274 1.7560947586059013e-04 5.0225368429338479e-04
0275 1.7560502824576923e-04 5.0230498482408867e-04
0276 1.7560057953843673e-04 5.0235642560832639e-04
0277 1.7559612973682787e-04 5.0240790040187368e-04
0278 1.7559167883886181e-04 5.0245948665906452e-04
0279 1.7558722684283144e-04 5.0251115638884521e-04
0280 1.7558277374671251e-04 5.0256283286194013e-04
0281 1.7557831954833424e-04 5.0261467697233048e-04
0282 1.7557386424638224e-04 5.0266661247639146e-04
0283 1.7556940783855377e-04 5.0271864462879618e-04
0284 1.7556495032287894e-04 5.0277069969255242e-04
0285 1.7556049169733485e-04 5.0282288277809703e-04
0286 1.7555603196027931e-04 5.0287509920856385e-04
0287 1.7555157110956594e-04 5.0292743933003515e-04
0288 1.7554710914320960e-04 5.0297981383907813e-04
0289 1.7554264605920255e-04 5.0303227627006839e-04
0290 1.7553818185566636e-04 5.0308484837878747e-04
0291 1.7553371653050029e-04 5.0313750572238982e-04
0292 1.7552925008166399e-04 5.0319022386524442e-04
0293 1.7552478250734821e-04 5.0324306970200784e-04
0294 1.7552031380537247e-04 5.0329594023395781e-04
0295 1.7551584397360181e-04 5.0334892488678037e-04
0296 1.7551137301022716e-04 5.0340196615137527e-04
0297 1.7550690091321382e-04 5.0345510786825684e-04
0298 1.7550242768034875e-04 5.0350832581331356e-04
0299 1.7549795330947641e-04 5.0356164306986756e-04
0300 1.7549347779893419e-04 5.0361504453613607e-04
0301 1.7548900114604496e-04 5.0366845713161119e-04
0302 1.7548452334961652e-04 5.0372196529805552e-04
0303 1.7548004440679879e-04 5.0377558560679985e-04
0304 1.7547556431573815e-04 5.0382923747445570e-04
0305 1.7547108307447768e-04 5.0388296484815546e-04
0306 1.7546660068067172e-04 5.0393686220739334e-04
0307 1.7546211713266276e-04 5.0399079914237224e-04
0308 1.7545763242770215e-04 5.0404475520940070e-04
0309 1.7545314656416434e-04 5.0409883921401786e-04
0310 1.7544865953975981e-04 5.0415296251792691e-04
0311 1.7544417135231837e-04 5.0420714044563570e-04
0312 1.7543968199988557e-04 5.0426146652494713e-04
0313 1.7543519147998052e-04 5.0431585953733722e-04
0314 1.7543069979094440e-04 5.0437031875531107e-04
0315 1.7542620693038411e-04 5.0442487156860251e-04
0316 1.7542171289601651e-04 5.0447948556648259e-04
0317 1.7541721768586432e-04 5.0453412197986811e-04
0318 1.7541272129758785e-04 5.0458879385016241e-04
0319 1.7540822372929494e-04 5.0464354377346965e-04
0320 1.7540372497878591e-04 5.0469842434139637e-04
0321 1.7539922504388979e-04 5.0475338319607636e-04
0322 1.7539472392240536e-04 5.0480843422239527e-04
0323 1.7539022162924974e-04 5.0475932217010301e-04
0324 1.7538571811354434e-04 5.0487850716703997e-04
0325 1.7538121341082309e-04 5.0497115578665235e-04
0326 1.7537670751653883e-04 5.0504664020306102e-04
0327 1.7537220042720492e-04 5.0511128536403799e-04
0328 1.7536769213958274e-04 5.0516931057523835e-04
0329 1.7536318265088952e-04 5.0522346683423952e-04
0330 1.7535867195877080e-04 5.0527565032069651e-04
0331 1.7535416006059655e-04 5.0532695319334810e-04
0332 1.7534964695420342e-04 5.0537812462736053e-04
0333 1.7534513263706372e-04 5.0542956152815151e-04
0334 1.7534061710718161e-04 5.0548148555946591e-04
0335 1.7533610036220005e-04 5.0553397945819886e-04
0336 1.7533158239980189e-04 5.0558713338051784e-04
0337 1.7532706321802172e-04 5.0564087743474088e-04
0338 1.7532254281446457e-04 5.0569519681196583e-04
0339 1.7531802118706384e-04 5.0575001254861060e-04
0340 1.7531349833352960e-04 5.0580524792248822e-04
0341 1.7530897425156784e-04 5.0586086288454681e-04
0342 1.7530444893904435e-04 5.0591681740921727e-04
0343 1.7529992239394940e-04 5.0597303246966590e-04
0344 1.7529539461380938e-04 5.0602950271502571e-04
0345 1.7529086559660992e-04 5.0608612650959262e-04
0346 1.7528633534003970e-04 5.0614293779554359e-04
0347 1.7528180384189428e-04 5.0619985495488958e-04
0348 1.7527727109997479e-04 5.0625690315660664e-04
0349 1.7527273711209250e-04 5.0631399133784904e-04
0350 1.7526820187610125e-04 5.0637118036807435e-04
0351 1.7526366538973788e-04 5.0642838501911594e-04
0352 1.7525912765078486e-04 5.0648564465000882e-04
0353 1.7525458865700927e-04 5.0654298276381284e-04
0354 1.7525004840621564e-04 5.0660029892728219e-04
0355 1.7524550689635316e-04 5.0665766394593272e-04
0356 1.7524096412506021e-04 5.0671504745118700e-04
0357 1.7523642009008568e-04 5.0677243680300225e-04
0358 1.7523187478945629e-04 5.0682987569497734e-04
0359 1.7522732822066866e-04 5.0688730759096033e-04
0360 1.7522278038175325e-04 5.0694480446814971e-04
0361 1.7521823127036464e-04 5.0700232967190403e-04
0362 1.7521368088449775e-04 5.0705986347874469e-04
0363 1.7520912922174266e-04 5.0711743076419890e-04
0364 1.7520457628007716e-04 5.0717503093641793e-04
0365 1.7520002205714515e-04 5.0723267536698969e-04
0366 1.7519546655082795e-04 5.0729033519217564e-04
0367 1.7519090975900018e-04 5.0734804936142881e-04
0368 1.7518635167919732e-04 5.0740577270273323e-04
0369 1.7518179230962419e-04 5.0746355056790170e-04
0370 1.7517723164777813e-04 5.0752135769581127e-04
0371 1.7517266969155543e-04 5.0757923336552707e-04
0372 1.7516810643886669e-04 5.0763713120938192e-04
0373 1.7516354188741926e-04 5.0769508312192456e-04
0374 1.7515897603502932e-04 5.0775307407246203e-04
0375 1.7515440887948399e-04 5.0781111892560888e-04
0376 1.7514984041868057e-04 5.0786918897875451e-04
0377 1.7514527065041826e-04 5.0792734377204287e-04
0378 1.7514069957244520e-04 5.0798551671325028e-04
0379 1.7513612718266281e-04 5.0804375868503831e-04
0380 1.7513155347887154e-04 5.0810204323012041e-04
0381 1.7512697845877912e-04 5.0816039238201882e-04
0382 1.7512240212031260e-04 5.0821876668119754e-04
0383 1.7511782446125968e-04 5.0827716619268289e-04
0384 1.7511324547948338e-04 5.0833568225603038e-04
0385 1.7510866517273522e-04 5.0839421134014819e-04
0386 1.7510408353906288e-04 5.0845279162299074e-04
0387 1.7509950057595255e-04 5.0851141344950652e-04
0388 1.7509491628132722e-04 5.0857009153640722e-04
0389 1.7509033065320282e-04 5.0862880901359571e-04
0390 1.7508574368929033e-04 5.0868760033303726e-04
0391 1.7508115538731963e-04 5.0874642755570397e-04
0392 1.7507656574521652e-04 5.0880531032387573e-04
0393 1.7507197476073811e-04 5.0886425203152113e-04
0394 1.7506738243177974e-04 5.0892322812228624e-04
0395 1.7506278875622721e-04 5.0898227450935844e-04
0396 1.7505819373191334e-04 5.0904136040883245e-04
0397 1.7505359735647144e-04 5.0910051291546028e-04
0398 1.7504899962785903e-04 5.0915972978547903e-04
0399 1.7504440054397791e-04 5.0921895272647722e-04
0400 1.7503980010249006e-04 5.0927824777863512e-04
0401 1.7503519830137996e-04 5.0933757741161256e-04
0402 1.7503059513839401e-04 5.0939696545376496e-04
0403 1.7502599061144532e-04 5.0945644464749052e-04
0404 1.7502138471828501e-04 5.0951596552799197e-04
0405 1.7501677745673067e-04 5.0957552789828299e-04
0406 1.7501216882460403e-04 5.0963515059686238e-04
0407 1.7500755881995502e-04 5.0969480002962685e-04
0408 1.7500294744019946e-04 5.0975451913441499e-04
0409 1.7499833468345136e-04 5.0981427839938539e-04
0410 1.7499372054764067e-04 5.0987408496358684e-04
0411 1.7498910503025846e-04 5.0993396252728602e-04
0412 1.7498448812940250e-04 5.0999388922602987e-04
0413 1.7497986984276601e-04 5.1005389685177839e-04
0414 1.7497525016831408e-04 5.1011394511338477e-04
0415 1.7497062910362701e-04 5.1017401465129153e-04
0416 1.7496600664672018e-04 5.1023417047122127e-04
0417 1.7496138279540018e-04 5.1029439132701106e-04
0418 1.7495675754736995e-04 5.1035466922456614e-04
0419 1.7495213090052743e-04 5.1041496029963435e-04
0420 1.7494750285280860e-04 5.1047534387330031e-04
0421 1.7494287340173638e-04 5.1053576827019172e-04
0422 1.7493824254546250e-04 5.1059624244131603e-04
0423 1.7493361028144314e-04 5.1065679416795900e-04
0424 1.7492897660791967e-04 5.1071736710440053e-04
0425 1.7492434152222030e-04 5.1077804285665988e-04
0426 1.7491970502237850e-04 5.1083874590479019e-04
0427 1.7491506710635852e-04 5.1089951162246053e-04
0428 1.7491042777169737e-04 5.1096031338716504e-04
0429 1.7490578701635480e-04 5.1102120484043689e-04
0430 1.7490114483796539e-04 5.1108214519803843e-04
0431 1.7489650123445288e-04 5.1114315126978547e-04
0432 1.7489185620373231e-04 5.1120420566851447e-04
0433 1.7488720974322109e-04 5.1126534373727107e-04
0434 1.7488256185109851e-04 5.1132654344967143e-04
0435 1.7487791252486225e-04 5.1138777825960094e-04
0436 1.7487326176240516e-04 5.1144908074704672e-04
0437 1.7486860956145774e-04 5.1151046469102867e-04
0438 1.7486395592003126e-04 5.1157188556503076e-04
0439 1.7485930083538967e-04 5.1163337454690732e-04
0440 1.7485464430590740e-04 5.1169490493397946e-04
0441 1.7484998632892582e-04 5.1175651117720737e-04
0442 1.7484532690217216e-04 5.1181817225644276e-04
0443 1.7484066602365325e-04 5.1187992510362350e-04
0444 1.7483600369103667e-04 5.1194172824449815e-04
0445 1.7483133990206024e-04 5.1200358392009459e-04
0446 1.7482667465453097e-04 5.1206550230344723e-04
0447 1.7482200794597386e-04 5.1212750253104924e-04
0448 1.7481733977443639e-04 5.1218956413137792e-04
0449 1.7481267013730800e-04 5.1225167911483655e-04
0450 1.7480799903255262e-04 5.1231386713162239e-04
0451 1.7480332645786707e-04 5.1237612304076989e-04
0452 1.7479865241087783e-04 5.1243845201814811e-04
0453 1.7479397688937578e-04 5.1250083323800088e-04
0454 1.7478929989103869e-04 5.1256326025494873e-04
0455 1.7478462141363145e-04 5.1262580364494210e-04
0456 1.7477994145480326e-04 5.1268839374453618e-04
0457 1.7477526001226376e-04 5.1275104819144832e-04
0458 1.7477057708359286e-04 5.1281375788613437e-04
0459 1.7476589266666485e-04 5.1287653943751029e-04
0460 1.7476120675907544e-04 5.1293940942153499e-04
0461 1.7475651935854139e-04 5.1300233159404045e-04
0462 1.7475183046262576e-04 5.1306535433472003e-04
0463 1.7474714006917929e-04 5.1312841153648074e-04
0464 1.7474244817564791e-04 5.1319156357101155e-04
0465 1.7473775477980247e-04 5.1325477729441632e-04
0466 1.7473305987930501e-04 5.1331803109619682e-04
0467 1.7472836347179013e-04 5.1338137735396625e-04
0468 1.7472366555483263e-04 5.1344482534490424e-04
0469 1.7471896612610333e-04 5.1350830736941722e-04
0470 1.7471426518339190e-04 5.1357183823959210e-04
0471 1.7470956272407691e-04 5.1363548174020667e-04
0472 1.7470485874595569e-04 5.1369920218472757e-04
0473 1.7470015324652326e-04 5.1376299334233793e-04
0474 1.7469544622340116e-04 5.1382685141546948e-04
0475 1.7469073767424718e-04 5.1389077132370784e-04
0476 1.7468602759667163e-04 5.1395477244527219e-04
0477 1.7468131598825213e-04 5.1401883528095094e-04
0478 1.7467660284658766e-04 5.1408297362276370e-04
0479 1.7467188816904349e-04 5.1414717508944919e-04
0480 1.7466717195347136e-04 5.1421148363115811e-04
0481 1.7466245419738106e-04 5.1427585274159535e-04
0482 1.7465773489821327e-04 5.1434029038218885e-04
0483 1.7465301405370404e-04 5.1440479398832104e-04
0484 1.7464829166126124e-04 5.1446941044276488e-04
0485 1.7464356771845622e-04 5.1453409050073535e-04
0486 1.7463884222281980e-04 5.1459881548809460e-04
0487 1.7463411517201004e-04 5.1466363561137891e-04
0488 1.7462938656334442e-04 5.1472852378348555e-04
0489 1.7462465639451674e-04 5.1479351191134929e-04
0490 1.7461992466295432e-04 5.1485856561664205e-04
0491 1.7461519136617704e-04 5.1492368250663988e-04
0492 1.7461045650167279e-04 5.1498886924844446e-04
0493 1.7460572006711998e-04 5.1505412858501105e-04
0494 1.7460098205966435e-04 5.1511948812991862e-04
0495 1.7459624247713422e-04 5.1518495187613934e-04
0496 1.7459150131683140e-04 5.1525048657397249e-04
0497 1.7458675857612318e-04 5.1531606528123868e-04
0498 1.7458201425263965e-04 5.1538171599958338e-04
0499 1.7457726834389485e-04 5.1544746620458745e-04
0500 1.7457252084724005e-04 5.1551327910487441e-04
0501 1.7456777176012058e-04 5.1557919190490305e-04
0502 1.7456302108000509e-04 5.1564517435895838e-04
0503 1.7455826880399426e-04 5.1571123232835412e-04
0504 1.7455351493057429e-04 5.1577736669579876e-04
0505 1.7454875945603187e-04 5.1584357555535347e-04
0506 1.7454400237827214e-04 5.1590982972553529e-04
0507 1.7453924369461278e-04 5.1597619598831609e-04
0508 1.7453448340245227e-04 5.1604268817896962e-04
0509 1.7452972149917492e-04 5.1610922472103719e-04
0510 1.7452495798232485e-04 5.1617584140016938e-04
0511 1.7452019284926371e-04 5.1624255283175269e-04
0512 1.7451542609706516e-04 5.1630932062994312e-04
0513 1.7451065772344603e-04 5.1637614693486416e-04
0514 1.7450588772587405e-04 5.1644306307560529e-04
0515 1.7450111610138935e-04 5.1651007939868443e-04
0516 1.7449634284746269e-04 5.1657715930945760e-04
0517 1.7449156796149211e-04 5.1664437309576947e-04
0518 1.7448679144079331e-04 5.1671159258907156e-04
0519 1.7448201328266395e-04 5.1677891081965599e-04
0520 1.7447723348468821e-04 5.1684632333901046e-04
0521 1.7447245204391907e-04 5.1691382671761052e-04
0522 1.7446766895768171e-04 5.1698141053068000e-04
0523 1.7446288422360927e-04 5.1704906103048687e-04
0524 1.7445809783861533e-04 5.1711680281080392e-04
0525 1.7445330980027460e-04 5.1718461490244750e-04
0526 1.7444852010573038e-04 5.1725252638693485e-04
0527 1.7444372875244328e-04 5.1732051897259693e-04
0528 1.7443893573766694e-04 5.1738854821001018e-04
0529 1.7443414105862434e-04 5.1745668059474724e-04
0530 1.7442934471258392e-04 5.1752488741558047e-04
0531 1.7442454669687325e-04 5.1759315680096956e-04
0532 1.7441974700879072e-04 5.1766153768398088e-04
0533 1.7441494564558000e-04 5.1772997714658953e-04
0534 1.7441014260458128e-04 5.1779853892679922e-04
0535 1.7440533788289387e-04 5.1786720972928036e-04
0536 1.7440053147777857e-04 5.1793592583248822e-04
0537 1.7439572338661373e-04 5.1800470182507762e-04
0538 1.7439091360659342e-04 5.1807358700834902e-04
0539 1.7438610213483486e-04 5.1814255299354297e-04
0540 1.7438128896887241e-04 5.1821158745979639e-04
0541 1.7437647410559974e-04 5.1828070004376978e-04
0542 1.7437165754247025e-04 5.1834985671515236e-04
0543 1.7436683927641921e-04 5.1841910852007812e-04
0544 1.7436201930503062e-04 5.1848844814842419e-04
0545 1.7435719762524983e-04 5.1855785290055737e-04
0546 1.7435237423433977e-04 5.1862736144567961e-04
0547 1.7434754912957375e-04 5.1869695765906514e-04
0548 1.7434272230803046e-04 5.1876664821358105e-04
0549 1.7433789376701775e-04 5.1883639499186826e-04
0550 1.7433306350375224e-04 5.1890623137180656e-04
0551 1.7432823151505925e-04 5.1897615970014144e-04
0552 1.7432339779858047e-04 5.1904615487543767e-04
0553 1.7431856235128833e-04 5.1911624133316268e-04
0554 1.7431372517035212e-04 5.1918637801210842e-04
0555 1.7430888625285531e-04 5.1925662730591452e-04
0556 1.7430404559602876e-04 5.1932697312203669e-04
0557 1.7429920319715368e-04 5.1939738347207625e-04
0558 1.7429435905319537e-04 5.1946786490645539e-04
0559 1.7428951316125649e-04 5.1953841059500521e-04
0560 1.7428466551873740e-04 5.1960905430404789e-04
0561 1.7427981612248950e-04 5.1967978088988129e-04
0562 1.7427496496999598e-04 5.1975057291205008e-04
0563 1.7427011205797834e-04 5.1982148463004829e-04
0564 1.7426525738382343e-04 5.1989245203741140e-04
0565 1.7426040094461342e-04 5.1996349468788432e-04
0566 1.7425554273732259e-04 5.2003462100926664e-04
0567 1.7425068275924666e-04 5.2010581511446245e-04
0568 1.7424582100745195e-04 5.2017709172764005e-04
0569 1.7424095747899093e-04 5.2024845768012303e-04
0570 1.7423609217097279e-04 5.2031991468411577e-04
0571 1.7423122508053844e-04 5.2039143850290514e-04
0572 1.7422635620480942e-04 5.2046305944079981e-04
0573 1.7422148554065769e-04 5.2053472426662228e-04
0574 1.7421661308548148e-04 5.2060649255067772e-04
0575 1.7421173883617146e-04 5.2067831606644039e-04
0576 1.7420686278990516e-04 5.2075025674642084e-04
0577 1.7420198494368843e-04 5.2082230886160979e-04
0578 1.7419710529461383e-04 5.2089436208418310e-04
0579 1.7419222383965215e-04 5.2096652119915511e-04
0580 1.7418734057616654e-04 5.2103878238083181e-04
0581 1.7418245550083398e-04 5.2111109216020437e-04
0582 1.7417756861100013e-04 5.2118349598040436e-04
0583 1.7417267990358645e-04 5.2125597864158854e-04
0584 1.7416778937576826e-04 5.2132857837951035e-04
0585 1.7416289702442349e-04 5.2140121794616134e-04
0586 1.7415800284664078e-04 5.2147392017225507e-04
0587 1.7415310683961446e-04 5.2154672956951007e-04
0588 1.7414820900011409e-04 5.2161961306566092e-04
0589 1.7414330932542487e-04 5.2169258924203486e-04
0590 1.7413840781239752e-04 5.2176562598531815e-04
0591 1.7413350445816722e-04 5.2183873187651485e-04
0592 1.7412859925983168e-04 5.2191193675696042e-04
0593 1.7412369221419169e-04 5.2198521196105373e-04
0594 1.7411878331842034e-04 5.2205854887555758e-04
0595 1.7411387256949901e-04 5.2213197268303091e-04
0596 1.7410895996450277e-04 5.2220547347545489e-04
0597 1.7410404550029796e-04 5.2227907514762787e-04
0598 1.7409912917403127e-04 5.2235276295996833e-04
0599 1.7409421098254439e-04 5.2242651709477497e-04
0600 1.7408929092308200e-04 5.2250034927423298e-04
