# step du_rel dp_rel
# u_rtol 1.0000000000000000e-04
# p_rtol 1.0000000000000000e-03
0001 1.7064030786925101e-04 3.9943668184785021e-03
0002 1.7063350003172033e-04 3.8122219709635120e-03
0003 1.7062670944714724e-04 3.6180710740090737e-03
0004 1.7061992508567207e-04 3.4177398184758903e-03
0005 1.7061314111348772e-04 3.2158327532998887e-03
0006 1.7060635462654684e-04 3.0159410030097485e-03
0007 1.7059956433128506e-04 2.8208184176590663e-03
0008 1.7059276978467303e-04 2.6325299902699873e-03
0009 1.7058597096376922e-04 2.4525768011631585e-03
0010 1.7057916802751564e-04 2.2820006734122016e-03
0011 1.7057236118987797e-04 2.1214717016149400e-03
0012 1.7056555065634601e-04 1.9713610308498882e-03
0013 1.7055873659580469e-04 1.8318016185030913e-03
0014 1.7055191913140666e-04 1.7027381924851529e-03
0015 1.7054509834114886e-04 1.5839686651964468e-03
0016 1.7053827426309043e-04 1.4751782301379681e-03
0017 1.7053144690179419e-04 1.3759670732708792e-03
0018 1.7052461623556266e-04 1.2858731462373563e-03
0019 1.7051778222245176e-04 1.2043907524581920e-03
0020 1.7051094480569881e-04 1.1309857350799756e-03
0021 1.7050410391828192e-04 1.0651079263614331e-03
0022 1.7049725948666220e-04 1.0062014967945514e-03
0023 1.7049041143357992e-04 9.5371354912261361e-04
0024 1.7048355968046899e-04 9.0710140183468857e-04
0025 1.7047670414877265e-04 8.6583859853908143e-04
0026 1.7046984476175713e-04 8.2942007422285820e-04
0027 1.7046298144513791e-04 7.9736614896539556e-04
0028 1.7045611412766696e-04 7.6922587909171046e-04
0029 1.7044924274177848e-04 7.4457921659691834e-04
0030 1.7044236722395188e-04 7.2303829395240935e-04
0031 1.7043548751443974e-04 7.0424806475591969e-04
0032 1.7042860355774263e-04 6.8788598617039822e-04
0033 1.7042171530229613e-04 6.7366109561821049e-04
0034 1.7041482270051708e-04 6.6131252189007581e-04
0035 1.7040792570874384e-04 6.5060773077260734e-04
0036 1.7040102428674103e-04 6.4134034539728262e-04
0037 1.7039411839804162e-04 6.3332797210069762e-04
0038 1.7038720800932329e-04 6.2640993136899188e-04
0039 1.7038029309054002e-04 6.2044504166031144e-04
0040 1.7037337361447462e-04 6.1530954578283535e-04
0041 1.7036644955650287e-04 6.1089507027045414e-04
0042 1.7035952089481619e-04 6.0710689522162551e-04
0043 1.7035258760977271e-04 6.0386228678573582e-04
0044 1.7034564968403926e-04 6.0108905825413661e-04
0045 1.7033870710243283e-04 5.9872430550564825e-04
0046 1.7033175985120636e-04 5.9671316768761468e-04
0047 1.7032480791875847e-04 5.9500782099886507e-04
0048 1.7031785129483946e-04 5.9356670115625633e-04
0049 1.7031088997067432e-04 5.9235362383474233e-04
0050 1.7030392393876476e-04 5.9133717028319926e-04
0051 1.7029695319299687e-04 5.9049003227116474e-04
0052 1.7028997772806334e-04 5.8978851121987551e-04
0053 1.7028299753978722e-04 5.8921207093430919e-04
0054 1.7027601262500452e-04 5.8874301277748336e-04
0055 1.7026902298093673e-04 5.8836592249699891e-04
0056 1.7026202860592250e-04 5.8806755904231543e-04
0057 1.7025502949881199e-04 5.8783650320943864e-04
0058 1.7024802565900724e-04 5.8766292609597278e-04
0059 1.7024101708639804e-04 5.8753834972154380e-04
0060 1.7023400378140616e-04 5.8745554919676615e-04
0061 1.7022698574474944e-04 5.8740831900189671e-04
0062 1.7021996297765876e-04 5.8739136971813028e-04
0063 1.7021293548135036e-04 5.8740017305743695e-04
0064 1.7020590325759230e-04 5.8743086716452509e-04
0065 1.7019886630842757e-04 5.8748019955447866e-04
0066 1.7019182463568478e-04 5.8754538634872219e-04
0067 1.7018477824176412e-04 5.8762409075840548e-04
0068 1.7017772712904996e-04 5.8771430721527040e-04
0069 1.7017067130006226e-04 5.8781434130729469e-04
0070 1.7016361075717184e-04 5.8792281736297120e-04
0071 1.7015654550314033e-04 5.8803853792612035e-04
0072 1.7014947554058098e-04 5.8816046735510720e-04
0073 1.7014240087221005e-04 5.8828777362989837e-04
0074 1.7013532150072984e-04 5.8841977664680987e-04
0075 1.7012823742879938e-04 5.8855585237770861e-04
0076 1.7012114865903801e-04 5.8869548475227790e-04
0077 1.7011405519418474e-04 5.8883829244316989e-04
0078 1.7010695703678264e-04 5.8898387230084154e-04
0079 1.7009985418932891e-04 5.8913195640052725e-04
0080 1.7009274665441985e-04 5.8928224970563855e-04
0081 1.7008563443443833e-04 5.8943453788341804e-04
0082 1.7007851753167907e-04 5.8958861154154477e-04
0083 1.7007139594850645e-04 5.8974433472400070e-04
0084 1.7006426968715511e-04 5.8990154328359475e-04
0085 1.7005713874972134e-04 5.9006008818070200e-04
0086 1.7005000313818794e-04 5.9021990012348682e-04
0087 1.7004286285459718e-04 5.9038082329411728e-04
0088 1.7003571790077029e-04 5.9054279356237228e-04
0089 1.7002856827841699e-04 5.9070571004737492e-04
0090 1.7002141398925265e-04 5.9086950118689640e-04
0091 1.7001425503486388e-04 5.9103407137772886e-04
0092 1.7000709141677095e-04 5.9119936996146634e-04
0093 1.6999992313619937e-04 5.9136529857757483e-04
0094 1.6999275019454296e-04 5.9153183130078565e-04
0095 1.6998557259302190e-04 5.9169888861944483e-04
0096 1.6997839033258734e-04 5.9186641934266403e-04
0097 1.6997120341434764e-04 5.9203437223821786e-04
0098 1.6996401183911011e-04 5.9220269451975389e-04
0099 1.6995681560762814e-04 5.9237133563789146e-04
0100 1.6994961472073029e-04 5.9254024587156737e-04
0101 1.6994240917892695e-04 5.9270938970183956e-04
0102 1.6993519898265912e-04 5.9287872009591532e-04
0103 1.6992798413245692e-04 5.9304820528933695e-04
0104 1.6992076462857115e-04 5.9321779105815848e-04
0105 1.6991354047123574e-04 5.9338747275736127e-04
0106 1.6990631166055584e-04 5.9355717676607377e-04
0107 1.6989907819666507e-04 5.9372690259567760e-04
0108 1.6989184007943389e-04 5.9389661368814241e-04
0109 1.6988459730887058e-04 5.9406625682172922e-04
0110 1.6987734988461016e-04 5.9423583845483446e-04
0111 1.6987009780650188e-04 5.9440532955153081e-04
0112 1.6986284107404107e-04 5.9457470400080042e-04
0113 1.6985557968691566e-04 5.9474394860603932e-04
0114 1.6984831364455562e-04 5.9491302034534116e-04
0115 1.6984104294644252e-04 5.9508192419804136e-04
0116 1.6983376759178157e-04 5.9525063512680431e-04
0117 1.6982648757988335e-04 5.9541913730984896e-04
0118 1.6981920291003904e-04 5.9558741866038041e-04
0119 1.6981191358126957e-04 5.9575545966345747e-04
0120 1.6980461959267796e-04 5.9592325291606596e-04
0121 1.6979732094329658e-04 5.9609077197914518e-04
0122 1.6979001763209735e-04 5.9625803406040706e-04
0123 1.6978270965781683e-04 5.9642502060142349e-04
0124 1.6977539701947285e-04 5.9659171703994309e-04
0125 1.6976807971574444e-04 5.9675811451161132e-04
0126 1.6976075774537282e-04 5.9692421705611958e-04
0127 1.6975343110695355e-04 5.9709000065489421e-04
0128 1.6974609979918169e-04 5.9725547628535728e-04
0129 1.6973876382066791e-04 5.9742062941242147e-04
0130 1.6973142316984788e-04 5.9758544800435213e-04
0131 1.6972407784531177e-04 5.9774995299299058e-04
0132 1.6971672784537876e-04 5.9791414131067535e-04
0133 1.6970937316850688e-04 5.9807798497296368e-04
0134 1.6970201381309499e-04 5.9824149706560678e-04
0135 1.6969464977740543e-04 5.9840469036687724e-04
0136 1.6968728105979180e-04 5.9856753008021252e-04
0137 1.6967990765839549e-04 5.9873002732294600e-04
0138 1.6967252957158453e-04 5.9889219670158282e-04
0139 1.6966514679740927e-04 5.9905400737785854e-04
0140 1.6965775933413239e-04 5.9921548656726126e-04
0141 1.6965036717987513e-04 5.9937660855390452e-04
0142 1.6964297033262684e-04 5.9953741008119353e-04
0143 1.6963556879064670e-04 5.9969786654140195e-04
0144 1.6962816255190429e-04 5.9985797511714412e-04
0145 1.6962075161442179e-04 6.0001774211238424e-04
0146 1.6961333597619187e-04 6.0017718900738724e-04
0147 1.6960591563532816e-04 6.0033627756838075e-04
0148 1.6959849058969080e-04 6.0049503845338960e-04
0149 1.6959106083730966e-04 6.0065347970092323e-04
0150 1.6958362637613459e-04 6.0081158913252643e-04
0151 1.6957618720404464e-04 6.0096935598951751e-04
0152 1.6956874331897889e-04 6.0112679672877161e-04
0153 1.6956129471882401e-04 6.0128390005542156e-04
0154 1.6955384140152234e-04 6.0144069773504678e-04
0155 1.6954638336482596e-04 6.0159716503662558e-04
0156 1.6953892060677988e-04 6.0175332974391534e-04
0157 1.6953145312522994e-04 6.0190916014150040e-04
0158 1.6952398091792860e-04 6.0206468791636442e-04
0159 1.6951650398274162e-04 6.0221990147057666e-04
0160 1.6950902231757534e-04 6.0237480872345564e-04
0161 1.6950153592023613e-04 6.0252941173480356e-04
0162 1.6949404478851983e-04 6.0268371259570804e-04
0163 1.6948654892034743e-04 6.0283772363418247e-04
0164 1.6947904831357270e-04 6.0299142911682930e-04
0165 1.6947154296586945e-04 6.0314486106693142e-04
0166 1.6946403287514767e-04 6.0329799011109894e-04
0167 1.6945651803922156e-04 6.0345085300249010e-04
0168 1.6944899845593308e-04 6.0360341694944163e-04
0169 1.6944147412310546e-04 6.0375571763814442e-04
0170 1.6943394503854756e-04 6.0390773069921597e-04
0171 1.6942641120012313e-04 6.0405949500205746e-04
0172 1.6941887260554211e-04 6.0421097745008083e-04
0173 1.6941132925281423e-04 6.0436219994061658e-04
0174 1.6940378113960782e-04 6.0451316294122409e-04
0175 1.6939622826386562e-04 6.0466387277505857e-04
0176 1.6938867062337074e-04 6.0481433000239223e-04
0177 1.6938110821602693e-04 6.0496455496851281e-04
0178 1.6937354103954477e-04 6.0511452048993557e-04
0179 1.6936596909193131e-04 6.0526423889288063e-04
0180 1.6935839237096340e-04 6.0541375823040659e-04
0181 1.6935081087453548e-04 6.0556304195743063e-04
0182 1.6934322460046943e-04 6.0571208021964831e-04
0183 1.6933563354665308e-04 6.0586089640339254e-04
0184 1.6932803771093220e-04 6.0600950080342620e-04
0185 1.6932043709126939e-04 6.0615789896916697e-04
0186 1.6931283168545387e-04 6.0630607505363738e-04
0187 1.6930522149139835e-04 6.0645404984633125e-04
0188 1.6929760650705251e-04 6.0660183125984559e-04
0189 1.6928998673027356e-04 6.0674942813582038e-04
0190 1.6928236215900044e-04 6.0689681512059016e-04
0191 1.6927473279106981e-04 6.0704402125510547e-04
0192 1.6926709862448414e-04 6.0719103663907955e-04
0193 1.6925945965705024e-04 6.0733785218154473e-04
0194 1.6925181588683743e-04 6.0748450528027198e-04
0195 1.6924416731166613e-04 6.0763099890552249e-04
0196 1.6923651392950214e-04 6.0777731682060089e-04
0197 1.6922885573844021e-04 6.0792348537866924e-04
0198 1.6922119273617158e-04 6.0806948167180632e-04
0199 1.6921352492080524e-04 6.0821532358493701e-04
0200 1.6920585229025282e-04 6.0836100477903250e-04
0201 1.6919817484256598e-04 6.0850654789089767e-04
0202 1.6919049257550604e-04 6.0865193791127055e-04
0203 1.6918280548725064e-04 6.0879718098551239e-04
0204 1.6917511357562761e-04 6.0894229312248008e-04
0205 1.6916741683873499e-04 6.0908727797113604e-04
0206 1.6915971527447845e-04 6.0923214942243170e-04
0207 1.6915200888091306e-04 6.0937690081312821e-04
0208 1.6914429765593544e-04 6.0952151609087264e-04
0209 1.6913658159756336e-04 6.0966601833379003e-04
0210 1.6912886070383974e-04 6.0981040154175277e-04
0211 1.6912113497273573e-04 6.0995467797396040e-04
0212 1.6911340440222780e-04 6.1009885564488155e-04
0213 1.6910566899034214e-04 6.1024291986933369e-04
0214 1.6909792873504216e-04 6.1038690721008134e-04
0215 1.6909018363439740e-04 6.1053079278456247e-04
0216 1.6908243368638756e-04 6.1067457463988089e-04
0217 1.6907467888899804e-04 6.1081826994626115e-04
0218 1.6906691924020470e-04 6.1096189785918872e-04
0219 1.6905915473810812e-04 6.1110543170496098e-04
0220 1.6905138538064431e-04 6.1124889254046374e-04
0221 1.6904361116585972e-04 6.1139228617119437e-04
0222 1.6903583209172768e-04 6.1153561037039026e-04
0223 1.6902804815623765e-04 6.1167886312706954e-04
0224 1.6902025935750987e-04 6.1182204668084553e-04
0225 1.6901246569342115e-04 6.1196518006807613e-04
0226 1.6900466716209325e-04 6.1210824615146422e-04
0227 1.6899686376139317e-04 6.1225125646155671e-04
0228 1.6898905548945285e-04 6.1239421931124282e-04
0229 1.6898124234421432e-04 6.1253712457565797e-04
0230 1.6897342432358180e-04 6.1268000771593010e-04
0231 1.6896560142575298e-04 6.1282283734868340e-04
0232 1.6895777364852032e-04 6.1296561591584788e-04
0233 1.6894994098996563e-04 6.1310836900887956e-04
0234 1.6894210344807158e-04 6.1325108416763325e-04
0235 1.6893426102084012e-04 6.1339375377672002e-04
0236 1.6892641370626045e-04 6.1353641296020306e-04
0237 1.6891856150223433e-04 6.1367906203381830e-04
0238 1.6891070440681931e-04 6.1382166733934824e-04
0239 1.6890284241789560e-04 6.1396423724838158e-04
0240 1.6889497553344095e-04 6.1410678318535425e-04
0241 1.6888710375144640e-04 6.1424933887767655e-04
0242 1.6887922706996576e-04 6.1439187274316945e-04
0243 1.6887134548613012e-04 6.1453441317200434e-04
0244 1.6886345900006785e-04 6.1467691086604392e-04
0245 1.6885556760738509e-04 6.1481940843915431e-04
0246 1.6884767130692104e-04 6.1496189290541792e-04
0247 1.6883977009654464e-04 6.1510436217986097e-04
0248 1.6883186397425914e-04 6.1524685360718023e-04
0249 1.6882395293783877e-04 6.1538933382746213e-04
0250 1.6881603698537702e-04 6.1553183322261070e-04
0251 1.6880811611465768e-04 6.1567432114559479e-04
0252 1.6880019032362853e-04 6.1581681271204083e-04
0253 1.6879225961014357e-04 6.1595930981476251e-04
0254 1.6878432397214471e-04 6.1610182964391821e-04
0255 1.6877638340751140e-04 6.1624434518437962e-04
0256 1.6876843791408932e-04 6.1638687081464719e-04
0257 1.6876048748976614e-04 6.1652941687507395e-04
0258 1.6875253213249024e-04 6.1667198762833291e-04
0259 1.6874457183981427e-04 6.1681456681769340e-04
0260 1.6873660660994747e-04 6.1695715234792313e-04
0261 1.6872863644062426e-04 6.1709976403278427e-04
0262 1.6872066132963572e-04 6.1724240436924246e-04
0263 1.6871268127484335e-04 6.1738504947383510e-04
0264 1.6870469627414266e-04 6.1752772230539538e-04
0265 1.6869670632525414e-04 6.1767041071126986e-04
0266 1.6868871142602525e-04 6.1781312971280944e-04
0267 1.6868071157431202e-04 6.1795587082160797e-04
0268 1.6867270676784409e-04 6.1809864204379918e-04
0269 1.6866469700449122e-04 6.1824143491213273e-04
0270 1.6865668228205477e-04 6.1838427296417116e-04
0271 1.6864866259831788e-04 6.1852711831696431e-04
0272 1.6864063795098234e-04 6.1867000647867891e-04
0273 1.6863260833788885e-04 6.1881292866531798e-04
0274 1.6862457375683382e-04 6.1895587249639243e-04
0275 1.6861653420547330e-04 6.1909883614805867e-04
0276 1.6860848968176971e-04 6.1924183375542232e-04
0277 1.6860044018332103e-04 6.1938488846749169e-04
0278 1.6859238570787413e-04 6.1952796850474454e-04
0279 1.6858432625331811e-04 6.1967107802241527e-04
0280 1.6857626181725839e-04 6.1981423489264277e-04
0281 1.6856819239742838e-04 6.1995741524809348e-04
0282 1.6856011799170676e-04 6.2010063020029836e-04
0283 1.6855203859767262e-04 6.2024388151469742e-04
0284 1.6854395421314264e-04 6.2038715431979893e-04
0285 1.6853586483581964e-04 6.2053046906399402e-04
0286 1.6852777046336839e-04 6.2067382855655428e-04
0287 1.6851967109357416e-04 6.2081720814951516e-04
0288 1.6851156672414579e-04 6.2096065317519898e-04
0289 1.6850345735275327e-04 6.2110413127751049e-04
0290 1.6849534297714398e-04 6.2124763078039104e-04
0291 1.6848722359497008e-04 6.2139117456850364e-04
0292 1.6847909920405765e-04 6.2153475761093696e-04
0293 1.6847096980193637e-04 6.2167836140204595e-04
0294 1.6846283538642405e-04 6.2182201990316718e-04
0295 1.6845469595512394e-04 6.2196572029269673e-04
0296 1.6844655150591940e-04 6.2210943257540207e-04
0297 1.6843840203620920e-04 6.2225319923649213e-04
0298 1.6843024754401188e-04 6.2239699515717248e-04
0299 1.6842208802677814e-04 6.2254082363441359e-04
0300 1.6841392348238593e-04 6.2268469739314711e-04
0301 1.6840575390832376e-04 6.2282861692737504e-04
0302 1.6839757930241922e-04 6.2297255681767840e-04
0303 1.6838939966233620e-04 6.2311654479129221e-04
0304 1.6838121498576882e-04 6.2326056802029762e-04
0305 1.6837302527045219e-04 6.2340461797233252e-04
0306 1.6836483051402550e-04 6.2354871057217036e-04
0307 1.6835663071420662e-04 6.2369283789382346e-04
0308 1.6834842586870523e-04 6.2383699364634783e-04
0309 1.6834021597518154e-04 6.2398118621476790e-04
0310 1.6833200103137704e-04 6.2412539757258803e-04
0311 1.6832378103501841e-04 6.2426966270661050e-04
0312 1.6831555598375553e-04 6.2441395112731416e-04
0313 1.6830732587535765e-04 6.2455828702285730e-04
0314 1.6829909070750586e-04 6.2470264245439023e-04
0315 1.6829085047784996e-04 6.2484703984145001e-04
0316 1.6828260518430638e-04 6.2499146737238188e-04
0317 1.6827435482441653e-04 6.2513590794434880e-04
0318 1.6826609939597350e-04 6.2528039731593317e-04
0319 1.6825783889677296e-04 6.2542491162674303e-04
0320 1.6824957332440987e-04 6.2556946385776706e-04
0321 1.6824130267682988e-04 6.2571403063972403e-04
0322 1.6823302695156246e-04 6.2585863658804776e-04
0323 1.6822474614654171e-04 6.2600325397396694e-04
0324 1.6821646025947355e-04 6.2614790725793899e-04
0325 1.6820816928813246e-04 6.2629260660117822e-04
0326 1.6819987323021330e-04 6.2643730845680576e-04
0327 1.6819157208360701e-04 6.2658205546797081e-04
0328 1.6818326584601214e-04 6.2672681266277917e-04
0329 1.6817495451532642e-04 6.2687159464535063e-04
0330 1.6816663808931498e-04 6.2701640768349004e-04
0331 1.6815831656574940e-04 6.2716124703137831e-04
0332 1.6814998994248818e-04 6.2730608141230116e-04
0333 1.6814165821731807e-04 6.2745096883582905e-04
0334 1.6813332138818055e-04 6.2759588366934711e-04
0335 1.6812497945280694e-04 6.2774081213517335e-04
0336 1.6811663240908341e-04 6.2788576639934428e-04
0337 1.6810828025490678e-04 6.2803072948368127e-04
0338 1.6809992298810254e-04 6.2817572097050749e-04
0339 1.6809156060662206e-04 6.2832072187497855e-04
0340 1.6808319310830094e-04 6.2846572885938694e-04
0341 1.6807482049105999e-04 6.2861078844802230e-04
0342 1.6806644275284315e-04 6.2875584417980282e-04
0343 1.6805805989151854e-04 6.2890092417874574e-04
0344 1.6804967190504774e-04 6.2904602535186370e-04
0345 1.6804127879141550e-04 6.2919113875574764e-04
0346 1.6803288054846515e-04 6.2933626246412171e-04
0347 1.6802447717432457e-04 6.2948141102301726e-04
0348 1.6801606866682881e-04 6.2962657114606089e-04
0349 1.6800765502408119e-04 6.2977174667041289e-04
0350 1.6799923624406208e-04 6.2991693259825449e-04
0351 1.6799081232472265e-04 6.3006212740195121e-04
0352 1.6798238326413839e-04 6.3020732452717990e-04
0353 1.6797394906039017e-04 6.3035255127844318e-04
0354 1.6796550971147857e-04 6.3049779638191684e-04
0355 1.6795706521546803e-04 6.3064303893497228e-04
0356 1.6794861557049685e-04 6.3078829542646299e-04
0357 1.6794016077461475e-04 6.3093355584489634e-04
0358 1.6793170082589034e-04 6.3107883007184956e-04
0359 1.6792323572246043e-04 6.3122410656739120e-04
0360 1.6791476546254311e-04 6.3136940576526048e-04
0361 1.6790629004421629e-04 6.3151470203458998e-04
0362 1.6789780946561053e-04 6.3166001074190122e-04
0363 1.6788932372499999e-04 6.3180533192820339e-04
0364 1.6788083282049231e-04 6.3195063937303243e-04
0365 1.6787233675030828e-04 6.3209598204577537e-04
0366 1.6786383551269153e-04 6.3224130408172222e-04
0367 1.6785532910579029e-04 6.3238663495515353e-04
0368 1.6784681698293817e-04 6.3240702378923759e-04
0369 1.6783830040412016e-04 6.3261744149669850e-04
0370 1.6782977860353585e-04 6.3280266079035778e-04
0371 1.6782125159227259e-04 6.3297128066350738e-04
0372 1.6781271937797753e-04 6.3312913408715464e-04
0373 1.6780418196578247e-04 6.3328021161296528e-04
0374 1.6779563935907419e-04 6.3342714787397944e-04
0375 1.6778709155992961e-04 6.3357168382170335e-04
0376 1.6777853856923784e-04 6.3371494200233720e-04
0377 1.6776998038741260e-04 6.3385765563547477e-04
0378 1.6776141701429812e-04 6.3400024926926865e-04
0379 1.6775284844922244e-04 6.3414297428989884e-04
0380 1.6774427469145158e-04 6.3428597679805472e-04
0381 1.6773569573989226e-04 6.3442930704884918e-04
0382 1.6772711159351202e-04 6.3457296074039731e-04
0383 1.6771852225092330e-04 6.3471693615203167e-04
0384 1.6770992771096509e-04 6.3486119326539795e-04
0385 1.6770132797219305e-04 6.3500571235091980e-04
0386 1.6769272303324094e-04 6.3515043882752230e-04
0387 1.6768411289273526e-04 6.3529533167686059e-04
0388 1.6767549754928649e-04 6.3544037740837487e-04
0389 1.6766687700148604e-04 6.3558552773737749e-04
0390 1.6765825124791302e-04 6.3573075137787370e-04
0391 1.6764962028723558e-04 6.3587604326058723e-04
0392 1.6764098411800303e-04 6.3602137402779708e-04
0393 1.6763234273891621e-04 6.3616674055626688e-04
0394 1.6762369614854922e-04 6.3631212313465242e-04
0395 1.6761504434560461e-04 6.3645751540094078e-04
0396 1.6760638732873397e-04 6.3660292045332923e-04
0397 1.6759772509665081e-04 6.3674831685476814e-04
0398 1.6758905764793707e-04 6.3689370473832990e-04
0399 1.6758038498149093e-04 6.3703909137555876e-04
0400 1.6757170709587850e-04 6.3718447854892797e-04
0401 1.6756302398993097e-04 6.3732984322640847e-04
0402 1.6755433566236587e-04 6.3747519200898595e-04
0403 1.6754564211191023e-04 6.3762053526770417e-04
0404 1.6753694333746297e-04 6.3776586327849967e-04
0405 1.6752823933771828e-04 6.3791118014496124e-04
0406 1.6751953011154936e-04 6.3805650290932987e-04
0407 1.6751081565775840e-04 6.3820181041192986e-04
0408 1.6750209597517966e-04 6.3834710477943962e-04
0409 1.6749337106269785e-04 6.3849239858977387e-04
0410 1.6748464091918336e-04 6.3863766680170354e-04
0411 1.6747590554350283e-04 6.3878293900220949e-04
0412 1.6746716493459541e-04 6.3892820961151595e-04
0413 1.6745841909130969e-04 6.3907347025715221e-04
0414 1.6744966801260190e-04 6.3921873041095437e-04
0415 1.6744091169738334e-04 6.3936398509079897e-04
0416 1.6743215014469203e-04 6.3950923963798721e-04
0417 1.6742338335341264e-04 6.3965447808488854e-04
0418 1.6741461132256395e-04 6.3979971371493408e-04
0419 1.6740583405116071e-04 6.3994494646220693e-04
0420 1.6739705153813101e-04 6.4009019824396514e-04
0421 1.6738826378263495e-04 6.4023543162847023e-04
0422 1.6737947078356935e-04 6.4038065442287458e-04
0423 1.6737067254000087e-04 6.4052587726012302e-04
0424 1.6736186905101882e-04 6.4067110092158033e-04
0425 1.6735306031569644e-04 6.4081631624726633e-04
0426 1.6734424633313246e-04 6.4096153833027923e-04
0427 1.6733542710236840e-04 6.4110674462857897e-04
0428 1.6732660262257218e-04 6.4125196091674560e-04
0429 1.6731777289281238e-04 6.4139716888785198e-04
0430 1.6730893791224683e-04 6.4154236403238566e-04
0431 1.6730009768004147e-04 6.4168757659796463e-04
0432 1.6729125219528722e-04 6.4183277889879578e-04
0433 1.6728240145719156e-04 6.4197798085002843e-04
0434 1.6727354546492058e-04 6.4212318161904574e-04
0435 1.6726468421768048e-04 6.4226836253663373e-04
0436 1.6725581771463930e-04 6.4241355432659568e-04
0437 1.6724694595504302e-04 6.4255873666049822e-04
0438 1.6723806893809745e-04 6.4270392591220347e-04
0439 1.6722918666302601e-04 6.4284911462993751e-04
0440 1.6722029912907209e-04 6.4299429268318902e-04
0441 1.6721140633547076e-04 6.4313945736762775e-04
0442 1.6720250828154259e-04 6.4328463529476627e-04
0443 1.6719360496649725e-04 6.4342980902261783e-04
0444 1.6718469638965486e-04 6.4357498691748843e-04
0445 1.6717578255031381e-04 6.4372015853671985e-04
0446 1.6716686344777878e-04 6.4386532273286135e-04
0447 1.6715793908130011e-04 6.4401048791914452e-04
0448 1.6714900945023447e-04 6.4415565163008820e-04
0449 1.6714007455393491e-04 6.4430081340918701e-04
0450 1.6713113439177112e-04 6.4444597921814320e-04
0451 1.6712218896300249e-04 6.4459112714034981e-04
0452 1.6711323826707700e-04 6.4473629670365365e-04
0453 1.6710428230327619e-04 6.4488144067130655e-04
0454 1.6709532107100669e-04 6.4502659215612225e-04
0455 1.6708635456974243e-04 6.4517175206967893e-04
0456 1.6707738279871697e-04 6.4531689972843666e-04
0457 1.6706840575745859e-04 6.4546204399134471e-04
0458 1.6705942344529204e-04 6.4560719843691217e-04
0459 1.6705043586172935e-04 6.4575234376964077e-04
0460 1.6704144300612887e-04 6.4589749449774797e-04
0461 1.6703244487789639e-04 6.4604264505215318e-04
0462 1.6702344147658186e-04 6.4618778539076989e-04
0463 1.6701443280152162e-04 6.4633292562973725e-04
0464 1.6700541885222018e-04 6.4647808023549037e-04
0465 1.6699639962810170e-04 6.4662322537025428e-04
0466 1.6698737512882352e-04 6.4676836715502734e-04
0467 1.6697834535355058e-04 6.4691351688408809e-04
0468 1.6696931030201539e-04 6.4705866985606411e-04
0469 1.6696026997359184e-04 6.4720381136807923e-04
0470 1.6695122436787306e-04 6.4734895461852297e-04
0471 1.6694217348428163e-04 6.4749411221356903e-04
0472 1.6693311732233292e-04 6.4763925247396381e-04
0473 1.6692405588161497e-04 6.4778439531088146e-04
0474 1.6691498916162931e-04 6.4792953693826902e-04
0475 1.6690591716183895e-04 6.4807468364270061e-04
0476 1.6689683988180851e-04 6.4821983251925537e-04
0477 1.6688775732121396e-04 6.4836498141115071e-04
0478 1.6687866947945942e-04 6.4851014383295513e-04
0479 1.6686957635616474e-04 6.4865529183102185e-04
0480 1.6686047795088643e-04 6.4880043552911662e-04
0481 1.6685137426319775e-04 6.4894559282387034e-04
0482 1.6684226529265709e-04 6.4909074527533424e-04
0483 1.6683315103881396e-04 6.4923590725843414e-04
0484 1.6682403150134845e-04 6.4938105955309356e-04
0485 1.6681490667979040e-04 6.4952621914261084e-04
0486 1.6680577657379099e-04 6.4967137132405353e-04
0487 1.6679664118289644e-04 6.4981652942963262e-04
0488 1.6678750050673884e-04 6.4996169306603469e-04
0489 1.6677835454491781e-04 6.5010687113105977e-04
0490 1.6676920329714655e-04 6.5025202551038551e-04
0491 1.6676004676290725e-04 6.5039719134752489e-04
0492 1.6675088494194268e-04 6.5054236095310448e-04
0493 1.6674171783380946e-04 6.5068752726297368e-04
0494 1.6673254543824218e-04 6.5083270049688278e-04
0495 1.6672336775479642e-04 6.5097786788886316e-04
0496 1.6671418478321606e-04 6.5112304320879839e-04
0497 1.6670499652309190e-04 6.5126821802841367e-04
0498 1.6669580297414441e-04 6.5141340157061128e-04
0499 1.6668660413592437e-04 6.5155857570099208e-04
0500 1.6667740000827973e-04 6.5170375984064874e-04
0501 1.6666819059073511e-04 6.5184892790057464e-04
0502 1.6665897588307289e-04 6.5199412387018498e-04
0503 1.6664975588493328e-04 6.5213930803819081e-04
0504 1.6664053059601313e-04 6.5228450159552840e-04
0505 1.6663130001603682e-04 6.5242967896819129e-04
0506 1.6662206414466880e-04 6.5257486636107072e-04
0507 1.6661282298164161e-04 6.5272006273392144e-04
0508 1.6660357652667222e-04 6.5286525683171755e-04
0509 1.6659432477946715e-04 6.5301046395659351e-04
0510 1.6658506773973940e-04 6.5315565680325522e-04
0511 1.6657580540721395e-04 6.5330085121572746e-04
0512 1.6656653778166947e-04 6.5344604548590814e-04
0513 1.6655726486280209e-04 6.5359124425553390e-04
0514 1.6654798665037383e-04 6.5373645551552821e-04
0515 1.6653870314407715e-04 6.5388166537957580e-04
0516 1.6652941434371689e-04 6.5402687504378455e-04
0517 1.6652012024902281e-04 6.5417208099123505e-04
0518 1.6651082085983960e-04 6.5431727651291518e-04
0519 1.6650151617577749e-04 6.5446248443783530e-04
0520 1.6649220619674700e-04 6.5460770594640309e-04
0521 1.6648289092239025e-04 6.5475291784526277e-04
0522 1.6647357035259855e-04 6.5489813440750672e-04
0523 1.6646424448716715e-04 6.5504335371543401e-04
0524 1.6645491332576139e-04 6.5518856367619677e-04
0525 1.6644557686826649e-04 6.5533377278395219e-04
0526 1.6643623511450011e-04 6.5547898865297885e-04
0527 1.6642688806418500e-04 6.5562420761820783e-04
0528 1.6641753571719251e-04 6.5576942008185456e-04
0529 1.6640817807336188e-04 6.5591463928599215e-04
0530 1.6639881513240252e-04 6.5605985572863071e-04
0531 1.6638944689423169e-04 6.5620506545941587e-04
0532 1.6638007335865955e-04 6.5635029218496187e-04
0533 1.6637069452547879e-04 6.5649550749799317e-04
0534 1.6636131039458090e-04 6.5664072828416930e-04
0535 1.6635192096573921e-04 6.5678594288961383e-04
0536 1.6634252623890319e-04 6.5693116522874445e-04
0537 1.6633312621386608e-04 6.5707637875319508e-04
0538 1.6632372089047927e-04 6.5722159218714767e-04
0539 1.6631431026858316e-04 6.5736680299721250e-04
0540 1.6630489434813164e-04 6.5751200838647138e-04
0541 1.6629547312895963e-04 6.5765722851846313e-04
0542 1.6628604661087586e-04 6.5780244557391422e-04
0543 1.6627661479387193e-04 6.5794765433198723e-04
0544 1.6626717767778470e-04 6.5809287314434533e-04
0545 1.6625773526253340e-04 6.5823808328132965e-04
0546 1.6624828754797499e-04 6.5838328382940325e-04
0547 1.6623883453405777e-04 6.5852847982162462e-04
0548 1.6622937622064011e-04 6.5867368988425771e-04
0549 1.6621991260773694e-04 6.5881888928899794e-04
0550 1.6621044369518161e-04 6.5896408746694769e-04
0551 1.6620096948293694e-04 6.5910929615939199e-04
0552 1.6619148997095730e-04 6.5925449140352211e-04
0553 1.6618200515911352e-04 6.5939968397101467e-04
0554 1.6617251504744739e-04 6.5954487256013057e-04
0555 1.6616301963581195e-04 6.5969005810271523e-04
0556 1.6615351892427309e-04 6.5983523756186406e-04
0557 1.6614401291267379e-04 6.5998041078259686e-04
0558 1.6613450160108117e-04 6.6012559726410960e-04
0559 1.6612498498939576e-04 6.6027077421398125e-04
0560 1.6611546307768684e-04 6.6041594114486964e-04
0561 1.6610593586587429e-04 6.6056111232641113e-04
0562 1.6609640335395998e-04 6.6070626854788548e-04
0563 1.6608686554192499e-04 6.6085142606058021e-04
0564 1.6607732242985686e-04 6.6099659365252130e-04
0565 1.6606777401767728e-04 6.6114173523740770e-04
0566 1.6605822030544448e-04 6.6128687518507792e-04
0567 1.6604866129318264e-04 6.6143201379563054e-04
0568 1.6603909698089799e-04 6.6157714474320646e-04
0569 1.6602952736872052e-04 6.6172226816937224e-04
0570 1.6601995245656763e-04 6.6186739704405140e-04
0571 1.6601037224453730e-04 6.6201251780236209e-04
0572 1.6600078673269827e-04 6.6215762551135487e-04
0573 1.6599119592110125e-04 6.6230273346748426e-04
0574 1.6598159980985025e-04 6.6244783430031463e-04
0575 1.6597199839901475e-04 6.6259292718800664e-04
0576 1.6596239168862323e-04 6.6273801777960424e-04
0577 1.6595277967881476e-04 6.6288310877831141e-04
0578 1.6594316236969369e-04 6.6302818476803634e-04
0579 1.6593353976130767e-04 6.6317324426215431e-04
0580 1.6592391185378717e-04 6.6331831155577053e-04
0581 1.6591427864735790e-04 6.6346336549537755e-04
0582 1.6590464014201945e-04 6.6360841224623215e-04
0583 1.6589499633791496e-04 6.6375344342366573e-04
0584 1.6588534723524918e-04 6.6389847553957636e-04
0585 1.6587569283409501e-04 6.6404349884441674e-04
0586 1.6586603313462406e-04 6.6418850928226308e-04
0587 1.6585636813701727e-04 6.6433351249965147e-04
0588 1.6584669784150069e-04 6.6447851893887584e-04
0589 1.6583702224815132e-04 6.6462351379104577e-04
0590 1.6582734135713934e-04 6.6476848949419164e-04
0591 1.6581765516877694e-04 6.6491346415888314e-04
0592 1.6580796368315595e-04 6.6505842660815240e-04
0593 1.6579826690049456e-04 6.6520337608349275e-04
0594 1.6578856482105819e-04 6.6534831729042761e-04
0595 1.6577885744500592e-04 6.6549324907675723e-04
0596 1.6576914477260365e-04 6.6563816986705496e-04
0597 1.6575942680405097e-04 6.6578308602945871e-04
0598 1.6574970353963118e-04 6.6592799503882854e-04
0599 1.6573997497954687e-04 6.6607287730064432e-04
0600 1.6573024112412067e-04 6.6621776628741837e-04
