# step du_rel dp_rel
# u_rtol 1.0000000000000000e-04
# p_rtol 1.0000000000000000e-03
0001 1.6565352984275421e-04 4.0774959066315480e-03
0002 1.6564374436536439e-04 3.9013911189420161e-03
0003 1.6563397102504465e-04 3.7118150978978134e-03
0004 1.6562419931007993e-04 3.5148938062616883e-03
0005 1.6561442387486732e-04 3.3154730428341084e-03
0006 1.6560464225342267e-04 3.1173381393611523e-03
0007 1.6559485353357216e-04 2.9233993003163856e-03
0008 1.6558505759817839e-04 2.7358473151682479e-03
0009 1.6557525469933413e-04 2.5562840757438815e-03
0010 1.6556544522632551e-04 2.3858317319320555e-03
0011 1.6555562958523414e-04 2.2252238644764016e-03
0012 1.6554580814140082e-04 2.0748812430817667e-03
0013 1.6553598119671971e-04 1.9349748513918070e-03
0014 1.6552614898518775e-04 1.8054780783895270e-03
0015 1.6551631167745012e-04 1.6862097748673855e-03
0016 1.6550646938916704e-04 1.5768698291814089e-03
0017 1.6549662219054621e-04 1.4770683451802737e-03
0018 1.6548677011525903e-04 1.3863496431336694e-03
0019 1.6547691316884348e-04 1.3042119067863569e-03
0020 1.6546705133514944e-04 1.2301234704719317e-03
0021 1.6545718458261025e-04 1.1635360940532862e-03
0022 1.6544731286850098e-04 1.1038960581483215e-03
0023 1.6543743614277670e-04 1.0506533164361738e-03
0024 1.6542755435118407e-04 1.0032690548618009e-03
0025 1.6541766743696543e-04 9.6122193609004029e-04
0026 1.6540777534326435e-04 9.2401307710221394e-04
0027 1.6539787801380035e-04 8.9116988915738111e-04
0028 1.6538797539433385e-04 8.6224895354752233e-04
0029 1.6537806743295648e-04 8.3683783680288989e-04
0030 1.6536815408075658e-04 8.1455605266357936e-04
0031 1.6535823529202357e-04 7.9505519649407299e-04
0032 1.6534831102465262e-04 7.7801835633363697e-04
0033 1.6533838123980661e-04 7.6315908310071730e-04
0034 1.6532844590227912e-04 7.5021979123953352e-04
0035 1.6531850498029249e-04 7.3896997572566630e-04
0036 1.6530855844534902e-04 7.2920412621189229e-04
0037 1.6529860627226639e-04 7.2073971840844132e-04
0038 1.6528864843892282e-04 7.1341505412783179e-04
0039 1.6527868492592044e-04 7.0708723483820510e-04
0040 1.6526871571678677e-04 7.0163019441911358e-04
0041 1.6525874079757259e-04 6.9693296429095637e-04
0042 1.6524876015667158e-04 6.9289796940944566e-04
0043 1.6523877378477655e-04 6.8943948128516745e-04
0044 1.6522878167448063e-04 6.8648230605590228e-04
0045 1.6521878382046054e-04 6.8396054965681556e-04
0046 1.6520878021893354e-04 6.8181651104143076e-04
0047 1.6519877086785170e-04 6.7999971488314512e-04
0048 1.6518875576656690e-04 6.7846607459482811e-04
0049 1.6517873491577836e-04 6.7717710998368985e-04
0050 1.6516870831724133e-04 6.7609927298536011e-04
0051 1.6515867597397522e-04 6.7520335179150129e-04
0052 1.6514863788986631e-04 6.7446394347946506e-04
0053 1.6513859406964361e-04 6.7385902131474203e-04
0054 1.6512854451887900e-04 6.7336943835140655e-04
0055 1.6511848924371473e-04 6.7297867241206274e-04
0056 1.6510842825105161e-04 6.7267241545498338e-04
0057 1.6509836154818996e-04 6.7243834855899658e-04
0058 1.6508828914293613e-04 6.7226585036779356e-04
0059 1.6507821104349714e-04 6.7214580381466400e-04
0060 1.6506812725840153e-04 6.7207039906295118e-04
0061 1.6505803779649379e-04 6.7203291633498481e-04
0062 1.6504794266682964e-04 6.7202764697296864e-04
0063 1.6503784187861303e-04 6.7204971911861457e-04
0064 1.6502773544131128e-04 6.7209497723491607e-04
0065 1.6501762336437089e-04 6.7215990273190960e-04
0066 1.6500750565742086e-04 6.7224149763366308e-04
0067 1.6499738233015097e-04 6.7233725639075656e-04
0068 1.6498725339220889e-04 6.7244503507738027e-04
0069 1.6497711885328528e-04 6.7256302891756435e-04
0070 1.6496697872302976e-04 6.7268974674665461e-04
0071 1.6495683301111878e-04 6.7282390225918503e-04
0072 1.6494668172711008e-04 6.7296443649754467e-04
0073 1.6493652488045826e-04 6.7311045016934818e-04
0074 1.6492636248060773e-04 6.7326119288469344e-04
0075 1.6491619453688913e-04 6.7341603430188526e-04
0076 1.6490602105845517e-04 6.7357443565360079e-04
0077 1.6489584205453236e-04 6.7373596090456475e-04
0078 1.6488565753394296e-04 6.7390024621617165e-04
0079 1.6487546750559891e-04 6.7406694673550289e-04
0080 1.6486527197822246e-04 6.7423581491414270e-04
0081 1.6485507096034087e-04 6.7440660439517356e-04
0082 1.6484486446030120e-04 6.7457912126643485e-04
0083 1.6483465248652592e-04 6.7475318908354130e-04
0084 1.6482443504698197e-04 6.7492866535855014e-04
0085 1.6481421214966510e-04 6.7510541188216993e-04
0086 1.6480398380239736e-04 6.7528329574960226e-04
0087 1.6479375001281977e-04 6.7546222528253735e-04
0088 1.6478351078841503e-04 6.7564209773950004e-04
0089 1.6477326613641190e-04 6.7582281801119846e-04
0090 1.6476301606411790e-04 6.7600430076804471e-04
0091 1.6475276057848211e-04 6.7618648251767193e-04
0092 1.6474249968632666e-04 6.7636928220374845e-04
0093 1.6473223339435989e-04 6.7655263421365097e-04
0094 1.6472196170913875e-04 6.7673646119757898e-04
0095 1.6471168463702934e-04 6.7692070881789665e-04
0096 1.6470140218429618e-04 6.7710532619139866e-04
0097 1.6469111435693786e-04 6.7729026124009075e-04
0098 1.6468082116101644e-04 6.7747544301020315e-04
0099 1.6467052260224266e-04 6.7766083197465417e-04
0100 1.6466021868627873e-04 6.7784637612924512e-04
0101 1.6464990941865960e-04 6.7803203216960939e-04
0102 1.6463959480468712e-04 6.7821775493837077e-04
0103 1.6462927484968225e-04 6.7840350033018337e-04
0104 1.6461894955865309e-04 6.7858924115121722e-04
0105 1.6460861893663540e-04 6.7877492509525262e-04
0106 1.6459828298846782e-04 6.7896053134871019e-04
0107 1.6458794171884716e-04 6.7914601828370890e-04
0108 1.6457759513241129e-04 6.7933134743866218e-04
0109 1.6456724323356145e-04 6.7951651013414501e-04
0110 1.6455688602671486e-04 6.7970146439803717e-04
0111 1.6454652351615456e-04 6.7988619295590200e-04
0112 1.6453615570594302e-04 6.8007066356370318e-04
0113 1.6452578260018455e-04 6.8025486135824985e-04
0114 1.6451540420277594e-04 6.8043875807730168e-04
0115 1.6450502051755333e-04 6.8062235158105103e-04
0116 1.6449463154825060e-04 6.8080560467680704e-04
0117 1.6448423729853822e-04 6.8098850570645316e-04
0118 1.6447383777193594e-04 6.8117105509093382e-04
0119 1.6446343297184103e-04 6.8135321866116881e-04
0120 1.6445302290177849e-04 6.8153498483089373e-04
0121 1.6444260756491745e-04 6.8171635958218680e-04
0122 1.6443218696454831e-04 6.8189732188312464e-04
0123 1.6442176110372656e-04 6.8207786757432587e-04
0124 1.6441132998559389e-04 6.8225798327754697e-04
0125 1.6440089267235019e-04 6.8236478696284328e-04
0126 1.6439045128468930e-04 6.8258075662994361e-04
0127 1.6438000457831735e-04 6.8278191579340154e-04
0128 1.6436955257711626e-04 6.8297333951863469e-04
0129 1.6435909529866473e-04 6.8315840028424250e-04
0130 1.6434863275593839e-04 6.8333929988343030e-04
0131 1.6433816495890167e-04 6.8351749249908104e-04
0132 1.6432769191503446e-04 6.8369390467314312e-04
0133 1.6431721363039238e-04 6.8386913019374677e-04
0134 1.6430673010986511e-04 6.8404352387332282e-04
0135 1.6429624135760274e-04 6.8421731374010972e-04
0136 1.6428574737714578e-04 6.8439064175849628e-04
0137 1.6427524817168358e-04 6.8456357881374662e-04
0138 1.6426474374406591e-04 6.8473615141454185e-04
0139 1.6425423409697817e-04 6.8490837058433993e-04
0140 1.6424371923300104e-04 6.8508024504884441e-04
0141 1.6423319915449859e-04 6.8525176560922565e-04
0142 1.6422267386381788e-04 6.8542291704585113e-04
0143 1.6421214336321657e-04 6.8559368277272721e-04
0144 1.6420160765495421e-04 6.8576405925801240e-04
0145 1.6419106674121149e-04 6.8593403495427691e-04
0146 1.6418052062405235e-04 6.8610360270735101e-04
0147 1.6416996930566279e-04 6.8627275199154654e-04
0148 1.6415941278814404e-04 6.8644146262366917e-04
0149 1.6414885107349130e-04 6.8660974619627743e-04
0150 1.6413828416380789e-04 6.8677758887559647e-04
0151 1.6412771206114556e-04 6.8694499024574206e-04
0152 1.6411713476753047e-04 6.8711194048458823e-04
0153 1.6410655228493118e-04 6.8727844916706329e-04
0154 1.6409596461544116e-04 6.8744450348155988e-04
0155 1.6408537176098716e-04 6.8761011147563619e-04
0156 1.6407477372364624e-04 6.8777526748429530e-04
0157 1.6406417050533563e-04 6.8793998908376209e-04
0158 1.6405356210807859e-04 6.8810426323121182e-04
0159 1.6404294853389077e-04 6.8826809229145087e-04
0160 1.6403232978474505e-04 6.8843148235752814e-04
0161 1.6402170586261270e-04 6.8859444281455396e-04
0162 1.6401107676956874e-04 6.8875697595862674e-04
0163 1.6400044250758350e-04 6.8891906579086686e-04
0164 1.6398980307857799e-04 6.8908073867692346e-04
0165 1.6397915848468501e-04 6.8924199173189761e-04
0166 1.6396850872790980e-04 6.8940283603662576e-04
0167 1.6395785381018754e-04 6.8956326128383021e-04
0168 1.6394719373367291e-04 6.8972327475834102e-04
0169 1.6393652850033453e-04 6.8988288625740585e-04
0170 1.6392585811226182e-04 6.9004209551215329e-04
0171 1.6391518257152679e-04 6.9020090564982821e-04
0172 1.6390450188018705e-04 6.9035933682313577e-04
0173 1.6389381604035372e-04 6.9051737907677147e-04
0174 1.6388312505408615e-04 6.9067503194828513e-04
0175 1.6387242892357539e-04 6.9083231377378154e-04
0176 1.6386172765091609e-04 6.9098922662079714e-04
0177 1.6385102123820909e-04 6.9114576837681335e-04
0178 1.6384030968771563e-04 6.9130195082861340e-04
0179 1.6382959300147236e-04 6.9145776764356322e-04
0180 1.6381887118170884e-04 6.9161323410817013e-04
0181 1.6380814423083963e-04 6.9176834648317336e-04
0182 1.6379741215087731e-04 6.9192312185281256e-04
0183 1.6378667494386284e-04 6.9207754960505291e-04
0184 1.6377593261241493e-04 6.9223165595994421e-04
0185 1.6376518515858940e-04 6.9238541492145777e-04
0186 1.6375443258479655e-04 6.9253885864983236e-04
0187 1.6374367489323529e-04 6.9269197653676025e-04
0188 1.6373291208624373e-04 6.9284477817276881e-04
0189 1.6372214416615912e-04 6.9299727004391572e-04
0190 1.6371137113529950e-04 6.9314945313335419e-04
0191 1.6370059299609447e-04 6.9330132961735252e-04
0192 1.6368980975085302e-04 6.9345291016566267e-04
0193 1.6367902140199209e-04 6.9360420051018518e-04
0194 1.6366822795200239e-04 6.9375519632162627e-04
0195 1.6365742940300176e-04 6.9390590047251944e-04
0196 1.6364662575782103e-04 6.9405633562495553e-04
0197 1.6363581701877046e-04 6.9420649183302965e-04
0198 1.6362500318824289e-04 6.9435637608225651e-04
0199 1.6361418426876916e-04 6.9450599357213851e-04
0200 1.6360336026289288e-04 6.9465534348065242e-04
0201 1.6359253117304598e-04 6.9480444372091834e-04
0202 1.6358169700183262e-04 6.9495328143588284e-04
0203 1.6357085775175838e-04 6.9510186795218880e-04
0204 1.6356001342538628e-04 6.9525021204312277e-04
0205 1.6354916402525733e-04 6.9539832175852614e-04
0206 1.6353830955396665e-04 6.9554618682626638e-04
0207 1.6352745001412637e-04 6.9569381394810428e-04
0208 1.6351658540831731e-04 6.9584121800734069e-04
0209 1.6350571573917205e-04 6.9598839838147031e-04
0210 1.6349484100930617e-04 6.9613535154706919e-04
0211 1.6348396122133421e-04 6.9628209136399027e-04
0212 1.6347307637795398e-04 6.9642862466387056e-04
0213 1.6346218648174347e-04 6.9657494299364328e-04
0214 1.6345129153547773e-04 6.9672106361224945e-04
0215 1.6344039154177011e-04 6.9686698346786333e-04
0216 1.6342948650325262e-04 6.9701269918953819e-04
0217 1.6341857642274016e-04 6.9715822867545967e-04
0218 1.6340766130281743e-04 6.9730356236701616e-04
0219 1.6339674114632314e-04 6.9744871314488617e-04
0220 1.6338581595583314e-04 6.9759368134686742e-04
0221 1.6337488573418140e-04 6.9773846160209026e-04
0222 1.6336395048397525e-04 6.9788306902863714e-04
0223 1.6335301020811368e-04 6.9802751064661239e-04
0224 1.6334206490918815e-04 6.9817178742176888e-04
0225 1.6333111458999283e-04 6.9831590044781388e-04
0226 1.6332015925329683e-04 6.9845984896751544e-04
0227 1.6330919890184925e-04 6.9860363666679199e-04
0228 1.6329823353839013e-04 6.9874727082076154e-04
0229 1.6328726316570233e-04 6.9889075558472453e-04
0230 1.6327628778647733e-04 6.9903408019992056e-04
0231 1.6326530740358539e-04 6.9917726466435460e-04
0232 1.6325432201974336e-04 6.9932031554972428e-04
0233 1.6324333163769315e-04 6.9946321972034662e-04
0234 1.6323233626024588e-04 6.9960598312411571e-04
0235 1.6322133589014712e-04 6.9974861320356316e-04
0236 1.6321033053020282e-04 6.9989111874395522e-04
0237 1.6319932018310957e-04 7.0003348853482216e-04
0238 1.6318830485174707e-04 7.0017573853657623e-04
0239 1.6317728453880709e-04 7.0031786445104145e-04
0240 1.6316625924708901e-04 7.0045986990582192e-04
0241 1.6315522897935745e-04 7.0060175314832411e-04
0242 1.6314419373833513e-04 7.0074352075503695e-04
0243 1.6313315352686961e-04 7.0088517125184901e-04
0244 1.6312210834765591e-04 7.0102670632339625e-04
0245 1.6311105820347453e-04 7.0116813312845808e-04
0246 1.6310000309711572e-04 7.0130946511609137e-04
0247 1.6308894303126661e-04 7.0145068527992574e-04
0248 1.6307787800875191e-04 7.0159180115466366e-04
0249 1.6306680803228574e-04 7.0173282043256655e-04
0250 1.6305573310459030e-04 7.0187373747452458e-04
0251 1.6304465322842580e-04 7.0201455226652856e-04
0252 1.6303356840658041e-04 7.0215527937751438e-04
0253 1.6302247864166238e-04 7.0229591082583795e-04
0254 1.6301138393643821e-04 7.0243644884958941e-04
0255 1.6300028429379915e-04 7.0257690604139935e-04
0256 1.6298917971625866e-04 7.0271726013086070e-04
0257 1.6297807020657825e-04 7.0285753109637281e-04
0258 1.6296695576749232e-04 7.0299772463864132e-04
0259 1.6295583640168121e-04 7.0313782710895755e-04
0260 1.6294471211185046e-04 7.0327784646509667e-04
0261 1.6293358290065570e-04 7.0341778900857746e-04
0262 1.6292244877089577e-04 7.0355765036027328e-04
0263 1.6291130972512032e-04 7.0369742906982924e-04
0264 1.6290016576602748e-04 7.0383712888475174e-04
0265 1.6288901689632428e-04 7.0397675618234638e-04
0266 1.6287786311864512e-04 7.0411630575105150e-04
0267 1.6286670443566234e-04 7.0425578354629446e-04
0268 1.6285554084999847e-04 7.0439518946850341e-04
0269 1.6284437236431165e-04 7.0453452530893376e-04
0270 1.6283319898123056e-04 7.0467378712306015e-04
0271 1.6282202070338299e-04 7.0481297516730886e-04
0272 1.6281083753343228e-04 7.0495209148931201e-04
0273 1.6279964947386495e-04 7.0509113964287596e-04
0274 1.6278845652745012e-04 7.0523012249779592e-04
0275 1.6277725869668987e-04 7.0536903949951159e-04
0276 1.6276605598423703e-04 7.0550788852479331e-04
0277 1.6275484839269072e-04 7.0564666903274640e-04
0278 1.6274363592458480e-04 7.0578537806651820e-04
0279 1.6273241858252670e-04 7.0592402964677616e-04
0280 1.6272119636909720e-04 7.0606260685155027e-04
0281 1.6270996928686367e-04 7.0620112184118422e-04
0282 1.6269873733839270e-04 7.0633957091711464e-04
0283 1.6268750052621922e-04 7.0647796231352819e-04
0284 1.6267625885288807e-04 7.0661629105722072e-04
0285 1.6266501232100683e-04 7.0675455156584408e-04
0286 1.6265376093308099e-04 7.0689275214686007e-04
0287 1.6264250469166973e-04 7.0703089195226930e-04
0288 1.6263124359923529e-04 7.0716896746949394e-04
0289 1.6261997765838762e-04 7.0730697264473374e-04
0290 1.6260870687161272e-04 7.0744491432466361e-04
0291 1.6259743124145837e-04 7.0758280012722728e-04
0292 1.6258615077041773e-04 7.0772062055297512e-04
0293 1.6257486546096973e-04 7.0785838029874422e-04
0294 1.6256357531570567e-04 7.0799607629210026e-04
0295 1.6255228033708983e-04 7.0813371239282074e-04
0296 1.6254098052758797e-04 7.0827127741753231e-04
0297 1.6252967588975225e-04 7.0840878390523185e-04
0298 1.6251836642603356e-04 7.0854622486280524e-04
0299 1.6250705213900594e-04 7.0868360910225669e-04
0300 1.6249573303105537e-04 7.0882092461209759e-04
0301 1.6248440910475554e-04 7.0895817669780101e-04
0302 1.6247308036256418e-04 7.0909536778858092e-04
0303 1.6246174680696520e-04 7.0923249544065309e-04
0304 1.6245040844044972e-04 7.0936955176459154e-04
0305 1.6243906526548194e-04 7.0950654531551816e-04
0306 1.6242771728461263e-04 7.0964347055086307e-04
0307 1.6241636450025927e-04 7.0978033385707580e-04
0308 1.6240500691492598e-04 7.0991712700510978e-04
0309 1.6239364453111296e-04 7.1005386032479338e-04
0310 1.6238227735128927e-04 7.1019052290143719e-04
0311 1.6237090537793149e-04 7.1032712351325709e-04
0312 1.6235952861354358e-04 7.1046364806149416e-04
0313 1.6234814706062907e-04 7.1060011026151761e-04
0314 1.6233676072164411e-04 7.1073650643119104e-04
0315 1.6232536959908132e-04 7.1087282433887730e-04
0316 1.6231397369548058e-04 7.1100908035753722e-04
0317 1.6230257301329287e-04 7.1114525524833619e-04
0318 1.6229116755502658e-04 7.1128137420754551e-04
0319 1.6227975732323343e-04 7.1141741294756644e-04
0320 1.6226834232033855e-04 7.1155338702605646e-04
0321 1.6225692254893785e-04 7.1168927868808470e-04
0322 1.6224549801141809e-04 7.1182510011636336e-04
0323 1.6223406871043676e-04 7.1196085368745458e-04
0324 1.6222263464846627e-04 7.1209652781112191e-04
0325 1.6221119582805445e-04 7.1223213182765473e-04
0326 1.6219975225166685e-04 7.1236765650135598e-04
0327 1.6218830392192136e-04 7.1250310795693340e-04
0328 1.6217685084131902e-04 7.1263848411991975e-04
0329 1.6216539301242442e-04 7.1277378273839340e-04
0330 1.6215393043782391e-04 7.1290900051769002e-04
0331 1.6214246312003673e-04 7.1304414065109616e-04
0332 1.6213099106162122e-04 7.1317920679555863e-04
0333 1.6211951426529377e-04 7.1331418830320814e-04
0334 1.6210803273346140e-04 7.1344909604803596e-04
0335 1.6209654646879722e-04 7.1358392372890083e-04
0336 1.6208505547392438e-04 7.1371866383613831e-04
0337 1.6207355975141150e-04 7.1385331812670995e-04
0338 1.6206205930406950e-04 7.1398789417183859e-04
0339 1.6205055413414217e-04 7.1412238501812782e-04
0340 1.6203904424456561e-04 7.1425678993466773e-04
0341 1.6202752963795079e-04 7.1439111679917611e-04
0342 1.6201601031692021e-04 7.1452535204288761e-04
0343 1.6200448628411244e-04 7.1465951245297619e-04
0344 1.6199295754229856e-04 7.1479358682734217e-04
0345 1.6198142409408641e-04 7.1492757019517761e-04
0346 1.6196988594221966e-04 7.1506145732242170e-04
0347 1.6195834308939898e-04 7.1519526908086573e-04
0348 1.6194679553831328e-04 7.1532897982754017e-04
0349 1.6193524329175042e-04 7.1546260453669202e-04
0350 1.6192368635247625e-04 7.1559614435195539e-04
0351 1.6191212472317895e-04 7.1572958927467736e-04
0352 1.6190055840666721e-04 7.1586294666160810e-04
0353 1.6188898740574539e-04 7.1599621087782626e-04
0354 1.6187741172316204e-04 7.1612938737276161e-04
0355 1.6186583136177716e-04 7.1626246431028451e-04
0356 1.6185424632438584e-04 7.1639544842884114e-04
0357 1.6184265661383897e-04 7.1652833605223446e-04
0358 1.6183106223299361e-04 7.1666113478829798e-04
0359 1.6181946318468140e-04 7.1679384195120794e-04
0360 1.6180785947180683e-04 7.1692644694674264e-04
0361 1.6179625109726014e-04 7.1705895865520211e-04
0362 1.6178463806392249e-04 7.1719137483845796e-04
0363 1.6177302037475582e-04 7.1732368915395067e-04
0364 1.6176139803265370e-04 7.1745591205322069e-04
0365 1.6174977104062212e-04 7.1758803273267357e-04
0366 1.6173813940153079e-04 7.1772005630460576e-04
0367 1.6172650311846245e-04 7.1785197028031956e-04
0368 1.6171486219432478e-04 7.1798379385882845e-04
0369 1.6170321663218652e-04 7.1811551533640969e-04
0370 1.6169156643503656e-04 7.1824714333183770e-04
0371 1.6167991160594605e-04 7.1837866960269381e-04
0372 1.6166825214796674e-04 7.1851008846958767e-04
0373 1.6165658806411846e-04 7.1864141317325571e-04
0374 1.6164491935752792e-04 7.1877263265556531e-04
0375 1.6163324603129373e-04 7.1890374725317656e-04
0376 1.6162156808851972e-04 7.1903476447918635e-04
0377 1.6160988553234231e-04 7.1916567375273125e-04
0378 1.6159819836594747e-04 7.1929647330432566e-04
0379 1.6158650659243558e-04 7.1942718256967793e-04
0380 1.6157481021501557e-04 7.1955778293908109e-04
0381 1.6156310923688669e-04 7.1968827464407583e-04
0382 1.6155140366127155e-04 7.1981866023248240e-04
0383 1.6153969349138963e-04 7.1994894468135299e-04
0384 1.6152797873044965e-04 7.2007911787709664e-04
0385 1.6151625938177152e-04 7.2020918913062260e-04
0386 1.6150453544856288e-04 7.2033914960825110e-04
0387 1.6149280693419078e-04 7.2046901814461239e-04
0388 1.6148107384190329e-04 7.2059876806010806e-04
0389 1.6146933617503371e-04 7.2072841455565989e-04
0390 1.6145759393696203e-04 7.2085795517273159e-04
0391 1.6144584713099773e-04 7.2098738914276378e-04
0392 1.6143409576052534e-04 7.2111671360752339e-04
0393 1.6142233982892497e-04 7.2124593311110577e-04
0394 1.6141057933960408e-04 7.2137503661106066e-04
0395 1.6139881429598778e-04 7.2150403715689029e-04
0396 1.6138704470151723e-04 7.2163292904266869e-04
0397 1.6137527055962213e-04 7.2176171292493297e-04
0398 1.6136349187376598e-04 7.2189038216471577e-04
0399 1.6135170864742734e-04 7.2201893925731098e-04
0400 1.6133992088413241e-04 7.2214739108776755e-04
0401 1.6132812858734772e-04 7.2227573769253269e-04
0402 1.6131633176064245e-04 7.2240397649610277e-04
0403 1.6130453040752579e-04 7.2253210770640728e-04
0404 1.6129272453156368e-04 7.2266012834589280e-04
0405 1.6128091413630707e-04 7.2278803668237267e-04
0406 1.6126909922537116e-04 7.2291582566108028e-04
0407 1.6125727980236942e-04 7.2304351661503811e-04
0408 1.6124545587086703e-04 7.2317109458826365e-04
0409 1.6123362743453390e-04 7.2329856447922078e-04
0410 1.6122179449711029e-04 7.2342592403255856e-04
0411 1.6120995706184115e-04 7.2355317084662953e-04
0412 1.6119811513287170e-04 7.2368030602923774e-04
0413 1.6118626871369581e-04 7.2380732999027082e-04
0414 1.6117441780802419e-04 7.2393425031138325e-04
0415 1.6116256241956661e-04 7.2406105597140017e-04
0416 1.6115070255206260e-04 7.2418774929587204e-04
0417 1.6113883820921527e-04 7.2431433270352986e-04
0418 1.6112696939483365e-04 7.2444081055756825e-04
0419 1.6111509611263855e-04 7.2456717243036574e-04
0420 1.6110321836638802e-04 7.2469342924590780e-04
0421 1.6109133615993762e-04 7.2481958095744537e-04
0422 1.6107944949703501e-04 7.2494560914220072e-04
0423 1.6106755838149356e-04 7.2507153593989911e-04
0424 1.6105566281717434e-04 7.2519734604048122e-04
0425 1.6104376280788382e-04 7.2532304450280145e-04
0426 1.6103185835750764e-04 7.2544862956900973e-04
0427 1.6101994946986399e-04 7.2557411286359238e-04
0428 1.6100803614883065e-04 7.2569948472318640e-04
0429 1.6099611839834755e-04 7.2582474416964726e-04
0430 1.6098419622225961e-04 7.2594989980903884e-04
0431 1.6097226962445674e-04 7.2607494078845533e-04
0432 1.6096033860889470e-04 7.2619987634337229e-04
0433 1.6094840317946508e-04 7.2632469668634672e-04
0434 1.6093646334018082e-04 7.2644941117298715e-04
0435 1.6092451909487947e-04 7.2657401167262393e-04
0436 1.6091257044758159e-04 7.2669849557635969e-04
0437 1.6090061740224056e-04 7.2682287978060667e-04
0438 1.6088865996282826e-04 7.2694715221883251e-04
0439 1.6087669813333370e-04 7.2707131899427992e-04
0440 1.6086473191772482e-04 7.2719538159551065e-04
0441 1.6085276132008503e-04 7.2731932047132518e-04
0442 1.6084078634432986e-04 7.2744315359390532e-04
0443 1.6082880699452092e-04 7.2756688945777373e-04
0444 1.6081682327466097e-04 7.2769050202417204e-04
0445 1.6080483518883941e-04 7.2781401872188203e-04
0446 1.6079284274104423e-04 7.2793742014182401e-04
0447 1.6078084593534821e-04 7.2806070946279916e-04
0448 1.6076884477581846e-04 7.2818389645788306e-04
0449 1.6075683926647388e-04 7.2830697185614695e-04
0450 1.6074482948221733e-04 7.2838163464666427e-04
0451 1.6073281529729535e-04 7.2851807863587835e-04
0452 1.6072079677177466e-04 7.2865200844922037e-04
0453 1.6070877390986457e-04 7.2878349555824927e-04
0454 1.6069674671602459e-04 7.2891282335493411e-04
0455 1.6068471519487985e-04 7.2904032826869903e-04
0456 1.6067267935114524e-04 7.2916633859619606e-04
0457 1.6066063918931679e-04 7.2929115153708471e-04
0458 1.6064859471388179e-04 7.2941501491014687e-04
0459 1.6063654592928832e-04 7.2953814534485687e-04
0460 1.6062449283985093e-04 7.2966069796093864e-04
0461 1.6061243544985464e-04 7.2978280651582711e-04
0462 1.6060037376351807e-04 7.2990454687042283e-04
0463 1.6058830778510781e-04 7.3002601553405413e-04
0464 1.6057623751875309e-04 7.3014726344119475e-04
0465 1.6056416296868429e-04 7.3026831972814105e-04
0466 1.6055208413901463e-04 7.3038921518022088e-04
0467 1.6054000103399440e-04 7.3050998648647070e-04
0468 1.6052791365770341e-04 7.3063063324961184e-04
0469 1.6051582201435282e-04 7.3075118291188851e-04
0470 1.6050372610796468e-04 7.3087162088066265e-04
0471 1.6049162594290826e-04 7.3099197281222298e-04
0472 1.6047952152325657e-04 7.3111222360776405e-04
0473 1.6046741285319574e-04 7.3123239533478754e-04
0474 1.6045529993682580e-04 7.3135248714916736e-04
0475 1.6044318277843510e-04 7.3147248546991150e-04
0476 1.6043106138210336e-04 7.3159239897014651e-04
0477 1.6041893575198882e-04 7.3171222590176315e-04
0478 1.6040680589247071e-04 7.3183197368076921e-04
0479 1.6039467180754520e-04 7.3195163226874680e-04
0480 1.6038253350147901e-04 7.3207120185021747e-04
0481 1.6037039097847679e-04 7.3219068034299090e-04
0482 1.6035824424262776e-04 7.3231008260941693e-04
0483 1.6034609329826355e-04 7.3242940079438167e-04
0484 1.6033393814953833e-04 7.3254862221800712e-04
0485 1.6032177880065875e-04 7.3266775445248009e-04
0486 1.6030961525578948e-04 7.3278681414622735e-04
0487 1.6029744751918499e-04 7.3290576257453244e-04
0488 1.6028527559498802e-04 7.3302463105742700e-04
0489 1.6027309948747357e-04 7.3314340291092588e-04
0490 1.6026091920079519e-04 7.3326208802834345e-04
0491 1.6024873473920526e-04 7.3338067024471861e-04
0492 1.6023654610688019e-04 7.3349916800822764e-04
0493 1.6022435330802692e-04 7.3361756871827613e-04
0494 1.6021215634683486e-04 7.3373587044703477e-04
0495 1.6019995522755922e-04 7.3385407385568474e-04
0496 1.6018774995441333e-04 7.3397218111876305e-04
0497 1.6017554053156575e-04 7.3409019312273955e-04
0498 1.6016332696322817e-04 7.3420811228522330e-04
0499 1.6015110925358085e-04 7.3432592479364311e-04
0500 1.6013888740695997e-04 7.3444364121113984e-04
0501 1.6012666142744639e-04 7.3456126730879706e-04
0502 1.6011443131925824e-04 7.3467877915369718e-04
0503 1.6010219708664870e-04 7.3479620495628818e-04
0504 1.6008995873382112e-04 7.3491352620625426e-04
0505 1.6007771626492590e-04 7.3503075363611848e-04
0506 1.6006546968422723e-04 7.3514787097042351e-04
0507 1.6005321899586943e-04 7.3526489326286625e-04
0508 1.6004096420415100e-04 7.3538181097851775e-04
0509 1.6002870531320491e-04 7.3549863546152185e-04
0510 1.6001644232720383e-04 7.3561535977628484e-04
0511 1.6000417525039075e-04 7.3573197679114102e-04
0512 1.5999190408690742e-04 7.3584849682733643e-04
0513 1.5997962884112566e-04 7.3596490709232657e-04
0514 1.5996734951704636e-04 7.3608122610158361e-04
0515 1.5995506611894244e-04 7.3619743970925052e-04
0516 1.5994277865101329e-04 7.3631356243429699e-04
0517 1.5993048711740148e-04 7.3642958349903623e-04
0518 1.5991819152236513e-04 7.3654549552541520e-04
0519 1.5990589187005289e-04 7.3666130649451629e-04
0520 1.5989358816468672e-04 7.3677701050638654e-04
0521 1.5988128041040376e-04 7.3689262134457665e-04
0522 1.5986896861145785e-04 7.3700813074747290e-04
0523 1.5985665277195007e-04 7.3712355051773211e-04
0524 1.5984433289610057e-04 7.3723885614600682e-04
0525 1.5983200898813947e-04 7.3735406346304576e-04
0526 1.5981968105217999e-04 7.3746916287976679e-04
0527 1.5980734909244233e-04 7.3758417074838961e-04
0528 1.5979501311306812e-04 7.3769908167922900e-04
0529 1.5978267311826921e-04 7.3781388850080692e-04
0530 1.5977032911223003e-04 7.3792860062487265e-04
0531 1.5975798109906062e-04 7.3804320272647923e-04
0532 1.5974562908297959e-04 7.3815770670104743e-04
0533 1.5973327306816748e-04 7.3827211202184069e-04
0534 1.5972091305873571e-04 7.3838641224679654e-04
0535 1.5970854905888364e-04 7.3850062006197703e-04
0536 1.5969618107281811e-04 7.3861473191998053e-04
0537 1.5968380910467503e-04 7.3872872366214151e-04
0538 1.5967143315856426e-04 7.3884261615170070e-04
0539 1.5965905323871466e-04 7.3895642126082519e-04
0540 1.5964666934929089e-04 7.3907011666774478e-04
0541 1.5963428149445087e-04 7.3918371098994078e-04
0542 1.5962188967828968e-04 7.3929720687023674e-04
0543 1.5960949390497717e-04 7.3941060861305277e-04
0544 1.5959709417870849e-04 7.3952390407235600e-04
0545 1.5958469050369523e-04 7.3963710298524481e-04
0546 1.5957228288397373e-04 7.3975018660257580e-04
0547 1.5955987132375296e-04 7.3986318357841213e-04
0548 1.5954745582715817e-04 7.3997607645704191e-04
0549 1.5953503639836697e-04 7.4008887391139059e-04
0550 1.5952261304153797e-04 7.4020156811276398e-04
0551 1.5951018576081187e-04 7.4031416443277789e-04
0552 1.5949775456028996e-04 7.4042664887060642e-04
0553 1.5948531944418509e-04 7.4053904713876611e-04
0554 1.5947288041664930e-04 7.4065132728016927e-04
0555 1.5946043748170342e-04 7.4076350229315658e-04
0556 1.5944799064360958e-04 7.4087559036908120e-04
0557 1.5943553990651046e-04 7.4098757542078592e-04
0558 1.5942308527453522e-04 7.4109945539549329e-04
0559 1.5941062675174812e-04 7.4121123287799399e-04
0560 1.5939816434242652e-04 7.4132291509451372e-04
0561 1.5938569805055370e-04 7.4143449383913507e-04
0562 1.5937322788041260e-04 7.4154597171384028e-04
0563 1.5936075383610077e-04 7.4165734049977763e-04
0564 1.5934827592171901e-04 7.4176861240761579e-04
0565 1.5933579414143938e-04 7.4187977863637866e-04
0566 1.5932330849939775e-04 7.4199085269937280e-04
0567 1.5931081899971160e-04 7.4210181782649045e-04
0568 1.5929832564656700e-04 7.4221268371502569e-04
0569 1.5928582844403397e-04 7.4232344221323156e-04
0570 1.5927332739632316e-04 7.4243410402918093e-04
0571 1.5926082250746846e-04 7.4254466759185499e-04
0572 1.5924831378175879e-04 7.4265512896921936e-04
0573 1.5923580122323487e-04 7.4276548076458726e-04
0574 1.5922328483607883e-04 7.4287573530073170e-04
0575 1.5921076462436406e-04 7.4298588034861556e-04
0576 1.5919824059226870e-04 7.4309592688281707e-04
0577 1.5918571274394928e-04 7.4320587205937093e-04
0578 1.5917318108350835e-04 7.4331571205056644e-04
0579 1.5916064561510875e-04 7.4342544140135376e-04
0580 1.5914810634291173e-04 7.4353507708228969e-04
0581 1.5913556327105187e-04 7.4364461127209036e-04
0582 1.5912301640362089e-04 7.4375404593358800e-04
0583 1.5911046574481260e-04 7.4386337635249018e-04
0584 1.5909791129869826e-04 7.4397260573212242e-04
0585 1.5908535306952674e-04 7.4408172267098832e-04
0586 1.5907279106133480e-04 7.4419073884907832e-04
0587 1.5906022527839551e-04 7.4429965013960743e-04
0588 1.5904765572473118e-04 7.4440845911470221e-04
0589 1.5903508240454602e-04 7.4451715906949205e-04
0590 1.5902250532197861e-04 7.4462576333605827e-04
0591 1.5900992448113473e-04 7.4473425923036205e-04
0592 1.5899733988623279e-04 7.4484265376807246e-04
0593 1.5898475154137593e-04 7.4495094966228683e-04
0594 1.5897215945071417e-04 7.4505913203959427e-04
0595 1.5895956361849364e-04 7.4516721392499363e-04
0596 1.5894696404872876e-04 7.4527518828256868e-04
0597 1.5893436074565647e-04 7.4538305307995272e-04
0598 1.5892175371340001e-04 7.4549082210735725e-04
0599 1.5890914295612124e-04 7.4559848663799237e-04
0600 1.5889652847797010e-04 7.4570604377265516e-04
