# step du_rel dp_rel
# u_rtol 1.0000000000000000e-04
# p_rtol 1.0000000000000000e-03
0001 1.2696750654515794e-04 4.3749973656780445e-03
0002 1.2696418696981691e-04 4.1312996460121923e-03
0003 1.2696093276123930e-04 3.8724993137042572e-03
0004 1.2695772363547307e-04 3.6067377196466457e-03
0005 1.2695454749046510e-04 3.3402300164064209e-03
0006 1.2695139708063542e-04 3.0776632776841825e-03
0007 1.2694826802723820e-04 2.8225121402858321e-03
0008 1.2694515763139017e-04 2.5772908497927868e-03
0009 1.2694206416841638e-04 2.3437545102868843e-03
0010 1.2693898647485457e-04 2.1230608865683495e-03
0011 1.2693592370290158e-04 1.9159004953812817e-03
0012 1.2693287518214768e-04 1.7226017526085313e-03
0013 1.2692984033905335e-04 1.5432168274383999e-03
0014 1.2692681865453595e-04 1.3775910782268192e-03
0015 1.2692380963942205e-04 1.2254205058888810e-03
0016 1.2692081282453401e-04 1.0862990968232495e-03
0017 1.2691782775465631e-04 9.5975888312033577e-04
0018 1.2691485398719641e-04 8.4530354806037556e-04
0019 1.2691189109297017e-04 7.4243782115348438e-04
0020 1.2690893865569840e-04 6.5069291718287546e-04
0021 1.2690599627395132e-04 5.6964761347962003e-04
0022 1.2690306356154854e-04 4.9894297150568541e-04
0023 1.2690014014826240e-04 4.3828556512822726e-04
0024 1.2689722567989835e-04 3.8743071077941386e-04
0025 1.2689431981896464e-04 3.4613319865950507e-04
0026 1.2689142224420319e-04 3.1405977695239386e-04
0027 1.2688853265039875e-04 2.9067583852476607e-04
0028 1.2688565074814577e-04 2.7515313871954457e-04
0029 1.2688277626297218e-04 2.6636180959180110e-04
0030 1.2687990893530087e-04 2.6297351412001729e-04
0031 1.2687704851971216e-04 2.6363158316672011e-04
0032 1.2687419478332073e-04 2.6710751900078992e-04
0033 1.2687134750748939e-04 2.7239070635318283e-04
0034 1.2686850648403451e-04 2.7870883815791500e-04
0035 1.2686567151744626e-04 2.8550430288309849e-04
0036 1.2686284242195958e-04 2.9239306106284261e-04
0037 1.2686001902258265e-04 2.9912230898777452e-04
0038 1.2685720115361500e-04 3.0553445182580349e-04
0039 1.2685438865865523e-04 3.1153890714461175e-04
0040 1.2685158138878998e-04 3.1709120836840942e-04
0041 1.2684877920425905e-04 3.2217803655674602e-04
0042 1.2684598197173743e-04 3.2680627124888291e-04
0043 1.2684318956541487e-04 3.3099561253847892e-04
0044 1.2684040186565192e-04 3.3477338679863003e-04
0045 1.2683761875906369e-04 3.3817087684498599e-04
0046 1.2683484013778916e-04 3.4122102656824869e-04
0047 1.2683206589950952e-04 3.4395661450741574e-04
0048 1.2682929594685764e-04 3.4640939096563286e-04
0049 1.2682653018740995e-04 3.4860932229269773e-04
0050 1.2682376853252370e-04 3.5058425418656522e-04
0051 1.2682101089811252e-04 3.5235971010462810e-04
0052 1.2681825720443627e-04 3.5395897740955539e-04
0053 1.2681550737401418e-04 3.5540294189141263e-04
0054 1.2681276133431037e-04 3.5671034490912285e-04
0055 1.2681001901512689e-04 3.5789792242941652e-04
0056 1.2680728034933242e-04 3.5898046342375787e-04
0057 1.2680454527268117e-04 3.5997099494478036e-04
0058 1.2680181372397306e-04 3.6088102033339151e-04
0059 1.2679908564383480e-04 3.6172062947769339e-04
0060 1.2679636097571266e-04 3.6249859079484739e-04
0061 1.2679363966496573e-04 3.6322255898344879e-04
0062 1.2679092165955596e-04 3.6389925144456449e-04
0063 1.2678820690860512e-04 3.6453445797447113e-04
0064 1.2678549536392970e-04 3.6513321105134363e-04
0065 1.2678278697848057e-04 3.6569991061413193e-04
0066 1.2678008170710064e-04 3.6623823897881722e-04
0067 1.2677737950600842e-04 3.6675151991782549e-04
0068 1.2677468033345921e-04 3.6724249154152568e-04
0069 1.2677198414828383e-04 3.6771370205766432e-04
0070 1.2676929091133633e-04 3.6816718147951764e-04
0071 1.2676660058451756e-04 3.6860474031007829e-04
0072 1.2676391313062816e-04 3.6902794726683741e-04
0073 1.2676122851390959e-04 3.6943817874601520e-04
0074 1.2675854669961666e-04 3.6983658804612494e-04
0075 1.2675586765388184e-04 3.7022425543496257e-04
0076 1.2675319134397767e-04 3.7060202066605945e-04
0077 1.2675051773829878e-04 3.7097072265163963e-04
0078 1.2674784680528065e-04 3.7133102064788209e-04
0079 1.2674517851545550e-04 3.7168352686974123e-04
0080 1.2674251283903849e-04 3.7202878567747701e-04
0081 1.2673984974779522e-04 3.7236728123705688e-04
0082 1.2673718921371916e-04 3.7269945183014290e-04
0083 1.2673453120960005e-04 3.7302569415474738e-04
0084 1.2673187570924136e-04 3.7334633470795622e-04
0085 1.2672922268665935e-04 3.7366172313203961e-04
0086 1.2672657211698402e-04 3.7397218368772782e-04
0087 1.2672392397535822e-04 3.7427791785754800e-04
0088 1.2672127823780210e-04 3.7457922830355677e-04
0089 1.2671863488104897e-04 3.7487637154979170e-04
0090 1.2671599388201462e-04 3.7516954088403050e-04
0091 1.2671335521861503e-04 3.7545894523711911e-04
0092 1.2671071886873869e-04 3.7574478039243016e-04
0093 1.2670808481111053e-04 3.7602725207629172e-04
0094 1.2670545302464066e-04 3.7630654338556210e-04
0095 1.2670282348913357e-04 3.7658274970876217e-04
0096 1.2670019618433136e-04 3.7685614303539734e-04
0097 1.2669757109091040e-04 3.7712681105055211e-04
0098 1.2669494818935901e-04 3.7739486609356056e-04
0099 1.2669232746107055e-04 3.7766051215873392e-04
0100 1.2668970888781242e-04 3.7792384873048857e-04
0101 1.2668709245147855e-04 3.7818498944975433e-04
0102 1.2668447813442475e-04 3.7844407599903229e-04
0103 1.2668186591904390e-04 3.7870126360984414e-04
0104 1.2667925578915360e-04 3.7895663146759800e-04
0105 1.2667664772778416e-04 3.7921030238307680e-04
0106 1.2667404171884690e-04 3.7946228287619453e-04
0107 1.2667143774654289e-04 3.7971278772596842e-04
0108 1.2666883579515832e-04 3.7996185157812318e-04
0109 1.2666623584972955e-04 3.8020961198353980e-04
0110 1.2666363789476772e-04 3.8045608660163292e-04
0111 1.2666104191633062e-04 3.8070141601626229e-04
0112 1.2665844789993633e-04 3.8094563441766103e-04
0113 1.2665585583159753e-04 3.8118882177534848e-04
0114 1.2665326569731282e-04 3.8143107705568318e-04
0115 1.2665067748404181e-04 3.8167247643620988e-04
0116 1.2664809117848982e-04 3.8191306827471108e-04
0117 1.2664550676763986e-04 3.8215288237362102e-04
0118 1.2664292423919050e-04 3.8239201910844682e-04
0119 1.2664034358071281e-04 3.8263054320396918e-04
0120 1.2663776477997118e-04 3.8286847127956097e-04
0121 1.2663518782544007e-04 3.8310587285000274e-04
0122 1.2663261270525877e-04 3.8334283229287969e-04
0123 1.2663003940828756e-04 3.8357933694258792e-04
0124 1.2662746792354014e-04 3.8381551070538306e-04
0125 1.2662489824006294e-04 3.8405132651919520e-04
0126 1.2662233034720262e-04 3.8428687121013443e-04
0127 1.2661976423465518e-04 3.8452214419500678e-04
0128 1.2661719989234967e-04 3.8475723137678470e-04
0129 1.2661463731035598e-04 3.8499218241039047e-04
0130 1.2661207647897196e-04 3.8522694262242360e-04
0131 1.2660951738897706e-04 3.8546163641636088e-04
0132 1.2660696003084771e-04 3.8569626873799100e-04
0133 1.2660440439503089e-04 3.8593085007648478e-04
0134 1.2660185047356866e-04 3.8616545789976140e-04
0135 1.2659929825750506e-04 3.8640010420339544e-04
0136 1.2659674773827389e-04 3.8663478031207912e-04
0137 1.2659419890779364e-04 3.8686955956857575e-04
0138 1.2659165175783591e-04 3.8710441748861447e-04
0139 1.2658910628041801e-04 3.8733942481491567e-04
0140 1.2658656246823877e-04 3.8757457475682364e-04
0141 1.2658402031356949e-04 3.8780990381351191e-04
0142 1.2658147980910560e-04 3.8804543918997763e-04
0143 1.2657894094773501e-04 3.8828116852501586e-04
0144 1.2657640372234976e-04 3.8851714776794985e-04
0145 1.2657386812594195e-04 3.8875341207113908e-04
0146 1.2657133415240962e-04 3.8898996987992096e-04
0147 1.2656880179478389e-04 3.8922678967701128e-04
0148 1.2656627104691548e-04 3.8946393115993675e-04
0149 1.2656374190259042e-04 3.8970138023803182e-04
0150 1.2656121435548231e-04 3.8993914483736113e-04
0151 1.2655868840039371e-04 3.9017730442475912e-04
0152 1.2655616403068045e-04 3.9041582081398299e-04
0153 1.2655364124113225e-04 3.9065471550814562e-04
0154 1.2655112002649292e-04 3.9089400249953061e-04
0155 1.2654860038147637e-04 3.9113370622500463e-04
0156 1.2654608230021035e-04 3.9137379488037672e-04
0157 1.2654356577850533e-04 3.9161430833348492e-04
0158 1.2654105081068826e-04 3.9185520929064979e-04
0159 1.2653853739199742e-04 3.9209660169770520e-04
0160 1.2653602551796164e-04 3.9233845561925396e-04
0161 1.2653351518421009e-04 3.9258075325234051e-04
0162 1.2653100638557370e-04 3.9282348458442558e-04
0163 1.2652849911832850e-04 3.9306668928271307e-04
0164 1.2652599337782989e-04 3.9331034881581809e-04
0165 1.2652348916000891e-04 3.9355449691971133e-04
0166 1.2652098646106577e-04 3.9379912666338292e-04
0167 1.2651848527625472e-04 3.9404427190417959e-04
0168 1.2651598560248269e-04 3.9428987550925161e-04
0169 1.2651348743605343e-04 3.9453596544783404e-04
0170 1.2651099077263720e-04 3.9478254693332777e-04
0171 1.2650849560945536e-04 3.9502962500122626e-04
0172 1.2650600194197143e-04 3.9527719242224440e-04
0173 1.2650350976759031e-04 3.9552526962070367e-04
0174 1.2650101908269240e-04 3.9577381257470943e-04
0175 1.2649852988444406e-04 3.9602288858023684e-04
0176 1.2649604216885158e-04 3.9627250388517006e-04
0177 1.2649355593350077e-04 3.9652257102747418e-04
0178 1.2649107117499386e-04 3.9677312461994929e-04
0179 1.2648858789057247e-04 3.9702419941231603e-04
0180 1.2648610607723552e-04 3.9727579491782703e-04
0181 1.2648362573244859e-04 3.9752789438763210e-04
0182 1.2648114685308943e-04 3.9778044529926814e-04
0183 1.2647866943657458e-04 3.9803350154637420e-04
0184 1.2647619348048834e-04 3.9828705990664794e-04
0185 1.2647371898171723e-04 3.9854108759555107e-04
0186 1.2647124593855833e-04 3.9879561412265910e-04
0187 1.2646877434765311e-04 3.9905060098994197e-04
0188 1.2646630420739269e-04 3.9930611127903822e-04
0189 1.2646383551496402e-04 3.9956201957444299e-04
0190 1.2646136826796161e-04 3.9981844277341112e-04
0191 1.2645890246447557e-04 4.0007536586613243e-04
0192 1.2645643810200094e-04 4.0033272848105487e-04
0193 1.2645397517866490e-04 4.0059052035696947e-04
0194 1.2645151369196846e-04 4.0084878529701766e-04
0195 1.2644905364019035e-04 4.0110750586399489e-04
0196 1.2644659502090931e-04 4.0136672775414759e-04
0197 1.2644413783226871e-04 4.0162633202704310e-04
0198 1.2644168207240171e-04 4.0188637707093389e-04
0199 1.2643922773910671e-04 4.0214687550690865e-04
0200 1.2643677483060984e-04 4.0240775773006475e-04
0201 1.2643432334494815e-04 4.0266907916239537e-04
0202 1.2643187328025181e-04 4.0293080104136634e-04
0203 1.2642942463486650e-04 4.0319294874672346e-04
0204 1.2642697740673791e-04 4.0345547464018484e-04
0205 1.2642453159416800e-04 4.0371843893975055e-04
0206 1.2642208719500483e-04 4.0398174552815059e-04
0207 1.2641964420820467e-04 4.0424547398522739e-04
0208 1.2641720263152764e-04 4.0450957181732667e-04
0209 1.2641476246347174e-04 4.0477405143041716e-04
0210 1.2641232370238519e-04 4.0503885999323741e-04
0211 1.2640988634619250e-04 4.0530406312960272e-04
0212 1.2640745039374003e-04 4.0556959005613144e-04
0213 1.2640501584270503e-04 4.0583549307235563e-04
0214 1.2640258269208608e-04 4.0610172788948222e-04
0215 1.2640015093987413e-04 4.0636826225749908e-04
0216 1.2639772058444052e-04 4.0663517231517864e-04
0217 1.2639529162436058e-04 4.0690243097285311e-04
0218 1.2639286405800759e-04 4.0716993353607486e-04
0219 1.2639043788326707e-04 4.0743777767388728e-04
0220 1.2638801309889248e-04 4.0770591815447954e-04
0221 1.2638558970374955e-04 4.0797435439870729e-04
0222 1.2638316769494719e-04 4.0824308191164172e-04
0223 1.2638074707182833e-04 4.0851208441637302e-04
0224 1.2637832783264039e-04 4.0878135205406823e-04
0225 1.2637590997551423e-04 4.0905089991551287e-04
0226 1.2637349349935704e-04 4.0932071280592726e-04
0227 1.2637107840131803e-04 4.0959081003100715e-04
0228 1.2636866468108997e-04 4.0986115515808123e-04
0229 1.2636625233634094e-04 4.1013174339468570e-04
0230 1.2636384136548672e-04 4.1040258175574458e-04
0231 1.2636143176690008e-04 4.1067358581053345e-04
0232 1.2635902353897517e-04 4.1094490343219619e-04
0233 1.2635661667954225e-04 4.1121638480252800e-04
0234 1.2635421118755119e-04 4.1148807894334064e-04
0235 1.2635180706091042e-04 4.1176001813260951e-04
0236 1.2634940429816376e-04 4.1203210629105099e-04
0237 1.2634700289705742e-04 4.1230441554214404e-04
0238 1.2634460285614900e-04 4.1257694851465061e-04
0239 1.2634220417376927e-04 4.1284967214388777e-04
0240 1.2633980684786494e-04 4.1312250077960998e-04
0241 1.2633741087672727e-04 4.1339550490640824e-04
0242 1.2633501625875112e-04 4.1366872737450976e-04
0243 1.2633262299124412e-04 4.1394214351412071e-04
0244 1.2633023107319402e-04 4.1421567365657627e-04
0245 1.2632784050240514e-04 4.1448934381917119e-04
0246 1.2632545127717849e-04 4.1476318575443409e-04
0247 1.2632306339521070e-04 4.1503715278219758e-04
0248 1.2632067685470488e-04 4.1531125582532872e-04
0249 1.2631829165371498e-04 4.1558550910636796e-04
0250 1.2631590779016682e-04 4.1585985511094937e-04
0251 1.2631352526198939e-04 4.1613436840625339e-04
0252 1.2631114406733195e-04 4.1640896377274385e-04
0253 1.2630876420379795e-04 4.1668367737756072e-04
0254 1.2630638566950235e-04 4.1695852046018416e-04
0255 1.2630400846235453e-04 4.1723346763848884e-04
0256 1.2630163258008241e-04 4.1750849273387993e-04
0257 1.2629925802069061e-04 4.1778362893476600e-04
0258 1.2629688478145857e-04 4.1805885179764762e-04
0259 1.2629451286079601e-04 4.1833413412960030e-04
0260 1.2629214225625131e-04 4.1860956488972361e-04
0261 1.2628977296541782e-04 4.1888504993156114e-04
0262 1.2628740498611164e-04 4.1916057958489545e-04
0263 1.2628503831576908e-04 4.1943618163185487e-04
0264 1.2628267295228474e-04 4.1971185501819136e-04
0265 1.2628030889313735e-04 4.1998762088019554e-04
0266 1.2627794613605885e-04 4.2026342795965869e-04
0267 1.2627558467843663e-04 4.2053927349515154e-04
0268 1.2627322451806323e-04 4.2081520753820738e-04
0269 1.2627086565206700e-04 4.2109115124722602e-04
0270 1.2626850807812075e-04 4.2136712149901372e-04
0271 1.2626615179376984e-04 4.2164319242384826e-04
0272 1.2626379679617715e-04 4.2191924016677463e-04
0273 1.2626144308321927e-04 4.2219536210214373e-04
0274 1.2625909065164953e-04 4.2247152963370441e-04
0275 1.2625673949926672e-04 4.2274773394136321e-04
0276 1.2625438962315315e-04 4.2302391891881931e-04
0277 1.2625204102074427e-04 4.2330019752364993e-04
0278 1.2624969368915152e-04 4.2357646312960319e-04
0279 1.2624734762579844e-04 4.2385277264233120e-04
0280 1.2624500282796175e-04 4.2412909429722170e-04
0281 1.2624265929246780e-04 4.2440540642162388e-04
0282 1.2624031701677073e-04 4.2468173236831020e-04
0283 1.2623797599784089e-04 4.2495808586791360e-04
0284 1.2623563623294148e-04 4.2523446122097637e-04
0285 1.2623329771897172e-04 4.2551082317075458e-04
0286 1.2623096045325427e-04 4.2578720062224154e-04
0287 1.2622862443278696e-04 4.2606356687192566e-04
0288 1.2622628965408490e-04 4.2633993102789153e-04
0289 1.2622395611465217e-04 4.2661626463415627e-04
0290 1.2622162381133859e-04 4.2689263974794766e-04
0291 1.2621929274090482e-04 4.2716900153527666e-04
0292 1.2621696290079093e-04 4.2744538079108029e-04
0293 1.2621463428721073e-04 4.2772176062399916e-04
0294 1.2621230689744377e-04 4.2799810156667062e-04
0295 1.2620998072812890e-04 4.2827439387720968e-04
0296 1.2620765577637348e-04 4.2855069519415076e-04
0297 1.2620533203865449e-04 4.2882699216542240e-04
0298 1.2620300951180711e-04 4.2910329562633576e-04
0299 1.2620068819273951e-04 4.2937958812865181e-04
0300 1.2619836807779332e-04 4.2965580979358725e-04
0301 1.2619604916418704e-04 4.2993204888630186e-04
0302 1.2619373144858370e-04 4.3020825498988344e-04
0303 1.2619141492752967e-04 4.3048445189423559e-04
0304 1.2618909959749865e-04 4.3076066129884086e-04
0305 1.2618678545534427e-04 4.3103679509554131e-04
0306 1.2618447249752447e-04 4.3131295963051475e-04
0307 1.2618216072081192e-04 4.3158905688197950e-04
0308 1.2617985012155431e-04 4.3186509954913150e-04
0309 1.2617754069652783e-04 4.3214116301597874e-04
0310 1.2617523244222111e-04 4.3241721958138269e-04
0311 1.2617292535508626e-04 4.3269319726982591e-04
0312 1.2617061943173891e-04 4.3296917591368570e-04
0313 1.2616831466842550e-04 4.3324515085189604e-04
0314 1.2616601106195136e-04 4.3352105142594133e-04
0315 1.2616370860870301e-04 4.3379694464170635e-04
0316 1.2616140730470557e-04 4.3407278512661300e-04
0317 1.2615910714697194e-04 4.3434858925389208e-04
0318 1.2615680813164387e-04 4.3462440234356753e-04
0319 1.2615451025496137e-04 4.3490012845391639e-04
0320 1.2615221351382590e-04 4.3517586668546091e-04
0321 1.2614991790371467e-04 4.3545154090354928e-04
0322 1.2614762342180966e-04 4.3572720568881094e-04
0323 1.2614533006424203e-04 4.3600284686798557e-04
0324 1.2614303782703185e-04 4.3627846132452829e-04
0325 1.2614074670719261e-04 4.3655400717145735e-04
0326 1.2613845669987351e-04 4.3682951089421155e-04
0327 1.2613616780240898e-04 4.3710499973079181e-04
0328 1.2613388001063417e-04 4.3738048927547063e-04
0329 1.2613159332098582e-04 4.3765591391605943e-04
0330 1.2612930772956416e-04 4.3793128740354196e-04
0331 1.2612702323268807e-04 4.3820660102775850e-04
0332 1.2612473982663962e-04 4.3848191802308133e-04
0333 1.2612245750756663e-04 4.3875720418700570e-04
0334 1.2612017627172757e-04 4.3903244943418643e-04
0335 1.2611789611530495e-04 4.3930762490692991e-04
0336 1.2611561703454495e-04 4.3958278963052903e-04
0337 1.2611333902567018e-04 4.3985796265932843e-04
0338 1.2611106208480920e-04 4.4013304045486667e-04
0339 1.2610878620802348e-04 4.4040809603067076e-04
0340 1.2610651139154054e-04 4.4068310846664569e-04
0341 1.2610423763167162e-04 4.4095810197245796e-04
0342 1.2610196492466449e-04 4.4123303718839090e-04
0343 1.2609969326616365e-04 4.4150792903366239e-04
0344 1.2609742265287403e-04 4.4178284413066141e-04
0345 1.2609515308070006e-04 4.4205765586787313e-04
0346 1.2609288454585668e-04 4.4233243388423858e-04
0347 1.2609061704410966e-04 4.4260716877526045e-04
0348 1.2608835057207769e-04 4.4288188459792963e-04
0349 1.2608608512579189e-04 4.4315655113624769e-04
0350 1.2608382070100575e-04 4.4343114133052941e-04
0351 1.2608155729429830e-04 4.4370574890618649e-04
0352 1.2607929490168602e-04 4.4398030042331753e-04
0353 1.2607703351882261e-04 4.4425479147233238e-04
0354 1.2607477314221889e-04 4.4452928014514367e-04
0355 1.2607251376798551e-04 4.4480368185556676e-04
0356 1.2607025539231731e-04 4.4507814263231260e-04
0357 1.2606799801085896e-04 4.4535252609425007e-04
0358 1.2606574162035383e-04 4.4562685774076559e-04
0359 1.2606348621647067e-04 4.4590108719922984e-04
0360 1.2606123179514667e-04 4.4617535228886750e-04
0361 1.2605897835291972e-04 4.4644956177865064e-04
0362 1.2605672588580000e-04 4.4672373527820247e-04
0363 1.2605447438959448e-04 4.4699783631600725e-04
0364 1.2605222386075722e-04 4.4727187201063900e-04
0365 1.2604997429516146e-04 4.4754590888680776e-04
0366 1.2604772568912542e-04 4.4781990419934324e-04
0367 1.2604547803851375e-04 4.4809382425594686e-04
0368 1.2604323133960120e-04 4.4836771966139750e-04
0369 1.2604098558838953e-04 4.4864162343018953e-04
0370 1.2603874078098826e-04 4.4891542066321962e-04
0371 1.2603649691359103e-04 4.4918922156671247e-04
0372 1.2603425398240856e-04 4.4946299271229781e-04
0373 1.2603201198340693e-04 4.4973669512929300e-04
0374 1.2602977091261336e-04 4.5001032666078613e-04
0375 1.2602753076646471e-04 4.5028391553189753e-04
0376 1.2602529154098042e-04 4.5055746521644867e-04
0377 1.2602305323209366e-04 4.5083098528697868e-04
0378 1.2602081583598030e-04 4.5110446108940209e-04
0379 1.2601857934919824e-04 4.5137790505816479e-04
0380 1.2601634376743334e-04 4.5165129016429349e-04
0381 1.2601410908705951e-04 4.5192459396788435e-04
0382 1.2601187530437974e-04 4.5219787439644093e-04
0383 1.2600964241513517e-04 4.5247109703920970e-04
0384 1.2600741041591057e-04 4.5274431822692483e-04
0385 1.2600517930291266e-04 4.5301745413091208e-04
0386 1.2600294907171914e-04 4.5329054592100487e-04
0387 1.2600071971921381e-04 4.5356354746900463e-04
0388 1.2599849124139546e-04 4.5383656598383190e-04
0389 1.2599626363454661e-04 4.5410948653048063e-04
0390 1.2599403689455546e-04 4.5438237709284726e-04
0391 1.2599181101796689e-04 4.5465522660109709e-04
0392 1.2598958600089480e-04 4.5492799160850060e-04
0393 1.2598736183956814e-04 4.5520074030053393e-04
0394 1.2598513853042317e-04 4.5547337741369385e-04
0395 1.2598291606952291e-04 4.5574602818167106e-04
0396 1.2598069445303177e-04 4.5601859276831011e-04
0397 1.2597847367739487e-04 4.5629113292658082e-04
0398 1.2597625373902236e-04 4.5656357227351091e-04
0399 1.2597403463413478e-04 4.5683598955024779e-04
0400 1.2597181635881649e-04 4.5710831645816221e-04
0401 1.2596959890959851e-04 4.5738062702627326e-04
0402 1.2596738228261739e-04 4.5765284400971451e-04
0403 1.2596516647440329e-04 4.5792500688749576e-04
0404 1.2596295148131593e-04 4.5819711307763014e-04
0405 1.2596073729952400e-04 4.5846913585341785e-04
0406 1.2595852392545788e-04 4.5874111161624682e-04
0407 1.2595631135551574e-04 4.5901308060478042e-04
0408 1.2595409958607491e-04 4.5928493059866688e-04
0409 1.2595188861358282e-04 4.5955673773868954e-04
0410 1.2594967843467341e-04 4.5982845077896566e-04
0411 1.2594746904483480e-04 4.6010012992465547e-04
0412 1.2594526044143394e-04 4.6037166558156919e-04
0413 1.2594305262057757e-04 4.6064317304876136e-04
0414 1.2594084557904762e-04 4.6091463856323412e-04
0415 1.2593863931248742e-04 4.6118603931420259e-04
0416 1.2593643381834054e-04 4.6145733702420609e-04
0417 1.2593422909238711e-04 4.6172858682097951e-04
0418 1.2593202513134122e-04 4.6199977269541085e-04
0419 1.2592982193162234e-04 4.6227087078896440e-04
0420 1.2592761948997507e-04 4.6254186816578131e-04
0421 1.2592541780283444e-04 4.6281283650048151e-04
0422 1.2592321686654936e-04 4.6308366453552035e-04
0423 1.2592101667794798e-04 4.6335447360805503e-04
0424 1.2591881723330556e-04 4.6362517046416281e-04
0425 1.2591661852931097e-04 4.6389584786823832e-04
0426 1.2591442056277200e-04 4.6416640095894721e-04
0427 1.2591222332999319e-04 4.6443686227545989e-04
0428 1.2591002682753042e-04 4.6470727329940884e-04
0429 1.2590783105232797e-04 4.6497755411015331e-04
0430 1.2590563600074599e-04 4.6524778600436268e-04
0431 1.2590344166965329e-04 4.6551794020164997e-04
0432 1.2590124805510051e-04 4.6578800517020120e-04
0433 1.2589905515474553e-04 4.6605796883211650e-04
0434 1.2589686296440305e-04 4.6632787961601376e-04
0435 1.2589467148133116e-04 4.6659762081385997e-04
0436 1.2589248070168910e-04 4.6686731175211483e-04
0437 1.2589029062268117e-04 4.6713689431205691e-04
0438 1.2588810124078276e-04 4.6740640532775873e-04
0439 1.2588591255290830e-04 4.6767582506375280e-04
0440 1.2588372455553704e-04 4.6794513327811358e-04
0441 1.2588153724548526e-04 4.6821437875913804e-04
0442 1.2587935061970828e-04 4.6848351715001146e-04
0443 1.2587716467503849e-04 4.6875250950542273e-04
0444 1.2587497940802592e-04 4.6902143918016865e-04
0445 1.2587279481536526e-04 4.6929023955303987e-04
0446 1.2587061089426032e-04 4.6955901187350043e-04
0447 1.2586842764130080e-04 4.6982764226337126e-04
0448 1.2586624505348890e-04 4.7009617130324880e-04
0449 1.2586406312736843e-04 4.7036461427245004e-04
0450 1.2586188186016284e-04 4.7063293168600760e-04
0451 1.2585970124856063e-04 4.7090112542527620e-04
0452 1.2585752128942300e-04 4.7116916632387878e-04
0453 1.2585534197977094e-04 4.7143715192306138e-04
0454 1.2585316331632025e-04 4.7170499310140616e-04
0455 1.2585098529627219e-04 4.7197273492266664e-04
0456 1.2584880791611397e-04 4.7224037095509029e-04
0457 1.2584663117351665e-04 4.7250790875007838e-04
0458 1.2584445506456059e-04 4.7277532524852287e-04
0459 1.2584227958676970e-04 4.7304264583298682e-04
0460 1.2584010473707849e-04 4.7330983221321017e-04
0461 1.2583793051225420e-04 4.7357688266654448e-04
0462 1.2583575690929398e-04 4.7384384336220223e-04
0463 1.2583358392555754e-04 4.7411066636763368e-04
0464 1.2583141155776115e-04 4.7437730615851852e-04
0465 1.2582923980277244e-04 4.7464385161472629e-04
0466 1.2582706865806389e-04 4.7491029293107197e-04
0467 1.2582489812037741e-04 4.7517660331321227e-04
0468 1.2582272818707091e-04 4.7544277805443226e-04
0469 1.2582055885471545e-04 4.7570889023721357e-04
0470 1.2581839012069766e-04 4.7597480526694199e-04
0471 1.2581622198216320e-04 4.7624059289668662e-04
0472 1.2581405443616570e-04 4.7650626518087115e-04
0473 1.2581188747967030e-04 4.7677182999701157e-04
0474 1.2580972110990421e-04 4.7703720494512324e-04
0475 1.2580755532428455e-04 4.7730248868631703e-04
0476 1.2580539011910910e-04 4.7756758112574657e-04
0477 1.2580322549228811e-04 4.7783260752162743e-04
0478 1.2580106144091148e-04 4.7809746241503283e-04
0479 1.2579889796173946e-04 4.7836219892563939e-04
0480 1.2579673505244907e-04 4.7862677533585125e-04
0481 1.2579457270972191e-04 4.7889120952701190e-04
0482 1.2579241093091991e-04 4.7915550513659812e-04
0483 1.2579024971356035e-04 4.7941963730740685e-04
0484 1.2578808905447798e-04 4.7968362363564162e-04
0485 1.2578592895111116e-04 4.7994748039389051e-04
0486 1.2578376940026195e-04 4.8021121263423111e-04
0487 1.2578161039986801e-04 4.8047478487219013e-04
0488 1.2577945194656279e-04 4.8073822740349244e-04
0489 1.2577729403779570e-04 4.8100145555460359e-04
0490 1.2577513667098628e-04 4.8126453817499813e-04
0491 1.2577297984319943e-04 4.8152749649584849e-04
0492 1.2577082355190157e-04 4.8179028993762611e-04
0493 1.2576866779402684e-04 4.8205294071704393e-04
0494 1.2576651256703745e-04 4.8231543980229737e-04
0495 1.2576435786843475e-04 4.8257783080505570e-04
0496 1.2576220369546224e-04 4.8283998859159042e-04
0497 1.2576005004532391e-04 4.8310202064657111e-04
0498 1.2575789691514049e-04 4.8336386120468840e-04
0499 1.2575574430260207e-04 4.8362557437405055e-04
0500 1.2575359220480038e-04 4.8388713892940299e-04
0501 1.2575144061931950e-04 4.8414853428277704e-04
0502 1.2574928954315703e-04 4.8440973726718241e-04
0503 1.2574713897401803e-04 4.8467076457603837e-04
0504 1.2574498890917705e-04 4.8493168056751274e-04
0505 1.2574283934566771e-04 4.8519238653876607e-04
0506 1.2574069028140576e-04 4.8545292510861372e-04
0507 1.2573854171370343e-04 4.8571334226254581e-04
0508 1.2573639363907952e-04 4.8597355538041495e-04
0509 1.2573424605623736e-04 4.8623358960020051e-04
0510 1.2573209896165751e-04 4.8649346877603530e-04
0511 1.2572995235313127e-04 4.8675319000705109e-04
0512 1.2572780622795987e-04 4.8701273292404295e-04
0513 1.2572566058365042e-04 4.8727211847603510e-04
0514 1.2572351541740708e-04 4.8753130635411550e-04
0515 1.2572137072701758e-04 4.8779034286004655e-04
0516 1.2571922650964011e-04 4.8804920073883512e-04
0517 1.2571708276286505e-04 4.8830786955988633e-04
0518 1.2571493948395509e-04 4.8856637417692779e-04
0519 1.2571279667061543e-04 4.8882470818890282e-04
0520 1.2571065432019087e-04 4.8908281768078924e-04
0521 1.2570851243009405e-04 4.8934076707020358e-04
0522 1.2570637099801576e-04 4.8959856332625505e-04
0523 1.2570423002090854e-04 4.8985617268553535e-04
0524 1.2570208949687077e-04 4.9011359172652902e-04
0525 1.2569994942322507e-04 4.9037082792157414e-04
0526 1.2569780979729801e-04 4.9062784306092206e-04
0527 1.2569567061648961e-04 4.9088472003869428e-04
0528 1.2569353187860102e-04 4.9114140569873205e-04
0529 1.2569139358112430e-04 4.9139791880796555e-04
0530 1.2568925572151540e-04 4.9165423697963926e-04
0531 1.2568711829722036e-04 4.9191037094233926e-04
0532 1.2568498130575046e-04 4.9216633318862127e-04
0533 1.2568284474468336e-04 4.9242208427440772e-04
0534 1.2568070861165623e-04 4.9267766150219337e-04
0535 1.2567857290404969e-04 4.9293301983399391e-04
0536 1.2567643761952736e-04 4.9318821403843984e-04
0537 1.2567430275555540e-04 4.9344321714878483e-04
0538 1.2567216830973200e-04 4.9369801277128131e-04
0539 1.2567003427965619e-04 4.9395263083170065e-04
0540 1.2566790066284955e-04 4.9420707970313882e-04
0541 1.2566576745680645e-04 4.9446133649912259e-04
0542 1.2566363465925674e-04 4.9471540037011505e-04
0543 1.2566150226774007e-04 4.9496924088159326e-04
0544 1.2565937027969585e-04 4.9522290620610703e-04
0545 1.2565723869296548e-04 4.9547635332623644e-04
0546 1.2565510750484643e-04 4.9572961675476389e-04
0547 1.2565297671322483e-04 4.9598270571170604e-04
0548 1.2565084631549521e-04 4.9623560160046338e-04
0549 1.2564871630939265e-04 4.9648827932275753e-04
0550 1.2564658669250107e-04 4.9674075276473115e-04
0551 1.2564445746230489e-04 4.9699303913305556e-04
0552 1.2564232861665291e-04 4.9724512530972874e-04
0553 1.2564020015270284e-04 4.9749702056468880e-04
0554 1.2563807206897643e-04 4.9774869772668893e-04
0555 1.2563594436229900e-04 4.9800021334785768e-04
0556 1.2563381703061736e-04 4.9825148784046812e-04
0557 1.2563169007142819e-04 4.9850259971490551e-04
0558 1.2562956348267926e-04 4.9875347805420213e-04
0559 1.2562743726175633e-04 4.9900414137922793e-04
0560 1.2562531140644474e-04 4.9925460670977994e-04
0561 1.2562318591458237e-04 4.9950490881760907e-04
0562 1.2562106078297094e-04 4.9975499413454783e-04
0563 1.2561893601068983e-04 5.0000487644753268e-04
0564 1.2561681159419701e-04 5.0025454524578656e-04
0565 1.2561468753179172e-04 5.0050404395741098e-04
0566 1.2561256382096489e-04 5.0075329863524885e-04
0567 1.2561044045954198e-04 5.0100237434015085e-04
0568 1.2560831744515242e-04 5.0125122208532114e-04
0569 1.2560619477565248e-04 5.0149989314296755e-04
0570 1.2560407244812820e-04 5.0174831121216335e-04
0571 1.2560195046096591e-04 5.0199655463106297e-04
0572 1.2559982881172005e-04 5.0224461463838825e-04
0573 1.2559770749798920e-04 5.0249245231893231e-04
0574 1.2559558651775371e-04 5.0274008854885434e-04
0575 1.2559346586834403e-04 5.0298748383501338e-04
0576 1.2559134554773096e-04 5.0323473415389694e-04
0577 1.2558922555371531e-04 5.0348172013164709e-04
0578 1.2558710588401374e-04 5.0372853082946627e-04
0579 1.2558498653628933e-04 5.0397508918711390e-04
0580 1.2558286750831822e-04 5.0422143261590264e-04
0581 1.2558074879786321e-04 5.0446758144903094e-04
0582 1.2557863040283320e-04 5.0471355483303678e-04
0583 1.2557651232089520e-04 5.0495932903404841e-04
0584 1.2557439454970865e-04 5.0520489435576077e-04
0585 1.2557227708728601e-04 5.0545020764014386e-04
0586 1.2557015993124349e-04 5.0569531744576457e-04
0587 1.2556804307956601e-04 5.0594015629218554e-04
0588 1.2556592652987177e-04 5.0618485092136485e-04
0589 1.2556381028004589e-04 5.0642935588135322e-04
0590 1.2556169432789300e-04 5.0667361326921776e-04
0591 1.2555957867119863e-04 5.0691764869769697e-04
0592 1.2555746330787174e-04 5.0716147339225205e-04
0593 1.2555534823569794e-04 5.0740509537853834e-04
0594 1.2555323345262383e-04 5.0764851534208409e-04
0595 1.2555111895621297e-04 5.0789172825460431e-04
0596 1.2554900474481319e-04 5.0813468131940198e-04
0597 1.2554689081541626e-04 5.0837743430418123e-04
0598 1.2554477716683897e-04 5.0861999156671034e-04
0599 1.2554266379636350e-04 5.0886230407793211e-04
0600 1.2554055070198067e-04 5.0910441485645889e-04
