# step du_rel dp_rel
# u_rtol 1.0000000000000000e-04
# p_rtol 1.0000000000000000e-03
0001 1.2556506399355206e-04 4.2058390250889581e-03
0002 1.2556163667926272e-04 3.9532919516734747e-03
0003 1.2555831269570077e-04 3.6874671947632943e-03
0004 1.2555506783790572e-04 3.4161795878805933e-03
0005 1.2555188667270960e-04 3.1453705713439524e-03
0006 1.2554875913307084e-04 2.8795000381397480e-03
0007 1.2554567845080985e-04 2.6218565559141763e-03
0008 1.2554263989770432e-04 2.3748037295870431e-03
0009 1.2553964001733661e-04 2.1399773619934161e-03
0010 1.2553667615922080e-04 1.9184435046929154e-03
0011 1.2553374618981628e-04 1.7108262628347287e-03
0012 1.2553084831691452e-04 1.5174122931047307e-03
0013 1.2552798098120301e-04 1.3382370600919554e-03
0014 1.2552514278800492e-04 1.1731578869502680e-03
0015 1.2552233246520051e-04 1.0219178052171506e-03
0016 1.2551954883631091e-04 8.8420444892965125e-04
0017 1.2551679080204193e-04 7.5970965200909224e-04
0018 1.2551405732962942e-04 6.4819350936332781e-04
0019 1.2551134744345673e-04 5.4956071179454718e-04
0020 1.2550866022008645e-04 4.6395159725284716e-04
0021 1.2550599478321125e-04 3.9183620433300918e-04
0022 1.2550335029982233e-04 3.3405355602313049e-04
0023 1.2550072597776693e-04 2.9164001500587753e-04
0024 1.2549812106253026e-04 2.6522670545507941e-04
0025 1.2549553483533199e-04 2.5409212275057515e-04
0026 1.2549296661063908e-04 2.5568206575537209e-04
0027 1.2549041573458355e-04 2.6630806882995046e-04
0028 1.2548788158292155e-04 2.8238509662684413e-04
0029 1.2548536355926025e-04 3.0116571480594414e-04
0030 1.2548286109361785e-04 3.2082153501306157e-04
0031 1.2548037364095934e-04 3.4023567961991832e-04
0032 1.2547790067970774e-04 3.5876927443216297e-04
0033 1.2547544171069959e-04 3.7608576297811034e-04
0034 1.2547299625530737e-04 3.9203417849838137e-04
0035 1.2547056385529522e-04 4.0657599705340631e-04
0036 1.2546814407084607e-04 4.1973959064777610e-04
0037 1.2546573648056976e-04 4.3159155289791825e-04
0038 1.2546334067816754e-04 4.4221932770424079e-04
0039 1.2546095627545198e-04 4.5171987240463362e-04
0040 1.2545858289794639e-04 4.6019270531339395e-04
0041 1.2545622018621347e-04 4.6773574031705489e-04
0042 1.2545386779426904e-04 4.7444252491440821e-04
0043 1.2545152538860041e-04 4.8040086652275960e-04
0044 1.2544919264850682e-04 4.8569205075203107e-04
0045 1.2544686926503553e-04 4.9039059518445158e-04
0046 1.2544455493970801e-04 4.9456405569987913e-04
0047 1.2544224938570024e-04 4.9827363948570834e-04
0048 1.2543995232522289e-04 5.0157410912862819e-04
0049 1.2543766349068221e-04 5.0451457627898673e-04
0050 1.2543538262389892e-04 5.0713869305169261e-04
0051 1.2543310947468376e-04 5.0948518263849336e-04
0052 1.2543084380211620e-04 5.1158834929067385e-04
0053 1.2542858537246927e-04 5.1347839300065008e-04
0054 1.2542633396034323e-04 5.1518189084348077e-04
0055 1.2542408934752532e-04 5.1672226453124213e-04
0056 1.2542185132248838e-04 5.1811989059676988e-04
0057 1.2541961968101591e-04 5.1939266419570693e-04
0058 1.2541739422417187e-04 5.2055609365705112e-04
0059 1.2541517476096834e-04 5.2162382646984572e-04
0060 1.2541296110507547e-04 5.2260762422338448e-04
0061 1.2541075307601367e-04 5.2351775354589076e-04
0062 1.2540855049936433e-04 5.2436315366260599e-04
0063 1.2540635320520724e-04 5.2515153772211246e-04
0064 1.2540416102936882e-04 5.2588944253597150e-04
0065 1.2540197381200497e-04 5.2658269687996166e-04
0066 1.2539979139837703e-04 5.2723626306405236e-04
0067 1.2539761363803800e-04 5.2785451614798028e-04
0068 1.2539544038505518e-04 5.2844115193292570e-04
0069 1.2539327149731181e-04 5.2899935758121837e-04
0070 1.2539110683735182e-04 5.2953199893004824e-04
0071 1.2538894627085146e-04 5.3004143171287864e-04
0072 1.2538678966850057e-04 5.3052983476096073e-04
0073 1.2538463690276385e-04 5.3099892804915714e-04
0074 1.2538248785159660e-04 5.3145038620007088e-04
0075 1.2538034239502962e-04 5.3188550793267070e-04
0076 1.2537820041696727e-04 5.3230566129631768e-04
0077 1.2537606180439850e-04 5.3271180728907809e-04
0078 1.2537392644695452e-04 5.3310490942442537e-04
0079 1.2537179423818419e-04 5.3348587005323735e-04
0080 1.2536966507382388e-04 5.3385537545175569e-04
0081 1.2536753885287737e-04 5.3421417070683146e-04
0082 1.2536541547565939e-04 5.3456279779794818e-04
0083 1.2536329484733388e-04 5.3490189484811819e-04
0084 1.2536117687441856e-04 5.3523189309409190e-04
0085 1.2535906146577864e-04 5.3555334213064719e-04
0086 1.2535694853328262e-04 5.3586663070501162e-04
0087 1.2535483799033901e-04 5.3617216345851855e-04
0088 1.2535272975336723e-04 5.3647030274662068e-04
0089 1.2535062374102518e-04 5.3676140302666518e-04
0090 1.2534851987342478e-04 5.3704579746423342e-04
0091 1.2534641807337128e-04 5.3732374587262877e-04
0092 1.2534431826572378e-04 5.3759559599617871e-04
0093 1.2534222037659685e-04 5.3786165805826006e-04
0094 1.2534012433519350e-04 5.3812212775857795e-04
0095 1.2533803007192928e-04 5.3837725493105515e-04
0096 1.2533593751896575e-04 5.3862730826913035e-04
0097 1.2533384661034784e-04 5.3887248945465956e-04
0098 1.2533175728221833e-04 5.3911304103507576e-04
0099 1.2532966947185971e-04 5.3934921044364705e-04
0100 1.2532758311860836e-04 5.3958111656348046e-04
0101 1.2532549816354343e-04 5.3980899127936493e-04
0102 1.2532341454848716e-04 5.4003296160831703e-04
0103 1.2532133221790766e-04 5.4025322305073455e-04
0104 1.2531925111696998e-04 5.4047002753178646e-04
0105 1.2531717119296752e-04 5.4068345655323416e-04
0106 1.2531509239386733e-04 5.4089364276928764e-04
0107 1.2531301466981999e-04 5.4110085173809561e-04
0108 1.2531093797199947e-04 5.4130509599587960e-04
0109 1.2530886225247179e-04 5.4150654557827221e-04
0110 1.2530678746499718e-04 5.4170536212127965e-04
0111 1.2530471356522478e-04 5.4190159514100756e-04
0112 1.2530264050875765e-04 5.4209547131276869e-04
0113 1.2530056825375707e-04 5.4228704144813802e-04
0114 1.2529849675863448e-04 5.4247644706474944e-04
0115 1.2529642598328874e-04 5.4266370419298472e-04
0116 1.2529435588870839e-04 5.4284902133492198e-04
0117 1.2529228643719370e-04 5.4303240194192662e-04
0118 1.2529021759170899e-04 5.4321403397808172e-04
0119 1.2528814931681901e-04 5.4339396050167102e-04
0120 1.2528608157763392e-04 5.4357222584156526e-04
0121 1.2528401434068270e-04 5.4374900147710745e-04
0122 1.2528194757318415e-04 5.4392430620775283e-04
0123 1.2527988124342814e-04 5.4409826107594734e-04
0124 1.2527781532092755e-04 5.4427084119032043e-04
0125 1.2527574977559881e-04 5.4444218500137676e-04
0126 1.2527368457870112e-04 5.4461236560960410e-04
0127 1.2527161970228616e-04 5.4478141952577419e-04
0128 1.2526955511922574e-04 5.4494946960386597e-04
0129 1.2526749080297493e-04 5.4511649340784952e-04
0130 1.2526542672828745e-04 5.4528259998316907e-04
0131 1.2526336287059221e-04 5.4544779826718728e-04
0132 1.2526129920603952e-04 5.4561223478111133e-04
0133 1.2525923571135111e-04 5.4577584209236662e-04
0134 1.2525717236462643e-04 5.4593878391275691e-04
0135 1.2525510914358827e-04 5.4610098916585924e-04
0136 1.2525304602813405e-04 5.4626253121254969e-04
0137 1.2525098299804690e-04 5.4642353199212828e-04
0138 1.2524892003348804e-04 5.4658398240393653e-04
0139 1.2524685711595913e-04 5.4674389314979862e-04
0140 1.2524479422735350e-04 5.4690334010782391e-04
0141 1.2524273135023416e-04 5.4706235104932249e-04
0142 1.2524066846767004e-04 5.4722093763771027e-04
0143 1.2523860556346557e-04 5.4737920468480509e-04
0144 1.2523654262219130e-04 5.4753712791439128e-04
0145 1.2523447962877805e-04 5.4769471972104323e-04
0146 1.2523241656865679e-04 5.4785203002882701e-04
0147 1.2523035342792591e-04 5.4800911872933638e-04
0148 1.2522829019357285e-04 5.4816595329488073e-04
0149 1.2522622685245393e-04 5.4832260799399669e-04
0150 1.2522416339235751e-04 5.4847909932944467e-04
0151 1.2522209980179869e-04 5.4863543536309823e-04
0152 1.2522003606896663e-04 5.4879164199788343e-04
0153 1.2521797218339231e-04 5.4894779008176058e-04
0154 1.2521590813497493e-04 5.4910380673331568e-04
0155 1.2521384391350711e-04 5.4925972093782481e-04
0156 1.2521177950964568e-04 5.4941561298735297e-04
0157 1.2520971491458447e-04 5.4957151833100702e-04
0158 1.2520765011949574e-04 5.4972733748805081e-04
0159 1.2520558511658973e-04 5.4988319081253909e-04
0160 1.2520351989786006e-04 5.5003907498180906e-04
0161 1.2520145445623002e-04 5.5019499289820598e-04
0162 1.2519938878438635e-04 5.5035090438951501e-04
0163 1.2519732287622057e-04 5.5050693623850152e-04
0164 1.2519525672498511e-04 5.5066300849913223e-04
0165 1.2519319032556055e-04 5.5081917712274282e-04
0166 1.2519112367171976e-04 5.5097539854894015e-04
0167 1.2518905675868537e-04 5.5113170111675033e-04
0168 1.2518698958162029e-04 5.5128813834639666e-04
0169 1.2518492213589612e-04 5.5144466184681444e-04
0170 1.2518285441732907e-04 5.5160133081019313e-04
0171 1.2518078642209275e-04 5.5175808677865063e-04
0172 1.2517871814661814e-04 5.5191503343867722e-04
0173 1.2517664958730125e-04 5.5207207362667422e-04
0174 1.2517458074143997e-04 5.5222931643545488e-04
0175 1.2517251160606190e-04 5.5238671601576912e-04
0176 1.2517044217869210e-04 5.5254422078572670e-04
0177 1.2516837245711446e-04 5.5270181046329745e-04
0178 1.2516630243933604e-04 5.5285965146267563e-04
0179 1.2516423212358843e-04 5.5301766049099756e-04
0180 1.2516216150821634e-04 5.5317580474605142e-04
0181 1.2516009059202892e-04 5.5333412479112464e-04
0182 1.2515801937381527e-04 5.5349258418894629e-04
0183 1.2515594785305291e-04 5.5365122075891186e-04
0184 1.2515387602869433e-04 5.5380999815982080e-04
0185 1.2515180390043173e-04 5.5396896081656060e-04
0186 1.2514973146809602e-04 5.5412807979632979e-04
0187 1.2514765873163501e-04 5.5428735639458299e-04
0188 1.2514558569053709e-04 5.5444678289792010e-04
0189 1.2514351234593969e-04 5.5460641785393637e-04
0190 1.2514143869820675e-04 5.5476622822559277e-04
0191 1.2513936474676016e-04 5.5492616863808621e-04
0192 1.2513729049389548e-04 5.5508626517722490e-04
0193 1.2513521593980953e-04 5.5524651327855943e-04
0194 1.2513314108591472e-04 5.5540688708668844e-04
0195 1.2513106593302247e-04 5.5556744336324301e-04
0196 1.2512899048287338e-04 5.5572813390004927e-04
0197 1.2512691473680695e-04 5.5588894146289868e-04
0198 1.2512483869632030e-04 5.5604990196493826e-04
0199 1.2512276236332709e-04 5.5621099262581923e-04
0200 1.2512068573971427e-04 5.5637219044296160e-04
0201 1.2511860882742306e-04 5.5653356780330449e-04
0202 1.2511653162858034e-04 5.5669507256445039e-04
0203 1.2511445414540640e-04 5.5685668106099677e-04
0204 1.2511237638026032e-04 5.5701835477312684e-04
0205 1.2511029833545565e-04 5.5718015347362639e-04
0206 1.2510822001351448e-04 5.5734204244133252e-04
0207 1.2510614141702289e-04 5.5750407036177251e-04
0208 1.2510406254869196e-04 5.5766614998196246e-04
0209 1.2510198341108574e-04 5.5782833558831984e-04
0210 1.2509990400750781e-04 5.5799060306917084e-04
0211 1.2509782434051199e-04 5.5815297359537610e-04
0212 1.2509574441315008e-04 5.5831542247997167e-04
0213 1.2509366422864266e-04 5.5847790826061140e-04
0214 1.2509158378954904e-04 5.5864046336035270e-04
0215 1.2508950309983986e-04 5.5880302727402036e-04
0216 1.2508742216217053e-04 5.5896573318484077e-04
0217 1.2508534098017924e-04 5.5912841656860631e-04
0218 1.2508325955703825e-04 5.5929115200971423e-04
0219 1.2508117789632761e-04 5.5945394693486083e-04
0220 1.2507909600130790e-04 5.5961675430676601e-04
0221 1.2507701387535960e-04 5.5977956497067901e-04
0222 1.2507493152232526e-04 5.5994239001866484e-04
0223 1.2507284894544560e-04 5.6010523649428767e-04
0224 1.2507076614852493e-04 5.6026809817173197e-04
0225 1.2506868313495956e-04 5.6043090026434116e-04
0226 1.2506659990880155e-04 5.6059377056715638e-04
0227 1.2506451647345345e-04 5.6075656618368688e-04
0228 1.2506243283256572e-04 5.6091937844085949e-04
0229 1.2506034898993634e-04 5.6108215697505130e-04
0230 1.2505826494934783e-04 5.6124494116843921e-04
0231 1.2505618071469870e-04 5.6140768521231895e-04
0232 1.2505409628952519e-04 5.6157042908818627e-04
0233 1.2505201167761139e-04 5.6173305019898041e-04
0234 1.2504992688301266e-04 5.6189564805573340e-04
0235 1.2504784190925627e-04 5.6205815896505861e-04
0236 1.2504575676039608e-04 5.6222065131244386e-04
0237 1.2504367144020967e-04 5.6238306667853028e-04
0238 1.2504158595232293e-04 5.6254545275596305e-04
0239 1.2503950030064018e-04 5.6270774452870580e-04
0240 1.2503741448924112e-04 5.6286995122861391e-04
0241 1.2503532852175021e-04 5.6303204171729215e-04
0242 1.2503324240193919e-04 5.6319405033376183e-04
0243 1.2503115613351118e-04 5.6335596167606699e-04
0244 1.2502906972082791e-04 5.6351776403564902e-04
0245 1.2502698316718035e-04 5.6367944728192957e-04
0246 1.2502489647622870e-04 5.6384107051146823e-04
0247 1.2502280965225303e-04 5.6400258154258240e-04
0248 1.2502072269865780e-04 5.6416395708407173e-04
0249 1.2501863561946991e-04 5.6432521776332773e-04
0250 1.2501654841831869e-04 5.6448632873901843e-04
0251 1.2501446109875321e-04 5.6464734134887109e-04
0252 1.2501237366471576e-04 5.6480821669146228e-04
0253 1.2501028611989207e-04 5.6496891767433886e-04
0254 1.2500819846784437e-04 5.6512948247434405e-04
0255 1.2500611071207283e-04 5.6528994974276367e-04
0256 1.2500402285659786e-04 5.6545021979985985e-04
0257 1.2500193490483293e-04 5.6561038279085590e-04
0258 1.2499984686024972e-04 5.6577032730132141e-04
0259 1.2499775872662163e-04 5.6593016431140657e-04
0260 1.2499567050741709e-04 5.6608980440766069e-04
0261 1.2499358220615923e-04 5.6624925624376731e-04
0262 1.2499149382612571e-04 5.6640854773434032e-04
0263 1.2498940537107353e-04 5.6656772847839103e-04
0264 1.2498731684449410e-04 5.6672667891254742e-04
0265 1.2498522824939964e-04 5.6688546711447063e-04
0266 1.2498313958956403e-04 5.6704404218804825e-04
0267 1.2498105086821389e-04 5.6720244255381417e-04
0268 1.2497896208850802e-04 5.6736065854026045e-04
0269 1.2497687325415584e-04 5.6751870756608334e-04
0270 1.2497478436794898e-04 5.6767654813355637e-04
0271 1.2497269543343303e-04 5.6783421192347630e-04
0272 1.2497060645392928e-04 5.6799166400496679e-04
0273 1.2496851743200717e-04 5.6814885767760286e-04
0274 1.2496642837160629e-04 5.6830585111704865e-04
0275 1.2496433927531957e-04 5.6846265688258093e-04
0276 1.2496225014653050e-04 5.6861932057349442e-04
0277 1.2496016098798829e-04 5.6877572689495242e-04
0278 1.2495807180294563e-04 5.6893192605929777e-04
0279 1.2495598259427295e-04 5.6908788919179791e-04
0280 1.2495389336496888e-04 5.6924363928265121e-04
0281 1.2495180411809044e-04 5.6939917938779005e-04
0282 1.2494971485628396e-04 5.6955452816115598e-04
0283 1.2494762558267359e-04 5.6970962858673003e-04
0284 1.2494553629990621e-04 5.6986450077024006e-04
0285 1.2494344701106434e-04 5.7001916896073099e-04
0286 1.2494135771827194e-04 5.7017359453792040e-04
0287 1.2493926842495630e-04 5.7032778415638450e-04
0288 1.2493717913348790e-04 5.7048176114728102e-04
0289 1.2493508984659534e-04 5.7063547059881187e-04
0290 1.2493300056688452e-04 5.7078893696207804e-04
0291 1.2493091129713572e-04 5.7094218219158361e-04
0292 1.2492882203961160e-04 5.7109522129988324e-04
0293 1.2492673279719996e-04 5.7124804774914253e-04
0294 1.2492464357208828e-04 5.7140062010769730e-04
0295 1.2492255436689836e-04 5.7155294869155220e-04
0296 1.2492046518447036e-04 5.7170500607666938e-04
0297 1.2491837602627664e-04 5.7185685056368712e-04
0298 1.2491628689532486e-04 5.7200847182724572e-04
0299 1.2491419779408230e-04 5.7215985751003914e-04
0300 1.2491210872478444e-04 5.7231094127286415e-04
0301 1.2491001968954388e-04 5.7246182991896332e-04
0302 1.2490793069043504e-04 5.7261245708977381e-04
0303 1.2490584173021528e-04 5.7276284433548346e-04
0304 1.2490375281076906e-04 5.7291299875377171e-04
0305 1.2490166393435917e-04 5.7306292271711284e-04
0306 1.2489957510314356e-04 5.7321254822368804e-04
0307 1.2489748631901943e-04 5.7336191848647458e-04
0308 1.2489539758433053e-04 5.7351109003221418e-04
0309 1.2489330890096402e-04 5.7365997980388171e-04
0310 1.2489122027111672e-04 5.7380865497946040e-04
0311 1.2488913169685672e-04 5.7395710846845909e-04
0312 1.2488704317955719e-04 5.7410527124699708e-04
0313 1.2488495472190786e-04 5.7425318177035131e-04
0314 1.2488286632540122e-04 5.7440083244842755e-04
0315 1.2488077799206312e-04 5.7454822904529827e-04
0316 1.2487868972363585e-04 5.7469539367903996e-04
0317 1.2487660152207176e-04 5.7484231541844548e-04
0318 1.2487451338914627e-04 5.7498897394632736e-04
0319 1.2487242532652204e-04 5.7513541212212023e-04
0320 1.2487033733661463e-04 5.7528153893165188e-04
0321 1.2486824942011261e-04 5.7542747834551965e-04
0322 1.2486616157909749e-04 5.7557312732188222e-04
0323 1.2486407381554957e-04 5.7571855356897681e-04
0324 1.2486198613104608e-04 5.7586369163322424e-04
0325 1.2485989852722534e-04 5.7600865794303179e-04
0326 1.2485781100559639e-04 5.7615333508846765e-04
0327 1.2485572356769062e-04 5.7629769900639956e-04
0328 1.2485363621523999e-04 5.7644183760806366e-04
0329 1.2485154894989112e-04 5.7658575950235555e-04
0330 1.2484946177257020e-04 5.7672941150864519e-04
0331 1.2484737468529021e-04 5.7687278456511641e-04
0332 1.2484528768952601e-04 5.7701591505811788e-04
0333 1.2484320078683778e-04 5.7715881765221691e-04
0334 1.2484111397818661e-04 5.7730146667565613e-04
0335 1.2483902726555187e-04 5.7744385659718063e-04
0336 1.2483694064997159e-04 5.7758599828946827e-04
0337 1.2483485413289036e-04 5.7772788985785200e-04
0338 1.2483276771580839e-04 5.7786953296516121e-04
0339 1.2483068139991228e-04 5.7801090866919610e-04
0340 1.2482859518665547e-04 5.7815204406007131e-04
0341 1.2482650907727646e-04 5.7829291331798103e-04
0342 1.2482442307321063e-04 5.7843354122045945e-04
0343 1.2482233717537043e-04 5.7857397405609683e-04
0344 1.2482025138548883e-04 5.7871409268597416e-04
0345 1.2481816570465536e-04 5.7885402346925167e-04
0346 1.2481608013370515e-04 5.7899366553468734e-04
0347 1.2481399467447878e-04 5.7913301873574572e-04
0348 1.2481190932773944e-04 5.7927213081008133e-04
0349 1.2480982409500494e-04 5.7941096012138467e-04
0350 1.2480773897710664e-04 5.7954957125043503e-04
0351 1.2480565397538480e-04 5.7968794051917638e-04
0352 1.2480356909099077e-04 5.7982605818532415e-04
0353 1.2480148432500926e-04 5.7996394095278592e-04
0354 1.2479939967875158e-04 5.8010157435448701e-04
0355 1.2479731515313005e-04 5.8023893088775225e-04
0356 1.2479523074908553e-04 5.8037603437095537e-04
0357 1.2479314646812327e-04 5.8051294479553850e-04
0358 1.2479106231107299e-04 5.8064955295322415e-04
0359 1.2478897827915928e-04 5.8078594401719298e-04
0360 1.2478689437291673e-04 5.8092207587907504e-04
0361 1.2478481059413602e-04 5.8105797688248349e-04
0362 1.2478272694353348e-04 5.8119358884536367e-04
0363 1.2478064342209556e-04 5.8132890291333361e-04
0364 1.2477856003082429e-04 5.8146400392769147e-04
0365 1.2477647677105872e-04 5.8159887471259273e-04
0366 1.2477439364310053e-04 5.8173348661077389e-04
0367 1.2477231064873204e-04 5.8186784830959240e-04
0368 1.2477022778850761e-04 5.8200198159248813e-04
0369 1.2476814506361014e-04 5.8213586135854450e-04
0370 1.2476606247484735e-04 5.8226943430865182e-04
0371 1.2476398002323711e-04 5.8240277570491879e-04
0372 1.2476189770999527e-04 5.8253586831225653e-04
0373 1.2475981553574471e-04 5.8266871428596897e-04
0374 1.2475773350190366e-04 5.8280135780468928e-04
0375 1.2475565160873666e-04 5.8293373221093750e-04
0376 1.2475356985785832e-04 5.8306583637759892e-04
0377 1.2475148824995036e-04 5.8319769324276889e-04
0378 1.2474940678589816e-04 5.8332929380001627e-04
0379 1.2474732546676698e-04 5.8346057409860866e-04
0380 1.2474524429349637e-04 5.8359166187299592e-04
0381 1.2474316326703433e-04 5.8372249561536727e-04
0382 1.2474108238815591e-04 5.8385308504625038e-04
0383 1.2473900165791039e-04 5.8398339281332727e-04
0384 1.2473692107745215e-04 5.8411348708973989e-04
0385 1.2473484064727322e-04 5.8424331628980394e-04
0386 1.2473276036874582e-04 5.8437288186648163e-04
0387 1.2473068024283022e-04 5.8450219923497507e-04
0388 1.2472860026965939e-04 5.8463126357699872e-04
0389 1.2472652045109883e-04 5.8476006689523613e-04
0390 1.2472444078809048e-04 5.8488860527617335e-04
0391 1.2472236128060750e-04 5.8501695004432354e-04
0392 1.2472028193044322e-04 5.8514497205605827e-04
0393 1.2471820273840927e-04 5.8527271692395267e-04
0394 1.2471612370543346e-04 5.8540025026396323e-04
0395 1.2471404483214708e-04 5.8552751751401067e-04
0396 1.2471196611991964e-04 5.8565451655107125e-04
0397 1.2470988756948270e-04 5.8578126338804505e-04
0398 1.2470780918175220e-04 5.8590774836483591e-04
0399 1.2470573095778607e-04 5.8603397813964720e-04
0400 1.2470365289863982e-04 5.8615999003813562e-04
0401 1.2470157500478634e-04 5.8628570199435693e-04
0402 1.2469949727776259e-04 5.8641116339698714e-04
0403 1.2469741971843576e-04 5.8653640286605543e-04
0404 1.2469534232746062e-04 5.8666134476615620e-04
0405 1.2469326510629707e-04 5.8678600863665937e-04
0406 1.2469118805532862e-04 5.8691042705713114e-04
0407 1.2468911117611320e-04 5.8703458187311485e-04
0408 1.2468703446914570e-04 5.8715848552223240e-04
0409 1.2468495793591173e-04 5.8728207709946153e-04
0410 1.2468288157702309e-04 5.8740548982109909e-04
0411 1.2468080539360926e-04 5.8752860781285097e-04
0412 1.2467872938678526e-04 5.8765143891514947e-04
0413 1.2467665355742115e-04 5.8777401193717076e-04
0414 1.2467457790676801e-04 5.8789637765708667e-04
0415 1.2467250243554677e-04 5.8801844717673146e-04
0416 1.2467042714498161e-04 5.8814020767821969e-04
0417 1.2466835203610505e-04 5.8826175509765473e-04
0418 1.2466627710989918e-04 5.8838301704949966e-04
0419 1.2466420236740476e-04 5.8850395751721372e-04
0420 1.2466212780961927e-04 5.8862465012655648e-04
0421 1.2466005343792711e-04 5.8874513630834092e-04
0422 1.2465797925308113e-04 5.8886532849217708e-04
0423 1.2465590525639132e-04 5.8898526822224768e-04
0424 1.2465383144869639e-04 5.8910487210570440e-04
0425 1.2465175783122419e-04 5.8922425254536543e-04
0426 1.2464968440516590e-04 5.8934335909213730e-04
0427 1.2464761117160546e-04 5.8946219756419625e-04
0428 1.2464553813127698e-04 5.8958074156851279e-04
0429 1.2464346528579849e-04 5.8969901876975057e-04
0430 1.2464139263619481e-04 5.8981703007723765e-04
0431 1.2463932018349388e-04 5.8993479805746665e-04
0432 1.2463724792876859e-04 5.9005227902211518e-04
0433 1.2463517587328805e-04 5.9016945778953575e-04
0434 1.2463310401830433e-04 5.9028636052005151e-04
0435 1.2463103236484067e-04 5.9040302112199801e-04
0436 1.2462896091399321e-04 5.9051940649474917e-04
0437 1.2462688966725588e-04 5.9063550211040290e-04
0438 1.2462481862574127e-04 5.9075127784916494e-04
0439 1.2462274778994749e-04 5.9086685863061865e-04
0440 1.2462067716219021e-04 5.9098213292654075e-04
0441 1.2461860674297051e-04 5.9109711961493261e-04
0442 1.2461653653370066e-04 5.9121183944082253e-04
0443 1.2461446653565817e-04 5.9132623503464288e-04
0444 1.2461239674997236e-04 5.9144039488168978e-04
0445 1.2461032717803297e-04 5.9155429639579083e-04
0446 1.2460825782101848e-04 5.9166786069824112e-04
0447 1.2460618867996313e-04 5.9178116536449054e-04
0448 1.2460411975670892e-04 5.9189418508457119e-04
0449 1.2460205105160042e-04 5.9200692005642564e-04
0450 1.2459998256670330e-04 5.9211935194590905e-04
0451 1.2459791430319823e-04 5.9223149752031697e-04
0452 1.2459584626229041e-04 5.9234337545600922e-04
0453 1.2459377844526004e-04 5.9245497030781637e-04
0454 1.2459171085349503e-04 5.9256628416001116e-04
0455 1.2458964348795014e-04 5.9267732153320328e-04
0456 1.2458757635037542e-04 5.9278809090946617e-04
0457 1.2458550944202399e-04 5.9289852334430627e-04
0458 1.2458344276425264e-04 5.9300865489109460e-04
0459 1.2458137631814642e-04 5.9311848730744994e-04
0460 1.2457931010533232e-04 5.9322808114101525e-04
0461 1.2457724412709062e-04 5.9333740391726713e-04
0462 1.2457517838497802e-04 5.9344648588552981e-04
0463 1.2457311288001011e-04 5.9355520487119082e-04
0464 1.2457104761380130e-04 5.9366362618856760e-04
0465 1.2456898258765483e-04 5.9377180388810733e-04
0466 1.2456691780303239e-04 5.9387957048448827e-04
0467 1.2456485326122691e-04 5.9398714858903618e-04
0468 1.2456278896384024e-04 5.9409438923589209e-04
0469 1.2456072491211383e-04 5.9420129944412860e-04
0470 1.2455866110773104e-04 5.9430795965141506e-04
0471 1.2455659755166901e-04 5.9441435682078150e-04
0472 1.2455453424578035e-04 5.9452047210553150e-04
0473 1.2455247119116995e-04 5.9462627838989242e-04
0474 1.2455040838961755e-04 5.9473178008788321e-04
0475 1.2454834584252721e-04 5.9483695880175279e-04
0476 1.2454628355098609e-04 5.9494184344167098e-04
0477 1.2454422151685001e-04 5.9504644638064719e-04
0478 1.2454215974153080e-04 5.9515077358805550e-04
0479 1.2454009822642623e-04 5.9525477316533951e-04
0480 1.2453803697300321e-04 5.9535845949118755e-04
0481 1.2453597598272473e-04 5.9546189342403705e-04
0482 1.2453391525726513e-04 5.9556500055178740e-04
0483 1.2453185479787595e-04 5.9566782764940282e-04
0484 1.2452979460628248e-04 5.9577036951531464e-04
0485 1.2452773468384250e-04 5.9587256262402951e-04
0486 1.2452567503216347e-04 5.9597444219523842e-04
0487 1.2452361565268484e-04 5.9607605545838752e-04
0488 1.2452155654689689e-04 5.9617736239822659e-04
0489 1.2451949771649485e-04 5.9627838415404679e-04
0490 1.2451743916303050e-04 5.9637909180704522e-04
0491 1.2451538088758214e-04 5.9647949525425397e-04
0492 1.2451332289246551e-04 5.9657959257450593e-04
0493 1.2451126517839752e-04 5.9667944081285391e-04
0494 1.2450920774758337e-04 5.9677891164358220e-04
0495 1.2450715060113824e-04 5.9687814387316340e-04
0496 1.2450509374088207e-04 5.9697700433989818e-04
0497 1.2450303716821212e-04 5.9707558559838811e-04
0498 1.2450098088495685e-04 5.9717385467009023e-04
0499 1.2449892489236811e-04 5.9727181126545262e-04
0500 1.2449686919208523e-04 5.9736950802117303e-04
0501 1.2449481378582110e-04 5.9746689600658322e-04
0502 1.2449275867507735e-04 5.9756393517328328e-04
0503 1.2449070386134586e-04 5.9766067821317851e-04
0504 1.2448864934659393e-04 5.9775713886913221e-04
0505 1.2448659513175284e-04 5.9785329962658447e-04
0506 1.2448454121898533e-04 5.9794916298264037e-04
0507 1.2448248760956525e-04 5.9804471849801558e-04
0508 1.2448043430513670e-04 5.9813990889278951e-04
0509 1.2447838130760409e-04 5.9823484094768812e-04
0510 1.2447632861817734e-04 5.9832943669572568e-04
0511 1.2447427623849130e-04 5.9842374112386795e-04
0512 1.2447222417063373e-04 5.9851773358176577e-04
0513 1.2447017241558266e-04 5.9861139855200887e-04
0514 1.2446812097516820e-04 5.9870475357322165e-04
0515 1.2446606985109203e-04 5.9879782771046883e-04
0516 1.2446401904504217e-04 5.9889063925443317e-04
0517 1.2446196855829764e-04 5.9898311643878557e-04
0518 1.2445991839285498e-04 5.9907524137185839e-04
0519 1.2445786855019080e-04 5.9916708698127988e-04
0520 1.2445581903186464e-04 5.9925860471242843e-04
0521 1.2445376983955623e-04 5.9934983295574311e-04
0522 1.2445172097478156e-04 5.9944074492066760e-04
0523 1.2444967243946446e-04 5.9953137337050253e-04
0524 1.2444762423498114e-04 5.9962166659926824e-04
0525 1.2444557636288224e-04 5.9971162247837164e-04
0526 1.2444352882494370e-04 5.9980134738127919e-04
0527 1.2444148162288611e-04 5.9989068949884848e-04
0528 1.2443943475818313e-04 5.9997977314983999e-04
0529 1.2443738823254930e-04 6.0006849017434560e-04
0530 1.2443534204745722e-04 6.0015693480480227e-04
0531 1.2443329620499762e-04 6.0024503570752679e-04
0532 1.2443125070600916e-04 6.0033286962434115e-04
0533 1.2442920555282076e-04 6.0042040052851124e-04
0534 1.2442716074690454e-04 6.0050759687537369e-04
0535 1.2442511628985850e-04 6.0059444261157475e-04
0536 1.2442307218318992e-04 6.0068105867284506e-04
0537 1.2442102842870917e-04 6.0076732915752284e-04
0538 1.2441898502801868e-04 6.0085327380044579e-04
0539 1.2441694198272706e-04 6.0093895095542375e-04
0540 1.2441489929434715e-04 6.0102429040045056e-04
0541 1.2441285696481946e-04 6.0110931674605306e-04
0542 1.2441081499549870e-04 6.0119410650203364e-04
0543 1.2440877338832157e-04 6.0127847355427653e-04
0544 1.2440673214435355e-04 6.0136255518937140e-04
0545 1.2440469126615876e-04 6.0144634549275902e-04
0546 1.2440265075445940e-04 6.0152982007971242e-04
0547 1.2440061061145502e-04 6.0161297390087169e-04
0548 1.2439857083864161e-04 6.0169586198128276e-04
0549 1.2439653143748148e-04 6.0177843095845292e-04
0550 1.2439449240983706e-04 6.0186064737825491e-04
0551 1.2439245375725917e-04 6.0194259247080435e-04
0552 1.2439041548159430e-04 6.0202425627583849e-04
0553 1.2438837758400065e-04 6.0210558065497074e-04
0554 1.2438634006651036e-04 6.0218655916430709e-04
0555 1.2438430293076520e-04 6.0226725325396952e-04
0556 1.2438226617816751e-04 6.0234763135203959e-04
0557 1.2438022981060750e-04 6.0242776172050243e-04
0558 1.2437819382953260e-04 6.0250753620383259e-04
0559 1.2437615823665952e-04 6.0258702510542991e-04
0560 1.2437412303349166e-04 6.0266620141273119e-04
0561 1.2437208822220337e-04 6.0274502876884952e-04
0562 1.2437005380355452e-04 6.0282356423602005e-04
0563 1.2436801977995445e-04 6.0290180070465273e-04
0564 1.2436598615259590e-04 6.0297969387181787e-04
0565 1.2436395292326452e-04 6.0305731100453565e-04
0566 1.2436192009362650e-04 6.0313459905739176e-04
0567 1.2435988766538639e-04 6.0321158687786996e-04
0568 1.2435785563968716e-04 6.0328829854726547e-04
0569 1.2435582401878730e-04 6.0336471190258170e-04
0570 1.2435379280406942e-04 6.0344077284295923e-04
0571 1.2435176199720850e-04 6.0351652630191580e-04
0572 1.2434973159969358e-04 6.0359196032316669e-04
0573 1.2434770161340851e-04 6.0366715386619377e-04
0574 1.2434567203959687e-04 6.0374199119530582e-04
0575 1.2434364288034701e-04 6.0381656247290795e-04
0576 1.2434161413700702e-04 6.0389080067497580e-04
0577 1.2433958581132138e-04 6.0396475673779734e-04
0578 1.2433755790468501e-04 6.0403832807904428e-04
0579 1.2433553041911723e-04 6.0411167304238599e-04
0580 1.2433350335583096e-04 6.0418471502342536e-04
0581 1.2433147671680775e-04 6.0425738881174644e-04
0582 1.2432945050356995e-04 6.0432976815949209e-04
0583 1.2432742471757356e-04 6.0440188791057543e-04
0584 1.2432539936064162e-04 6.0447367338406261e-04
0585 1.2432337443441207e-04 6.0454514064360923e-04
0586 1.2432134994045296e-04 6.0461634720843126e-04
0587 1.2431932588007589e-04 6.0468723010273083e-04
0588 1.2431730225568376e-04 6.0475783610765125e-04
0589 1.2431527906812747e-04 6.0482812570095352e-04
0590 1.2431325631932221e-04 6.0489807990764786e-04
0591 1.2431123401086756e-04 6.0496769609054445e-04
0592 1.2430921214454522e-04 6.0503703699080430e-04
0593 1.2430719072188155e-04 6.0510610393584192e-04
0594 1.2430516974447277e-04 6.0517489374243313e-04
0595 1.2430314921381882e-04 6.0524333692966016e-04
0596 1.2430112913171856e-04 6.0531144176939730e-04
0597 1.2429910949981375e-04 6.0537926522761024e-04
0598 1.2429709031963344e-04 6.0544679725055739e-04
0599 1.2429507159276605e-04 6.0551399972246986e-04
0600 1.2429305332107155e-04 6.0558097284837552e-04
