# step du_rel dp_rel
# u_rtol 1.0000000000000000e-04
# p_rtol 1.0000000000000000e-03
0001 1.2695142628904840e-04 1.4385697109974414e-02
0002 1.2695214874279995e-04 1.3144619777859828e-02
0003 1.2695295037357769e-04 1.1980591145565255e-02
0004 1.2695380725326997e-04 1.0895234510523027e-02
0005 1.2695470492678541e-04 9.8880668773558503e-03
0006 1.2695563448528521e-04 8.9571523389206601e-03
0007 1.2695659027677557e-04 8.0995813183729129e-03
0008 1.2695756856762706e-04 7.3118226243190920e-03
0009 1.2695856676222061e-04 6.5899788005582965e-03
0010 1.2695958294389157e-04 5.9299713289604275e-03
0011 1.2696061561028583e-04 5.3276734096730774e-03
0012 1.2696166351716255e-04 4.7790043672289277e-03
0013 1.2696272558842595e-04 4.2799946742236679e-03
0014 1.2696380086437757e-04 3.8268304802764283e-03
0015 1.2696488847185888e-04 3.4158823189409217e-03
0016 1.2696598760641246e-04 3.0437226358827150e-03
0017 1.2696709752117033e-04 2.7071349517182952e-03
0018 1.2696821752222867e-04 2.4031171500425220e-03
0019 1.2696934696239371e-04 2.1288804327886644e-03
0020 1.2697048523956564e-04 1.8818459212539070e-03
0021 1.2697163179283899e-04 1.6596390424472170e-03
0022 1.2697278610122629e-04 1.4600832574936063e-03
0023 1.2697394768084461e-04 1.2811939417133658e-03
0024 1.2697511608291250e-04 1.1211720142519537e-03
0025 1.2697629089151189e-04 9.7839985340853744e-04
0026 1.2697747172217902e-04 8.5143735543059525e-04
0027 1.2697865821871353e-04 7.3902184559382226e-04
0028 1.2697985005197401e-04 6.4006875085790725e-04
0029 1.2698104691843514e-04 5.5367517082737731e-04
0030 1.2698224853700303e-04 4.7912146211259607e-04
0031 1.2698345464884142e-04 4.1586553114370786e-04
0032 1.2698466501468437e-04 3.6351484393341122e-04
0033 1.2698587941349827e-04 3.2175614084184830e-04
0034 1.2698709764186877e-04 2.9022370781994593e-04
0035 1.2698831951125293e-04 2.6831900709511268e-04
0036 1.2698954484796502e-04 2.5505732706681053e-04
0037 1.2699077349184751e-04 2.4905304052589487e-04
0038 1.2699200529455278e-04 2.4868419557007667e-04
0039 1.2699324011906837e-04 2.5234407305537869e-04
0040 1.2699447783898004e-04 2.5864249884385897e-04
0041 1.2699571833737941e-04 2.6649306560602574e-04
0042 1.2699696150599631e-04 2.7510732903220797e-04
0043 1.2699820724442292e-04 2.8394385768453514e-04
0044 1.2699945546043571e-04 2.9264749783335895e-04
0045 1.2700070606810960e-04 3.0099639401780291e-04
0046 1.2700195898768935e-04 3.0886100848021085e-04
0047 1.2700321414604832e-04 3.1617420609227770e-04
0048 1.2700447147451552e-04 3.2291015771942897e-04
0049 1.2700573090978188e-04 3.2906986496814765e-04
0050 1.2700699239308886e-04 3.3467140875675558e-04
0051 1.2700825587031063e-04 3.3974294858698639e-04
0052 1.2700952129025483e-04 3.4431839275833018e-04
0053 1.2701078860647308e-04 3.4843425436038758e-04
0054 1.2701205777519801e-04 3.5212766391891066e-04
0055 1.2701332875534064e-04 3.5543501442091539e-04
0056 1.2701460150974466e-04 3.5839109293221184e-04
0057 1.2701587600321990e-04 3.6102892760229868e-04
0058 1.2701715220266423e-04 3.6337899151601494e-04
0059 1.2701843007840229e-04 3.6546964127416614e-04
0060 1.2701970960175035e-04 3.6732663618296011e-04
0061 1.2702099074654916e-04 3.6897365243132271e-04
0062 1.2702227348821525e-04 3.7043209542848892e-04
0063 1.2702355780430858e-04 3.7172133894301530e-04
0064 1.2702484367321798e-04 3.7285888280797955e-04
0065 1.2702613107529431e-04 3.7386046601192030e-04
0066 1.2702741999229253e-04 3.7474019740189808e-04
0067 1.2702871040693933e-04 3.7551077842485589e-04
0068 1.2703000230339484e-04 3.7618355263292731e-04
0069 1.2703129566652110e-04 3.7676871317554052e-04
0070 1.2703259048329964e-04 3.7727536354020667e-04
0071 1.2703388674031868e-04 3.7771168471988022e-04
0072 1.2703518442529441e-04 3.7808500016700639e-04
0073 1.2703648352768238e-04 3.7840180726194723e-04
0074 1.2703778403685203e-04 3.7866796244787201e-04
0075 1.2703908594338293e-04 3.7888863213230220e-04
0076 1.2704038923831175e-04 3.7906850827760467e-04
0077 1.2704169391303876e-04 3.7921182289783729e-04
0078 1.2704299996038713e-04 3.7932225287155895e-04
0079 1.2704430737311721e-04 3.7940324039087778e-04
0080 1.2704561614442490e-04 3.7945782322280675e-04
0081 1.2704692626834627e-04 3.7948859564139074e-04
0082 1.2704823773916334e-04 3.7949800010414177e-04
0083 1.2704955055181587e-04 3.7948824981993105e-04
0084 1.2705086470151633e-04 3.7946128426784314e-04
0085 1.2705218018375461e-04 3.7941888453014576e-04
0086 1.2705349699440593e-04 3.7936257940299786e-04
0087 1.2705481512991472e-04 3.7929391238992593e-04
0088 1.2705613458667629e-04 3.7921403255936574e-04
0089 1.2705745536186218e-04 3.7912415551205744e-04
0090 1.2705877745237777e-04 3.7902535121673843e-04
0091 1.2706010085570705e-04 3.7891861463546395e-04
0092 1.2706142556972988e-04 3.7880466273125860e-04
0093 1.2706275159205148e-04 3.7868432541831329e-04
0094 1.2706407892078248e-04 3.7855837670139000e-04
0095 1.2706540755443380e-04 3.7842730682421770e-04
0096 1.2706673749147789e-04 3.7829182010101249e-04
0097 1.2706806873025555e-04 3.7815234334253082e-04
0098 1.2706940127022156e-04 3.7800943386287272e-04
0099 1.2707073510976854e-04 3.7786343592851777e-04
0100 1.2707207024832877e-04 3.7771476647565337e-04
0101 1.2707340668508465e-04 3.7756378098944545e-04
0102 1.2707474441954551e-04 3.7741074568908069e-04
0103 1.2707608345122025e-04 3.7725594602818678e-04
0104 1.2707742377944843e-04 3.7709974099880880e-04
0105 1.2707876540426452e-04 3.7694232372321665e-04
0106 1.2708010832553540e-04 3.7678386067210357e-04
0107 1.2708145254283800e-04 3.7662452467714195e-04
0108 1.2708279805665943e-04 3.7646458994440601e-04
0109 1.2708414486668781e-04 3.7630412928382225e-04
0110 1.2708549297317385e-04 3.7614330671079604e-04
0111 1.2708684237649665e-04 3.7598230186914515e-04
0112 1.2708819307673160e-04 3.7582110131178343e-04
0113 1.2708954507429133e-04 3.7565992221204509e-04
0114 1.2709089836949189e-04 3.7549881835304900e-04
0115 1.2709225296292392e-04 3.7533791664129092e-04
0116 1.2709360885501764e-04 3.7517722525819396e-04
0117 1.2709496604633655e-04 3.7501686143945724e-04
0118 1.2709632453750645e-04 3.7485688504883339e-04
0119 1.2709768432889418e-04 3.7469736719769446e-04
0120 1.2709904542127241e-04 3.7453830525132378e-04
0121 1.2710040781538284e-04 3.7437975584805937e-04
0122 1.2710177151195463e-04 3.7422176365663992e-04
0123 1.2710313651161478e-04 3.7406441958061425e-04
0124 1.2710450281487869e-04 3.7390764243545004e-04
0125 1.2710587042288280e-04 3.7375151442793180e-04
0126 1.2710723933636803e-04 3.7359615692562030e-04
0127 1.2710860955591664e-04 3.7344149076250731e-04
0128 1.2710998108243901e-04 3.7328754109008369e-04
0129 1.2711135391670690e-04 3.7313435276002460e-04
0130 1.2711272805976761e-04 3.7298193391888644e-04
0131 1.2711410351228653e-04 3.7283027272802229e-04
0132 1.2711548027516238e-04 3.7267938498863971e-04
0133 1.2711685834903105e-04 3.7252928537445787e-04
0134 1.2711823773510367e-04 3.7238004197097651e-04
0135 1.2711961843402952e-04 3.7223150522130164e-04
0136 1.2712100044665956e-04 3.7208386448712202e-04
0137 1.2712238377397865e-04 3.7193699925096914e-04
0138 1.2712376841677423e-04 3.7179094815994828e-04
0139 1.2712515437597984e-04 3.7164569071174825e-04
0140 1.2712654165234781e-04 3.7150128222925580e-04
0141 1.2712793024687583e-04 3.7135768175363787e-04
0142 1.2712932016021087e-04 3.7121481371852526e-04
0143 1.2713071139338591e-04 3.7107287578882640e-04
0144 1.2713210394724864e-04 3.7093173566605733e-04
0145 1.2713349782260088e-04 3.7079139849589837e-04
0146 1.2713489302019820e-04 3.7065180980467368e-04
0147 1.2713628954089486e-04 3.7051311633662094e-04
0148 1.2713768738571173e-04 3.7037518673618521e-04
0149 1.2713908655514759e-04 3.7023806130448796e-04
0150 1.2714048705016984e-04 3.7010170463347181e-04
0151 1.2714188887161856e-04 3.6996609312346337e-04
0152 1.2714329202025636e-04 3.6983135066721238e-04
0153 1.2714469649667128e-04 3.6969736924345482e-04
0154 1.2714610230197038e-04 3.6956409342683795e-04
0155 1.2714750943667246e-04 3.6943159849888438e-04
0156 1.2714891790151654e-04 3.6929985575235419e-04
0157 1.2715032769738559e-04 3.6916892199048988e-04
0158 1.2715173882481314e-04 3.6903874258075305e-04
0159 1.2715315128476222e-04 3.6890927610341205e-04
0160 1.2715456507755144e-04 3.6878052457357959e-04
0161 1.2715598020431813e-04 3.6865253078552422e-04
0162 1.2715739666524907e-04 3.6852524083743330e-04
0163 1.2715881446166531e-04 3.6839867363023659e-04
0164 1.2716023359357620e-04 3.6827283028519384e-04
0165 1.2716165406185699e-04 3.6814764431294977e-04
0166 1.2716307586743231e-04 3.6802317964965153e-04
0167 1.2716449901028432e-04 3.6789938219963108e-04
0168 1.2716592349156416e-04 3.6777625253135742e-04
0169 1.2716734931148972e-04 3.6765389608009929e-04
0170 1.2716877647098241e-04 3.6753215848041646e-04
0171 1.2717020497043233e-04 3.6741103369273691e-04
0172 1.2717163481038100e-04 3.6729055073444073e-04
0173 1.2717306599130043e-04 3.6717072007538896e-04
0174 1.2717449851387804e-04 3.6705161108071459e-04
0175 1.2717593237847929e-04 3.6693302728351231e-04
0176 1.2717736758565223e-04 3.6681507917557055e-04
0177 1.2717880413584977e-04 3.6669772390567399e-04
0178 1.2718024202966171e-04 3.6658102679775005e-04
0179 1.2718168126732836e-04 3.6646492468609190e-04
0180 1.2718312184952556e-04 3.6634944053053341e-04
0181 1.2718456377665499e-04 3.6623451996327031e-04
0182 1.2718600704888461e-04 3.6612015387909436e-04
0183 1.2718745166699559e-04 3.6600630151658719e-04
0184 1.2718889763107337e-04 3.6589306596278195e-04
0185 1.2719034494165584e-04 3.6578036851089228e-04
0186 1.2719179359913752e-04 3.6566827635267570e-04
0187 1.2719324360381586e-04 3.6555668920017789e-04
0188 1.2719469495595811e-04 3.6544563963499086e-04
0189 1.2719614765602491e-04 3.6533510699071327e-04
0190 1.2719760170427319e-04 3.6522513207514661e-04
0191 1.2719905710106047e-04 3.6511556228021940e-04
0192 1.2720051384662920e-04 3.6500658936191888e-04
0193 1.2720197194119698e-04 3.6489804407493267e-04
0194 1.2720343138529404e-04 3.6479002003207217e-04
0195 1.2720489217893488e-04 3.6468250468962095e-04
0196 1.2720635432253660e-04 3.6457548050627898e-04
0197 1.2720781781622273e-04 3.6446892701108634e-04
0198 1.2720928266005089e-04 3.6436281174739577e-04
0199 1.2721074885472321e-04 3.6425712594695533e-04
0200 1.2721221640011406e-04 3.6415194085165690e-04
0201 1.2721368529634356e-04 3.6404713880923022e-04
0202 1.2721515554381927e-04 3.6394281198449848e-04
0203 1.2721662714254133e-04 3.6383892700228945e-04
0204 1.2721810009288666e-04 3.6373544981235372e-04
0205 1.2721957439472883e-04 3.6363237742948238e-04
0206 1.2722105004847874e-04 3.6352975877067262e-04
0207 1.2722252705415615e-04 3.6342744401768665e-04
0208 1.2722400541191096e-04 3.6332553957828679e-04
0209 1.2722548512175550e-04 3.6322411254346336e-04
0210 1.2722696618395208e-04 3.6312307642026169e-04
0211 1.2722844859849058e-04 3.6302237119157163e-04
0212 1.2722993236562484e-04 3.6292206068023515e-04
0213 1.2723141748519491e-04 3.6282210392155106e-04
0214 1.2723290395752154e-04 3.6272257363692637e-04
0215 1.2723439178247755e-04 3.6262329780089350e-04
0216 1.2723588096006782e-04 3.6252436878258365e-04
0217 1.2723737149062639e-04 3.6242585214185820e-04
0218 1.2723886337406121e-04 3.6232764802761607e-04
0219 1.2724035661016241e-04 3.6222982989138070e-04
0220 1.2724185119927502e-04 3.6213227203895970e-04
0221 1.2724334714142777e-04 3.6203511003572546e-04
0222 1.2724484443640225e-04 3.6193823937369341e-04
0223 1.2724634308410778e-04 3.6184167881257641e-04
0224 1.2724784308515533e-04 3.6174542846720514e-04
0225 1.2724934443888368e-04 3.6164948455931592e-04
0226 1.2725084714559147e-04 3.6155383485208419e-04
0227 1.2725235120523081e-04 3.6145844747869477e-04
0228 1.2725385661764368e-04 3.6136338257579972e-04
0229 1.2725536338284375e-04 3.6126861738407245e-04
0230 1.2725687150074480e-04 3.6117410878827995e-04
0231 1.2725838097158798e-04 3.6107987491577155e-04
0232 1.2725989179507009e-04 3.6098595362984238e-04
0233 1.2726140397126636e-04 3.6089226265981135e-04
0234 1.2726291749987450e-04 3.6079884804719590e-04
0235 1.2726443238108447e-04 3.6070571715610898e-04
0236 1.2726594861470444e-04 3.6061284179778519e-04
0237 1.2726746620056247e-04 3.6052020117199879e-04
0238 1.2726898513875490e-04 3.6042784841816593e-04
0239 1.2727050542917580e-04 3.6033562601639848e-04
0240 1.2727202707167598e-04 3.6024374892080607e-04
0241 1.2727355006621717e-04 3.6015206318821240e-04
0242 1.2727507441270318e-04 3.6006059855008167e-04
0243 1.2727660011084625e-04 3.5996943135200514e-04
0244 1.2727812716080783e-04 3.5987842777439696e-04
0245 1.2727965556224069e-04 3.5978765605236904e-04
0246 1.2728118531522590e-04 3.5969707845995400e-04
0247 1.2728271641951138e-04 3.5960676407965805e-04
0248 1.2728424887509644e-04 3.5951668306382094e-04
0249 1.2728578268184545e-04 3.5942683128823669e-04
0250 1.2728731783945228e-04 3.5933717790470452e-04
0251 1.2728885434796171e-04 3.5924768367200300e-04
0252 1.2729039220719867e-04 3.5915839387513790e-04
0253 1.2729193141708202e-04 3.5906931387639536e-04
0254 1.2729347197733257e-04 3.5898046548106250e-04
0255 1.2729501388809505e-04 3.5889179386851039e-04
0256 1.2729655714878199e-04 3.5880325574843332e-04
0257 1.2729810175972247e-04 3.5871496156997468e-04
0258 1.2729964772051751e-04 3.5862682373654584e-04
0259 1.2730119503103038e-04 3.5853886438024424e-04
0260 1.2730274369089680e-04 3.5845111276216265e-04
0261 1.2730429370066195e-04 3.5836352290155934e-04
0262 1.2730584505938342e-04 3.5827607985066182e-04
0263 1.2730739776747860e-04 3.5818885646987371e-04
0264 1.2730895182442521e-04 3.5810177100110713e-04
0265 1.2731050723020372e-04 3.5801498178677734e-04
0266 1.2731206398474023e-04 3.5792821747552292e-04
0267 1.2731362208781395e-04 3.5784167304240031e-04
0268 1.2731518153911620e-04 3.5775527617784792e-04
0269 1.2731674233852682e-04 3.5766908306920789e-04
0270 1.2731830448631923e-04 3.5758302506822367e-04
0271 1.2731986798174657e-04 3.5749706197346545e-04
0272 1.2732143282507025e-04 3.5741136475577438e-04
0273 1.2732299901567590e-04 3.5732581692319009e-04
0274 1.2732456655391511e-04 3.5724038509803532e-04
0275 1.2732613543927867e-04 3.5715508014448133e-04
0276 1.2732770567164527e-04 3.5706995031796322e-04
0277 1.2732927725090743e-04 3.5698496483745876e-04
0278 1.2733085017722128e-04 3.5690015298663042e-04
0279 1.2733242444979369e-04 3.5681543072558976e-04
0280 1.2733400006875888e-04 3.5673098529897667e-04
0281 1.2733557703400674e-04 3.5664653283656687e-04
0282 1.2733715534538141e-04 3.5656226351616873e-04
0283 1.2733873500263981e-04 3.5647817118733397e-04
0284 1.2734031600552737e-04 3.5639425607977176e-04
0285 1.2734189835402206e-04 3.5631040833142752e-04
0286 1.2734348204797345e-04 3.5622673626021785e-04
0287 1.2734506708721437e-04 3.5614317667018050e-04
0288 1.2734665347137374e-04 3.5605973128621478e-04
0289 1.2734824120071435e-04 3.5597643055824301e-04
0290 1.2734983027458261e-04 3.5589331693916347e-04
0291 1.2735142069312161e-04 3.5581031014089980e-04
0292 1.2735301245595144e-04 3.5572745151532704e-04
0293 1.2735460556313809e-04 3.5564479019811941e-04
0294 1.2735620001450818e-04 3.5556214518008889e-04
0295 1.2735779580951253e-04 3.5547969138975541e-04
0296 1.2735939294866936e-04 3.5539731860236717e-04
0297 1.2736099143118926e-04 3.5531507839137839e-04
0298 1.2736259125712261e-04 3.5523293920887027e-04
0299 1.2736419242650643e-04 3.5515098213095256e-04
0300 1.2736579493890726e-04 3.5506916389873948e-04
0301 1.2736739879432246e-04 3.5498750502365286e-04
0302 1.2736900399249875e-04 3.5490593026370470e-04
0303 1.2737061053337700e-04 3.5482448831820299e-04
0304 1.2737221841663582e-04 3.5474311909935920e-04
0305 1.2737382764246575e-04 3.5466192187412178e-04
0306 1.2737543821014262e-04 3.5458081195455520e-04
0307 1.2737705012004938e-04 3.5449985930634937e-04
0308 1.2737866337172584e-04 3.5441901770028804e-04
0309 1.2738027796526213e-04 3.5433831388164859e-04
0310 1.2738189390015231e-04 3.5425773926427156e-04
0311 1.2738351117662486e-04 3.5417725239234363e-04
0312 1.2738512979442246e-04 3.5409690059525086e-04
0313 1.2738674975329176e-04 3.5401670146688872e-04
0314 1.2738837105302306e-04 3.5393650278316065e-04
0315 1.2738999369353975e-04 3.5385652200283933e-04
0316 1.2739161767473555e-04 3.5377664056441426e-04
0317 1.2739324299633657e-04 3.5369687592169013e-04
0318 1.2739486965861475e-04 3.5361720705746511e-04
0319 1.2739649766082024e-04 3.5353764673333021e-04
0320 1.2739812700320697e-04 3.5345827162098901e-04
0321 1.2739975768556435e-04 3.5337906203106303e-04
0322 1.2740138970756133e-04 3.5329989520708788e-04
0323 1.2740302306938611e-04 3.5322084414541243e-04
0324 1.2740465777053031e-04 3.5314189592879129e-04
0325 1.2740629381116864e-04 3.5306310111530946e-04
0326 1.2740793119092356e-04 3.5298439368340422e-04
0327 1.2740956990987508e-04 3.5290581163698308e-04
0328 1.2741120996763778e-04 3.5282729914809264e-04
0329 1.2741285136427412e-04 3.5274894959386199e-04
0330 1.2741449409934771e-04 3.5267069823450485e-04
0331 1.2741613817334184e-04 3.5259260141835082e-04
0332 1.2741778358544916e-04 3.5251454251024875e-04
0333 1.2741943033585994e-04 3.5243665783282681e-04
0334 1.2742107842446390e-04 3.5235889425979316e-04
0335 1.2742272785099744e-04 3.5228128934975073e-04
0336 1.2742437861541040e-04 3.5220369934569837e-04
0337 1.2742603071761509e-04 3.5212621044955825e-04
0338 1.2742768415716210e-04 3.5204885534596429e-04
0339 1.2742933893441249e-04 3.5197158487382474e-04
0340 1.2743099504888575e-04 3.5189454064753559e-04
0341 1.2743265250055955e-04 3.5181756901399275e-04
0342 1.2743431128932776e-04 3.5174062280266840e-04
0343 1.2743597141506968e-04 3.5166381583589997e-04
0344 1.2743763287755740e-04 3.5158713417700902e-04
0345 1.2743929567668366e-04 3.5151056314190347e-04
0346 1.2744095981255925e-04 3.5143414160089504e-04
0347 1.2744262528481101e-04 3.5135782692900759e-04
0348 1.2744429209341136e-04 3.5128161973810410e-04
0349 1.2744596023811887e-04 3.5120546190381868e-04
0350 1.2744762971894272e-04 3.5112946269142195e-04
0351 1.2744930053573941e-04 3.5105358421796636e-04
0352 1.2745097268828881e-04 3.5097779359397692e-04
0353 1.2745264617667707e-04 3.5090213319415915e-04
0354 1.2745432100062809e-04 3.5082660484719397e-04
0355 1.2745599716010395e-04 3.5075110284924339e-04
0356 1.2745767465491460e-04 3.5067578058424622e-04
0357 1.2745935348496898e-04 3.5060057040937101e-04
0358 1.2746103365000750e-04 3.5052539375106417e-04
0359 1.2746271515025470e-04 3.5045040460280702e-04
0360 1.2746439798518770e-04 3.5037551216537233e-04
0361 1.2746608215511115e-04 3.5030065558499287e-04
0362 1.2746776765945426e-04 3.5022596270317891e-04
0363 1.2746945449881034e-04 3.5015132795490118e-04
0364 1.2747114267236791e-04 3.5007688134659591e-04
0365 1.2747283218017571e-04 3.5000252577687871e-04
0366 1.2747452302224629e-04 3.4992819961878727e-04
0367 1.2747621519839544e-04 3.4985407071104425e-04
0368 1.2747790870873567e-04 3.4977999805641560e-04
0369 1.2747960355289311e-04 3.4970600692413453e-04
0370 1.2748129973063444e-04 3.4963214313090443e-04
0371 1.2748299724227535e-04 3.4955836699790475e-04
0372 1.2748469608745908e-04 3.4948477450798341e-04
0373 1.2748639626613826e-04 3.4941121112486877e-04
0374 1.2748809777819416e-04 3.4933774888725041e-04
0375 1.2748980062338462e-04 3.4926443618570828e-04
0376 1.2749150480183039e-04 3.4919121643910812e-04
0377 1.2749321031334400e-04 3.4911809314506370e-04
0378 1.2749491715781475e-04 3.4904505251962177e-04
0379 1.2749662533501825e-04 3.4897211871086207e-04
0380 1.2749833484504942e-04 3.4889936963120879e-04
0381 1.2750004568772146e-04 3.4882664829619434e-04
0382 1.2750175786298610e-04 3.4875401567250247e-04
0383 1.2750347137068866e-04 3.4868150728149350e-04
0384 1.2750518621074030e-04 3.4860910294344576e-04
0385 1.2750690238294524e-04 3.4853682677213755e-04
0386 1.2750861988731704e-04 3.4846467246564381e-04
0387 1.2751033872368704e-04 3.4839251369730485e-04
0388 1.2751205889222322e-04 3.4832049998557302e-04
0389 1.2751378039256033e-04 3.4824856459425476e-04
0390 1.2751550322442676e-04 3.4817678190227238e-04
0391 1.2751722738808477e-04 3.4810502939951139e-04
0392 1.2751895288330524e-04 3.4803342121856115e-04
0393 1.2752067971010068e-04 3.4796194528061744e-04
0394 1.2752240786812209e-04 3.4789052322576979e-04
0395 1.2752413735748325e-04 3.4781920141282693e-04
0396 1.2752586817806551e-04 3.4774796952893351e-04
0397 1.2752760032953790e-04 3.4767685566642915e-04
0398 1.2752933381209879e-04 3.4760582717088340e-04
0399 1.2753106862567582e-04 3.4753491285478209e-04
0400 1.2753280477009759e-04 3.4746410230997323e-04
0401 1.2753454224494236e-04 3.4739333496472988e-04
0402 1.2753628105063069e-04 3.4732275036483131e-04
0403 1.2753802118673752e-04 3.4725224816623538e-04
0404 1.2753976265327536e-04 3.4718183980249768e-04
0405 1.2754150545006673e-04 3.4711145214782855e-04
0406 1.2754324957726162e-04 3.4704120355738967e-04
0407 1.2754499503443264e-04 3.4697105172486935e-04
0408 1.2754674182156685e-04 3.4690099367190851e-04
0409 1.2754848993900926e-04 3.4683106513139596e-04
0410 1.2755023938627121e-04 3.4676121165025072e-04
0411 1.2755199016317893e-04 3.4669141614415900e-04
0412 1.2755374226962118e-04 3.4662174777289642e-04
0413 1.2755549570583316e-04 3.4655214971083485e-04
0414 1.2755725047154835e-04 3.4648272104307145e-04
0415 1.2755900656653610e-04 3.4641327222863932e-04
0416 1.2756076399101732e-04 3.4634395060665664e-04
0417 1.2756252274469045e-04 3.4627475610521098e-04
0418 1.2756428282721045e-04 3.4620568299851623e-04
0419 1.2756604423907992e-04 3.4613668727350447e-04
0420 1.2756780697951588e-04 3.4606771737606408e-04
0421 1.2756957104902248e-04 3.4599887509333279e-04
0422 1.2757133644727934e-04 3.4593009821671372e-04
0423 1.2757310317398465e-04 3.4586145319493464e-04
0424 1.2757487122949773e-04 3.4579291528904772e-04
0425 1.2757664061331946e-04 3.4572450197040795e-04
0426 1.2757841132555314e-04 3.4565610956925093e-04
0427 1.2758018336600805e-04 3.4558778759530718e-04
0428 1.2758195673465275e-04 3.4551962262447506e-04
0429 1.2758373143125401e-04 3.4545150002243262e-04
0430 1.2758550745594575e-04 3.4538350638652781e-04
0431 1.2758728480846592e-04 3.4531555278284902e-04
0432 1.2758906348873865e-04 3.4524769912976127e-04
0433 1.2759084349663744e-04 3.4517990936449921e-04
0434 1.2759262483201872e-04 3.4511225757426049e-04
0435 1.2759440749499386e-04 3.4504469794636089e-04
0436 1.2759619148539116e-04 3.4497723476365464e-04
0437 1.2759797680294522e-04 3.4490983489399971e-04
0438 1.2759976344757252e-04 3.4484258540682099e-04
0439 1.2760155141943732e-04 3.4477537515654669e-04
0440 1.2760334071807192e-04 3.4470825140477991e-04
0441 1.2760513134361655e-04 3.4464121849273342e-04
0442 1.2760692329592815e-04 3.4457427029738918e-04
0443 1.2760871657484406e-04 3.4450744810614797e-04
0444 1.2761051118030168e-04 3.4444063243513351e-04
0445 1.2761230711196231e-04 3.4437389568863148e-04
0446 1.2761410437021859e-04 3.4430729786785405e-04
0447 1.2761590295454195e-04 3.4424077463733312e-04
0448 1.2761770286490946e-04 3.4417433660656184e-04
0449 1.2761950410131821e-04 3.4410800644344417e-04
0450 1.2762130666342568e-04 3.4404171981878401e-04
0451 1.2762311055141787e-04 3.4397554469709477e-04
0452 1.2762491576506283e-04 3.4390946326595038e-04
0453 1.2762672230418189e-04 3.4384351744730460e-04
0454 1.2762853016857456e-04 3.4377760890483451e-04
0455 1.2763033935833681e-04 3.4371176071387505e-04
0456 1.2763214987317323e-04 3.4364600772117897e-04
0457 1.2763396171310061e-04 3.4358036267747433e-04
0458 1.2763577487797569e-04 3.4351482062209345e-04
0459 1.2763758936757877e-04 3.4344932324184861e-04
0460 1.2763940518177493e-04 3.4338394596887311e-04
0461 1.2764122232052162e-04 3.4331860994348039e-04
0462 1.2764304078386431e-04 3.4325337269514050e-04
0463 1.2764486057123079e-04 3.4318822113557575e-04
0464 1.2764668168287663e-04 3.4312317915779014e-04
0465 1.2764850411857003e-04 3.4305826547521921e-04
0466 1.2765032787826738e-04 3.4299337786118352e-04
0467 1.2765215296138622e-04 3.4292856503211289e-04
0468 1.2765397936841195e-04 3.4286389561986197e-04
0469 1.2765580709886231e-04 3.4279925460170568e-04
0470 1.2765763615265794e-04 3.4273471427417900e-04
0471 1.2765946652955996e-04 3.4267028403516648e-04
0472 1.2766129822958821e-04 3.4260589034466925e-04
0473 1.2766313125279796e-04 3.4254156679645425e-04
0474 1.2766496559848614e-04 3.4247732873717940e-04
0475 1.2766680126690102e-04 3.4241324009775089e-04
0476 1.2766863825800908e-04 3.4234920693293025e-04
0477 1.2767047657116629e-04 3.4228522231864614e-04
0478 1.2767231620682378e-04 3.4222133034365746e-04
0479 1.2767415716437099e-04 3.4215753602158985e-04
0480 1.2767599944403047e-04 3.4209387434246515e-04
0481 1.2767784304517187e-04 3.4203025326924011e-04
0482 1.2767968796826602e-04 3.4196667390629071e-04
0483 1.2768153421259309e-04 3.4190318615923078e-04
0484 1.2768338177825291e-04 3.4183980333808912e-04
0485 1.2768523066505446e-04 3.4177653604627818e-04
0486 1.2768708087296384e-04 3.4171331886559506e-04
0487 1.2768893240160090e-04 3.4165020230301384e-04
0488 1.2769078525087693e-04 3.4158718712443343e-04
0489 1.2769263942076221e-04 3.4152422105800275e-04
0490 1.2769449491097822e-04 3.4146134022131677e-04
0491 1.2769635172145153e-04 3.4139858061484372e-04
0492 1.2769820985184370e-04 3.4133587900098426e-04
0493 1.2770006930196666e-04 3.4127328353665733e-04
0494 1.2770193007180056e-04 3.4121072035047664e-04
0495 1.2770379216145471e-04 3.4114826819237271e-04
0496 1.2770565557029123e-04 3.4108587342763548e-04
0497 1.2770752029819227e-04 3.4102361973800557e-04
0498 1.2770938634518923e-04 3.4096136302410446e-04
0499 1.2771125371089496e-04 3.4089926824215389e-04
0500 1.2771312239537693e-04 3.4083722746714839e-04
0501 1.2771499239823921e-04 3.4077522391367675e-04
0502 1.2771686371959562e-04 3.4071332921598057e-04
0503 1.2771873635877886e-04 3.4065155261123100e-04
0504 1.2772061031600333e-04 3.4058989785772000e-04
0505 1.2772248559088684e-04 3.4052823500836714e-04
0506 1.2772436218342275e-04 3.4046667311823285e-04
0507 1.2772624009339134e-04 3.4040525161480327e-04
0508 1.2772811932037855e-04 3.4034380798659024e-04
0509 1.2772999986445453e-04 3.4028252629498689e-04
0510 1.2773188172514495e-04 3.4022128278666462e-04
0511 1.2773376490284751e-04 3.4016013706855518e-04
0512 1.2773564939671359e-04 3.4009908068241296e-04
0513 1.2773753520671670e-04 3.4003809385296021e-04
0514 1.2773942233296654e-04 3.3997722658196325e-04
0515 1.2774131077500879e-04 3.3991641683022290e-04
0516 1.2774320053279570e-04 3.3985569669837674e-04
0517 1.2774509160578461e-04 3.3979504913575584e-04
0518 1.2774698399410680e-04 3.3973446089625097e-04
0519 1.2774887769752673e-04 3.3967400690761900e-04
0520 1.2775077271575359e-04 3.3961364117088445e-04
0521 1.2775266904880859e-04 3.3955335900857334e-04
0522 1.2775456669599915e-04 3.3949310040401243e-04
0523 1.2775646565759652e-04 3.3943293711241482e-04
0524 1.2775836593316526e-04 3.3937285799465699e-04
0525 1.2776026752271788e-04 3.3931287710071815e-04
0526 1.2776217042581743e-04 3.3925291571102535e-04
0527 1.2776407464231614e-04 3.3919306821148898e-04
0528 1.2776598017198953e-04 3.3913333420116482e-04
0529 1.2776788701463566e-04 3.3907362078094576e-04
0530 1.2776979517008596e-04 3.3901406759752638e-04
0531 1.2777170463814053e-04 3.3895458325845432e-04
0532 1.2777361541853482e-04 3.3889516197878604e-04
0533 1.2777552751109235e-04 3.3883584107688626e-04
0534 1.2777744091561183e-04 3.3877653473284215e-04
0535 1.2777935563174154e-04 3.3871741620871044e-04
0536 1.2778127165952329e-04 3.3865830457149079e-04
0537 1.2778318899840991e-04 3.3859928271758906e-04
0538 1.2778510764849591e-04 3.3854030831311291e-04
0539 1.2778702760946363e-04 3.3848146057913772e-04
0540 1.2778894888102650e-04 3.3842267266984355e-04
0541 1.2779087146290330e-04 3.3836395232580426e-04
0542 1.2779279535509250e-04 3.3830536729543236e-04
0543 1.2779472055726512e-04 3.3824684571263219e-04
0544 1.2779664706902581e-04 3.3818841173411144e-04
0545 1.2779857489047039e-04 3.3813001557158603e-04
0546 1.2780050402117678e-04 3.3807164447319856e-04
0547 1.2780243446098858e-04 3.3801345408964205e-04
0548 1.2780436620963268e-04 3.3795532976796226e-04
0549 1.2780629926693510e-04 3.3789729052790824e-04
0550 1.2780823363271130e-04 3.3783926292089295e-04
0551 1.2781016930661366e-04 3.3778136613004398e-04
0552 1.2781210628845901e-04 3.3772352002772331e-04
0553 1.2781404457801705e-04 3.3766572537787068e-04
0554 1.2781598417528387e-04 3.3760808042059974e-04
0555 1.2781792507981477e-04 3.3755056603057023e-04
0556 1.2781986729126522e-04 3.3749307748483481e-04
0557 1.2782181080957480e-04 3.3743564981032997e-04
0558 1.2782375563437340e-04 3.3737831270063551e-04
0559 1.2782570176572680e-04 3.3732108943046376e-04
0560 1.2782764920329963e-04 3.3726384870347742e-04
0561 1.2782959794667260e-04 3.3720673887913436e-04
0562 1.2783154799573556e-04 3.3714968532433598e-04
0563 1.2783349935040003e-04 3.3709275678994261e-04
0564 1.2783545201025282e-04 3.3703586234582009e-04
0565 1.2783740597501327e-04 3.3697903902349770e-04
0566 1.2783936124478810e-04 3.3692232067160420e-04
0567 1.2784131781884797e-04 3.3686569507748840e-04
0568 1.2784327569755340e-04 3.3680915291357723e-04
0569 1.2784523488017452e-04 3.3675259243041755e-04
0570 1.2784719536669439e-04 3.3669619312343358e-04
0571 1.2784915715679854e-04 3.3663985987065142e-04
0572 1.2785112025046720e-04 3.3658365656853874e-04
0573 1.2785308464720983e-04 3.3652739737156733e-04
0574 1.2785505034695557e-04 3.3647130354122641e-04
0575 1.2785701734961477e-04 3.3641531468402890e-04
0576 1.2785898565459414e-04 3.3635927665155800e-04
0577 1.2786095526194229e-04 3.3630338874525163e-04
0578 1.2786292617131763e-04 3.3624758377033293e-04
0579 1.2786489838259523e-04 3.3619185093303552e-04
0580 1.2786687189527226e-04 3.3613616644807999e-04
0581 1.2786884670964503e-04 3.3608059302116510e-04
0582 1.2787082282504259e-04 3.3602513322863970e-04
0583 1.2787280024122334e-04 3.3596967829522677e-04
0584 1.2787477895834047e-04 3.3591433570426754e-04
0585 1.2787675897593304e-04 3.3585904041878370e-04
0586 1.2787874029363840e-04 3.3580384347157424e-04
0587 1.2788072291138007e-04 3.3574869546494662e-04
0588 1.2788270682893057e-04 3.3569369566348626e-04
0589 1.2788469204618190e-04 3.3563873482158983e-04
0590 1.2788667856280500e-04 3.3558377891155220e-04
0591 1.2788866637836329e-04 3.3552895608216339e-04
0592 1.2789065549308865e-04 3.3547419027752816e-04
0593 1.2789264590626684e-04 3.3541950715761662e-04
0594 1.2789463761812459e-04 3.3536488717037687e-04
0595 1.2789663062833122e-04 3.3531032430603370e-04
0596 1.2789862493634848e-04 3.3525587690513327e-04
0597 1.2790062054230671e-04 3.3520146145030394e-04
0598 1.2790261744586066e-04 3.3514712933506148e-04
0599 1.2790461564672799e-04 3.3509280965051606e-04
0600 1.2790661514483021e-04 3.3503865391905818e-04
