# step du_rel dp_rel
# u_rtol 1.0000000000000000e-04
# p_rtol 1.0000000000000000e-03
0001 1.3437135580203212e-04 2.1281169672154730e-02
0002 1.3437458389632890e-04 1.9343659080441687e-02
0003 1.3437790282507626e-04 1.7555545739344168e-02
0004 1.3438128679160889e-04 1.5910678168930107e-02
0005 1.3438471969876191e-04 1.4401673947863741e-02
0006 1.3438819118604103e-04 1.3020470450647293e-02
0007 1.3439169432716562e-04 1.1758712592639530e-02
0008 1.3439522428457671e-04 1.0608023241746523e-02
0009 1.3439877751594945e-04 9.5601880319040791e-03
0010 1.3440235130394654e-04 8.6072787243978242e-03
0011 1.3440594347352295e-04 7.7417321594631557e-03
0012 1.3440955222110041e-04 6.9563968252588752e-03
0013 1.3441317600948195e-04 6.2445563311643009e-03
0014 1.3441681350129722e-04 5.5999386930292178e-03
0015 1.3442046351631678e-04 5.0167112917787714e-03
0016 1.3442412500266061e-04 4.4894714464724979e-03
0017 1.3442779701660102e-04 4.0132291685245538e-03
0018 1.3443147870846448e-04 3.5833886477194144e-03
0019 1.3443516931038903e-04 3.1957267637793027e-03
0020 1.3443886812753648e-04 2.8463716799173688e-03
0021 1.3444257453050290e-04 2.5317792949957662e-03
0022 1.3444628794855422e-04 2.2487131963332962e-03
0023 1.3445000786421545e-04 1.9942225283631617e-03
0024 1.3445373380752048e-04 1.7656222073199933e-03
0025 1.3445746535191923e-04 1.5604749711258181e-03
0026 1.3446120211026884e-04 1.3765719869390271e-03
0027 1.3446494373016568e-04 1.2119190709241139e-03
0028 1.3446868989204486e-04 1.0647212056696866e-03
0029 1.3447244030468007e-04 9.3337053137940531e-04
0030 1.3447619470307844e-04 8.1643595508502996e-04
0031 1.3447995284623115e-04 7.1265422690135595e-04
0032 1.3448371451419252e-04 6.2092461165136380e-04
0033 1.3448747950673854e-04 5.4030445981209153e-04
0034 1.3449124764055339e-04 4.7000508082218928e-04
0035 1.3449501874879380e-04 4.0938684075815523e-04
0036 1.3449879267895732e-04 3.5794726858970989e-04
0037 1.3450256929093573e-04 3.1529229636798072e-04
0038 1.3450634845701650e-04 2.8108065548603948e-04
0039 1.3451013006009985e-04 2.5493131134028490e-04
0040 1.3451391399247988e-04 2.3630973779375169e-04
0041 1.3451770015566873e-04 2.2443719904586827e-04
0042 1.3452148845876445e-04 2.1828367523995076e-04
0043 1.3452527881886294e-04 2.1666582835051793e-04
0044 1.3452907115882890e-04 2.1840097961086202e-04
0045 1.3453286540848240e-04 2.2243988989905956e-04
0046 1.3453666150253568e-04 2.2793462237799154e-04
0047 1.3454045938109311e-04 2.3424653387709449e-04
0048 1.3454425898868911e-04 2.4091937946852513e-04
0049 1.3454806027442725e-04 2.4764053790516440e-04
0050 1.3455186319087062e-04 2.5420447482913056e-04
0051 1.3455566769451918e-04 2.6048214962175767e-04
0052 1.3455947374493371e-04 2.6639803015746121e-04
0053 1.3456328130484756e-04 2.7191355400529773e-04
0054 1.3456709033922621e-04 2.7701441234414224e-04
0055 1.3457090081643640e-04 2.8170323729545250e-04
0056 1.3457471270642999e-04 2.8599256317889322e-04
0057 1.3457852598195084e-04 2.8990191122657549e-04
0058 1.3458234061724286e-04 2.9345409966481179e-04
0059 1.3458615658842201e-04 2.9667382400951954e-04
0060 1.3458997387350206e-04 2.9958640213645973e-04
0061 1.3459379245222956e-04 3.0221669125433411e-04
0062 1.3459761230545978e-04 3.0458879489898735e-04
0063 1.3460143341535789e-04 3.0672493934720394e-04
0064 1.3460525576562305e-04 3.0864692990212604e-04
0065 1.3460907934090510e-04 3.1037437821709185e-04
0066 1.3461290412704850e-04 3.1192526525701222e-04
0067 1.3461673011080341e-04 3.1331667041990992e-04
0068 1.3462055727974734e-04 3.1456365358197426e-04
0069 1.3462438562257488e-04 3.1568037156096010e-04
0070 1.3462821512856364e-04 3.1667944228600892e-04
0071 1.3463204578795761e-04 3.1757241799518232e-04
0072 1.3463587759112762e-04 3.1836969543424783e-04
0073 1.3463971052992202e-04 3.1908068771887188e-04
0074 1.3464354459614020e-04 3.1971413914962370e-04
0075 1.3464737978227377e-04 3.2027724127948819e-04
0076 1.3465121608153332e-04 3.2077739500174611e-04
0077 1.3465505348734413e-04 3.2122061714659440e-04
0078 1.3465889199372919e-04 3.2161265076110395e-04
0079 1.3466273159521067e-04 3.2195843303912611e-04
0080 1.3466657228630678e-04 3.2226261554050748e-04
0081 1.3467041406233548e-04 3.2252935033084517e-04
0082 1.3467425691887411e-04 3.2276234307915920e-04
0083 1.3467810085166868e-04 3.2296473624641097e-04
0084 1.3468194585674812e-04 3.2313983157085537e-04
0085 1.3468579193052932e-04 3.2329037744124357e-04
0086 1.3468963906953106e-04 3.2341882916257704e-04
0087 1.3469348727070563e-04 3.2352726173221386e-04
0088 1.3469733653127415e-04 3.2361756246864062e-04
0089 1.3470118684834415e-04 3.2369176481396772e-04
0090 1.3470503821952663e-04 3.2375147191263830e-04
0091 1.3470889064247973e-04 3.2379807199599790e-04
0092 1.3471274411480964e-04 3.2383290256940856e-04
0093 1.3471659863494554e-04 3.2385726347943400e-04
0094 1.3472045420035353e-04 3.2387185711706725e-04
0095 1.3472431080991903e-04 3.2387819937229248e-04
0096 1.3472816846185894e-04 3.2387676586811959e-04
0097 1.3473202715482546e-04 3.2386858728264108e-04
0098 1.3473588688716083e-04 3.2385407569304064e-04
0099 1.3473974765770670e-04 3.2383441478418443e-04
0100 1.3474360946549903e-04 3.2380949220727509e-04
0101 1.3474747230933008e-04 3.2378037545200777e-04
0102 1.3475133618819570e-04 3.2374763709788626e-04
0103 1.3475520110114270e-04 3.2371133444347299e-04
0104 1.3475906704759187e-04 3.2367205709855624e-04
0105 1.3476293402640418e-04 3.2362996478625780e-04
0106 1.3476680203723264e-04 3.2358554991351364e-04
0107 1.3477067107918320e-04 3.2353921154151940e-04
0108 1.3477454115209185e-04 3.2349103698383198e-04
0109 1.3477841225503456e-04 3.2344129474327752e-04
0110 1.3478228438774321e-04 3.2339014333035069e-04
0111 1.3478615754979243e-04 3.2333810727419685e-04
0112 1.3479003174053409e-04 3.2328492721217712e-04
0113 1.3479390696019374e-04 3.2323104943110092e-04
0114 1.3479778320780138e-04 3.2317642542156787e-04
0115 1.3480166048368406e-04 3.2312137381457798e-04
0116 1.3480553878762294e-04 3.2306598039110189e-04
0117 1.3480941811900917e-04 3.2301041002760512e-04
0118 1.3481329847786779e-04 3.2295429173866607e-04
0119 1.3481717986416831e-04 3.2289814866216831e-04
0120 1.3482106227783434e-04 3.2284204453311293e-04
0121 1.3482494571882383e-04 3.2278600393428414e-04
0122 1.3482883018704420e-04 3.2272981668117202e-04
0123 1.3483271568228699e-04 3.2267403455299302e-04
0124 1.3483660220491451e-04 3.2261849010921975e-04
0125 1.3484048975463933e-04 3.2256319232570559e-04
0126 1.3484437833163467e-04 3.2250814078737860e-04
0127 1.3484826793613638e-04 3.2245340083141694e-04
0128 1.3485215856801782e-04 3.2239906874082197e-04
0129 1.3485605022750817e-04 3.2234522675153316e-04
0130 1.3485994291453915e-04 3.2229173659957115e-04
0131 1.3486383662940921e-04 3.2223865839876121e-04
0132 1.3486773137239995e-04 3.2218622480338762e-04
0133 1.3487162714336860e-04 3.2213413589060944e-04
0134 1.3487552394265260e-04 3.2208251057072384e-04
0135 1.3487942177059655e-04 3.2203149170629631e-04
0136 1.3488332062708939e-04 3.2198107827808529e-04
0137 1.3488722051266909e-04 3.2193117592118714e-04
0138 1.3489112142751317e-04 3.2188167374217223e-04
0139 1.3489502337160687e-04 3.2183290094760675e-04
0140 1.3489892634537234e-04 3.2178457410052036e-04
0141 1.3490283034918980e-04 3.2173710401187187e-04
0142 1.3490673538314474e-04 3.2169002552104000e-04
0143 1.3491064144768289e-04 3.2164353680801805e-04
0144 1.3491454854301524e-04 3.2159773415818001e-04
0145 1.3491845666951886e-04 3.2155242768595573e-04
0146 1.3492236582712539e-04 3.2150775355556876e-04
0147 1.3492627601685057e-04 3.2146376039581508e-04
0148 1.3493018723841795e-04 3.2142024005135753e-04
0149 1.3493409949256061e-04 3.2137738333936066e-04
0150 1.3493801277925969e-04 3.2133501334703080e-04
0151 1.3494192709931688e-04 3.2129336798062758e-04
0152 1.3494584245253062e-04 3.2125230723338029e-04
0153 1.3494975883979996e-04 3.2121191444136948e-04
0154 1.3495367626110879e-04 3.2117207987111617e-04
0155 1.3495759471704850e-04 3.2113276551519010e-04
0156 1.3496151420803931e-04 3.2109413215949815e-04
0157 1.3496543473407938e-04 3.2105606548735166e-04
0158 1.3496935629602583e-04 3.2101839057484223e-04
0159 1.3497327889408587e-04 3.2098149874928435e-04
0160 1.3497720252853018e-04 3.2094531570624803e-04
0161 1.3498112719987184e-04 3.2090958885212659e-04
0162 1.3498505290859684e-04 3.2087430894745027e-04
0163 1.3498897965514710e-04 3.2083984964336278e-04
0164 1.3499290743970962e-04 3.2080570192271458e-04
0165 1.3499683626294853e-04 3.2077229231969827e-04
0166 1.3500076612510680e-04 3.2073934983664826e-04
0167 1.3500469702672994e-04 3.2070694177810318e-04
0168 1.3500862896807019e-04 3.2067500117729305e-04
0169 1.3501256194977336e-04 3.2064359299808885e-04
0170 1.3501649597196861e-04 3.2061290674397072e-04
0171 1.3502043103551719e-04 3.2058261408480869e-04
0172 1.3502436714059858e-04 3.2055303298348899e-04
0173 1.3502830428757944e-04 3.2052378733240004e-04
0174 1.3503224247708113e-04 3.2049496883286750e-04
0175 1.3503618170927626e-04 3.2046682121192191e-04
0176 1.3504012198500536e-04 3.2043915363625682e-04
0177 1.3504406330449681e-04 3.2041196555622741e-04
0178 1.3504800566804746e-04 3.2038532289641161e-04
0179 1.3505194907639594e-04 3.2035898402182130e-04
0180 1.3505589352973967e-04 3.2033329091628055e-04
0181 1.3505983902863800e-04 3.2030794430278428e-04
0182 1.3506378557329990e-04 3.2028310839717647e-04
0183 1.3506773316467925e-04 3.2025879265688666e-04
0184 1.3507168180285108e-04 3.2023472217143401e-04
0185 1.3507563148822436e-04 3.2021123280415024e-04
0186 1.3507958222145602e-04 3.2018813995822530e-04
0187 1.3508353400279804e-04 3.2016554245464633e-04
0188 1.3508748683266374e-04 3.2014320947762654e-04
0189 1.3509144071164949e-04 3.2012149362969634e-04
0190 1.3509539564018775e-04 3.2010028377549055e-04
0191 1.3509935161863567e-04 3.2007936290126657e-04
0192 1.3510330864752922e-04 3.2005873845038820e-04
0193 1.3510726672704402e-04 3.2003861564560478e-04
0194 1.3511122585792377e-04 3.2001884462835531e-04
0195 1.3511518604030924e-04 3.1999943225485692e-04
0196 1.3511914727493168e-04 3.1998044742106248e-04
0197 1.3512310956195406e-04 3.1996170051486552e-04
0198 1.3512707290198788e-04 3.1994336205026720e-04
0199 1.3513103729547563e-04 3.1992557839868223e-04
0200 1.3513500274243300e-04 3.1990808412836247e-04
0201 1.3513896924390969e-04 3.1989083137239945e-04
0202 1.3514293679972266e-04 3.1987388866256040e-04
0203 1.3514690541062687e-04 3.1985741518464762e-04
0204 1.3515087507682682e-04 3.1984105592632088e-04
0205 1.3515484579895937e-04 3.1982514106716748e-04
0206 1.3515881757734453e-04 3.1980955894177036e-04
0207 1.3516279041205626e-04 3.1979430278889176e-04
0208 1.3516676430402549e-04 3.1977928166965702e-04
0209 1.3517073925336864e-04 3.1976462781132208e-04
0210 1.3517471526040383e-04 3.1975017991547238e-04
0211 1.3517869232568413e-04 3.1973614506852148e-04
0212 1.3518267044941714e-04 3.1972236499576353e-04
0213 1.3518664963201081e-04 3.1970897851135445e-04
0214 1.3519062987388990e-04 3.1969563954898061e-04
0215 1.3519461117541542e-04 3.1968258931195585e-04
0216 1.3519859353697443e-04 3.1966979150883999e-04
0217 1.3520257695885597e-04 3.1965732915998220e-04
0218 1.3520656144151979e-04 3.1964490421142856e-04
0219 1.3521054698512278e-04 3.1963304458038896e-04
0220 1.3521453359017585e-04 3.1962122613383759e-04
0221 1.3521852125690479e-04 3.1960971310085738e-04
0222 1.3522250998577876e-04 3.1959852125521308e-04
0223 1.3522649977708900e-04 3.1958737618636686e-04
0224 1.3523049063110607e-04 3.1957647240644298e-04
0225 1.3523448254810296e-04 3.1956590960362767e-04
0226 1.3523847552850176e-04 3.1955541981936223e-04
0227 1.3524246957264841e-04 3.1954523328978443e-04
0228 1.3524646468077994e-04 3.1953524635302812e-04
0229 1.3525046085320576e-04 3.1952550259889130e-04
0230 1.3525445809027707e-04 3.1951591521462845e-04
0231 1.3525845639207013e-04 3.1950613758485361e-04
0232 1.3526245575911619e-04 3.1949682749694543e-04
0233 1.3526645619155040e-04 3.1948787043274750e-04
0234 1.3527045768998674e-04 3.1947914706980589e-04
0235 1.3527446025417470e-04 3.1947044891217352e-04
0236 1.3527846388467293e-04 3.1946185083602218e-04
0237 1.3528246858183262e-04 3.1945336000344365e-04
0238 1.3528647434574568e-04 3.1944509178897856e-04
0239 1.3529048117661769e-04 3.1943708605348389e-04
0240 1.3529448907491622e-04 3.1942910541200902e-04
0241 1.3529849804073195e-04 3.1942138004113156e-04
0242 1.3530250807440098e-04 3.1941373512255978e-04
0243 1.3530651917614440e-04 3.1940641964632002e-04
0244 1.3531053134597823e-04 3.1939904877978690e-04
0245 1.3531454458425054e-04 3.1939185621788108e-04
0246 1.3531855889143416e-04 3.1938485846968057e-04
0247 1.3532257426733939e-04 3.1937800035126133e-04
0248 1.3532659071255449e-04 3.1937113688978959e-04
0249 1.3533060822692406e-04 3.1936439808657996e-04
0250 1.3533462681100748e-04 3.1935780828664740e-04
0251 1.3533864646460571e-04 3.1935132403208664e-04
0252 1.3534266718835569e-04 3.1934502427188405e-04
0253 1.3534668898214583e-04 3.1933887582058545e-04
0254 1.3535071184631931e-04 3.1933285721949544e-04
0255 1.3535473578079281e-04 3.1932680711236141e-04
0256 1.3535876078576606e-04 3.1932090937260678e-04
0257 1.3536278686172439e-04 3.1931508414798337e-04
0258 1.3536681400862197e-04 3.1930944107390574e-04
0259 1.3537084222673201e-04 3.1930387112520919e-04
0260 1.3537487151621671e-04 3.1929844471141356e-04
0261 1.3537890187692591e-04 3.1929296140447615e-04
0262 1.3538293330928692e-04 3.1928771457929414e-04
0263 1.3538696581332429e-04 3.1928259199536353e-04
0264 1.3539099938935821e-04 3.1927744638108279e-04
0265 1.3539503403728258e-04 3.1927250393002282e-04
0266 1.3539906975735367e-04 3.1926758440235434e-04
0267 1.3540310654970542e-04 3.1926283490516454e-04
0268 1.3540714441430014e-04 3.1925798878179438e-04
0269 1.3541118335150216e-04 3.1925333876225769e-04
0270 1.3541522336122351e-04 3.1924887061470213e-04
0271 1.3541926444372027e-04 3.1924433298562718e-04
0272 1.3542330659929318e-04 3.1923992194466256e-04
0273 1.3542734982727311e-04 3.1923557551830040e-04
0274 1.3543139412844498e-04 3.1923118787924478e-04
0275 1.3543543950281689e-04 3.1922701659376222e-04
0276 1.3543948595042224e-04 3.1922286789390852e-04
0277 1.3544353347119814e-04 3.1921875485461758e-04
0278 1.3544758206539444e-04 3.1921476413097682e-04
0279 1.3545163173300711e-04 3.1921083673974824e-04
0280 1.3545568247413584e-04 3.1920697185947337e-04
0281 1.3545973428898434e-04 3.1920326026873007e-04
0282 1.3546378717741386e-04 3.1919951268754974e-04
0283 1.3546784113963487e-04 3.1919597934930937e-04
0284 1.3547189617571132e-04 3.1919247368771074e-04
0285 1.3547595228548742e-04 3.1918888019023036e-04
0286 1.3548000946934924e-04 3.1918540989610565e-04
0287 1.3548406772703075e-04 3.1918204158130518e-04
0288 1.3548812705889369e-04 3.1917866766467440e-04
0289 1.3549218746484611e-04 3.1917547453906228e-04
0290 1.3549624894475354e-04 3.1917213638751212e-04
0291 1.3550031149905085e-04 3.1916898690393893e-04
0292 1.3550437512757209e-04 3.1916602232128540e-04
0293 1.3550843983020920e-04 3.1916287239897593e-04
0294 1.3551250560714208e-04 3.1915978330413663e-04
0295 1.3551657245848374e-04 3.1915692355010089e-04
0296 1.3552064038418316e-04 3.1915397614568400e-04
0297 1.3552470938435208e-04 3.1915118645703362e-04
0298 1.3552877945882677e-04 3.1914843777057148e-04
0299 1.3553285060775446e-04 3.1914564412588681e-04
0300 1.3553692283133317e-04 3.1914301243622022e-04
0301 1.3554099612922454e-04 3.1914031588062112e-04
0302 1.3554507050159950e-04 3.1913769876735425e-04
0303 1.3554914594865716e-04 3.1913506944890622e-04
0304 1.3555322247016526e-04 3.1913260365752015e-04
0305 1.3555730006635817e-04 3.1913026275410449e-04
0306 1.3556137873696068e-04 3.1912777530169659e-04
0307 1.3556545848235409e-04 3.1912569462085152e-04
0308 1.3556953930212823e-04 3.1912333959064118e-04
0309 1.3557362119687305e-04 3.1912115390717065e-04
0310 1.3557770416587595e-04 3.1911899857440032e-04
0311 1.3558178820953094e-04 3.1911678947007236e-04
0312 1.3558587332807687e-04 3.1911481243034707e-04
0313 1.3558995952100804e-04 3.1911272881151329e-04
0314 1.3559404678862829e-04 3.1911097722429931e-04
0315 1.3559813513085921e-04 3.1910908230331828e-04
0316 1.3560222454779100e-04 3.1910717098628574e-04
0317 1.3560631503947324e-04 3.1910534843691731e-04
0318 1.3561040660558285e-04 3.1910338187927066e-04
0319 1.3561449924620844e-04 3.1910164423078175e-04
0320 1.3561859296148333e-04 3.1909998346695245e-04
0321 1.3562268775167924e-04 3.1909825994172041e-04
0322 1.3562678361609160e-04 3.1909680502443475e-04
0323 1.3563088055524631e-04 3.1909527965437846e-04
0324 1.3563497856896095e-04 3.1909357621242028e-04
0325 1.3563907765720064e-04 3.1909222212896636e-04
0326 1.3564317782006736e-04 3.1909069415146651e-04
0327 1.3564727905740560e-04 3.1908939195421783e-04
0328 1.3565138136939093e-04 3.1908816464818612e-04
0329 1.3565548475573549e-04 3.1908688619161987e-04
0330 1.3565958921685849e-04 3.1908562894875976e-04
0331 1.3566369475211462e-04 3.1908444878162625e-04
0332 1.3566780136213002e-04 3.1908332729611556e-04
0333 1.3567190904627732e-04 3.1908222174267391e-04
0334 1.3567601780507785e-04 3.1908117549647670e-04
0335 1.3568012763825462e-04 3.1908017126901412e-04
0336 1.3568423854583590e-04 3.1907918635435485e-04
0337 1.3568835052775289e-04 3.1907818698377263e-04
0338 1.3569246358409958e-04 3.1907723148851393e-04
0339 1.3569657771477517e-04 3.1907634561200620e-04
0340 1.3570069291969522e-04 3.1907553345211716e-04
0341 1.3570480919916175e-04 3.1907488710258196e-04
0342 1.3570892655253777e-04 3.1907425624583111e-04
0343 1.3571304498036335e-04 3.1907352046833142e-04
0344 1.3571716448245298e-04 3.1907282458024805e-04
0345 1.3572128505879891e-04 3.1907219967003978e-04
0346 1.3572540670930201e-04 3.1907182368931346e-04
0347 1.3572952943406404e-04 3.1907130383379290e-04
0348 1.3573365323274797e-04 3.1907079053985387e-04
0349 1.3573777810574052e-04 3.1907030210448679e-04
0350 1.3574190405273836e-04 3.1906984762016688e-04
0351 1.3574603107393033e-04 3.1906959915406708e-04
0352 1.3575015916918005e-04 3.1906942815370645e-04
0353 1.3575428833849273e-04 3.1906906745200790e-04
0354 1.3575841858178757e-04 3.1906878418024530e-04
0355 1.3576254989904076e-04 3.1906859414443698e-04
0356 1.3576668229029734e-04 3.1906839487715207e-04
0357 1.3577081575542936e-04 3.1906832027138031e-04
0358 1.3577495029458282e-04 3.1906829180463383e-04
0359 1.3577908590763768e-04 3.1906826739894813e-04
0360 1.3578322259456328e-04 3.1906836465211540e-04
0361 1.3578736035539730e-04 3.1906846980854199e-04
0362 1.3579149918980764e-04 3.1906851724183014e-04
0363 1.3579563909824890e-04 3.1906855380083320e-04
0364 1.3579978008043648e-04 3.1906870219510880e-04
0365 1.3580392213634852e-04 3.1906883798498483e-04
0366 1.3580806526604125e-04 3.1906907709132589e-04
0367 1.3581220946939801e-04 3.1906923489443615e-04
0368 1.3581635474649645e-04 3.1906947200969685e-04
0369 1.3582050109721405e-04 3.1906992340152349e-04
0370 1.3582464852154971e-04 3.1907035287484980e-04
0371 1.3582879701960730e-04 3.1907085752867005e-04
0372 1.3583294659123187e-04 3.1907124174410161e-04
0373 1.3583709723626028e-04 3.1907165973152845e-04
0374 1.3584124895499794e-04 3.1907202815923834e-04
0375 1.3584540174704755e-04 3.1907269319121265e-04
0376 1.3584955561294062e-04 3.1907330375394345e-04
0377 1.3585371055198258e-04 3.1907380135680200e-04
0378 1.3585786656454058e-04 3.1907454566030099e-04
0379 1.3586202365066402e-04 3.1907526380512932e-04
0380 1.3586618180998507e-04 3.1907592163518092e-04
0381 1.3587034104276706e-04 3.1907652223411116e-04
0382 1.3587450134886278e-04 3.1907726836946735e-04
0383 1.3587866272831307e-04 3.1907826689693525e-04
0384 1.3588282518105636e-04 3.1907896585625244e-04
0385 1.3588698870702399e-04 3.1907989994405710e-04
0386 1.3589115330622144e-04 3.1908083203547731e-04
0387 1.3589531897868607e-04 3.1908172612871231e-04
0388 1.3589948572423580e-04 3.1908274067687139e-04
0389 1.3590365354289812e-04 3.1908372164960163e-04
0390 1.3590782243491807e-04 3.1908479499056722e-04
0391 1.3591199239985669e-04 3.1908576123298706e-04
0392 1.3591616343798716e-04 3.1908680061154321e-04
0393 1.3592033554900927e-04 3.1908786290343736e-04
0394 1.3592450873329228e-04 3.1908909917273079e-04
0395 1.3592868299030266e-04 3.1909013410087679e-04
0396 1.3593285832033878e-04 3.1909127290250672e-04
0397 1.3593703472345367e-04 3.1909254240831665e-04
0398 1.3594121219929757e-04 3.1909392587783230e-04
0399 1.3594539074813380e-04 3.1909512102535579e-04
0400 1.3594957036970254e-04 3.1909640331783832e-04
0401 1.3595375106410944e-04 3.1909779517572237e-04
0402 1.3595793283135350e-04 3.1909915175777940e-04
0403 1.3596211567142415e-04 3.1910053827961549e-04
0404 1.3596629958389291e-04 3.1910194093347639e-04
0405 1.3597048456927670e-04 3.1910324722997309e-04
0406 1.3597467062732296e-04 3.1910480129188133e-04
0407 1.3597885775792622e-04 3.1910630138940257e-04
0408 1.3598304596106655e-04 3.1910768394859091e-04
0409 1.3598723523683103e-04 3.1910924466466574e-04
0410 1.3599142558499139e-04 3.1911084083558470e-04
0411 1.3599561700568957e-04 3.1911249020708660e-04
0412 1.3599980949871658e-04 3.1911411105675267e-04
0413 1.3600400306423884e-04 3.1911576143551270e-04
0414 1.3600819770204805e-04 3.1911720222699042e-04
0415 1.3601239341222608e-04 3.1911896807851537e-04
0416 1.3601659019457920e-04 3.1912062190733145e-04
0417 1.3602078804906092e-04 3.1912225386574854e-04
0418 1.3602498697584464e-04 3.1912403102639473e-04
0419 1.3602918697502633e-04 3.1912580121644033e-04
0420 1.3603338804576664e-04 3.1912759851104075e-04
0421 1.3603759018889337e-04 3.1912948041029458e-04
0422 1.3604179340375960e-04 3.1913113755142951e-04
0423 1.3604599769078787e-04 3.1913300310392335e-04
0424 1.3605020304962288e-04 3.1913485461253162e-04
0425 1.3605440948031956e-04 3.1913685966211778e-04
0426 1.3605861698275324e-04 3.1913878782332958e-04
0427 1.3606282555699161e-04 3.1914075306111443e-04
0428 1.3606703520297164e-04 3.1914272222720416e-04
0429 1.3607124592046222e-04 3.1914454150310662e-04
0430 1.3607545770941802e-04 3.1914664049280064e-04
0431 1.3607967057022892e-04 3.1914864132323053e-04
0432 1.3608388450215002e-04 3.1915071500317779e-04
0433 1.3608809950555159e-04 3.1915273284395572e-04
0434 1.3609231558029064e-04 3.1915472408856134e-04
0435 1.3609653272630322e-04 3.1915682348695931e-04
0436 1.3610075094381370e-04 3.1915901331174419e-04
0437 1.3610497023182352e-04 3.1916115036107726e-04
0438 1.3610919059149317e-04 3.1916335033806977e-04
0439 1.3611341202168583e-04 3.1916553059796769e-04
0440 1.3611763452306788e-04 3.1916768363706187e-04
0441 1.3612185809511006e-04 3.1916990680018763e-04
0442 1.3612608273821141e-04 3.1917213653846256e-04
0443 1.3613030845180082e-04 3.1917433078956770e-04
0444 1.3613453523619892e-04 3.1917658431780617e-04
0445 1.3613876309099800e-04 3.1917894156717323e-04
0446 1.3614299201615673e-04 3.1918129554736656e-04
0447 1.3614722201187111e-04 3.1918368771519914e-04
0448 1.3615145307788071e-04 3.1918618725968530e-04
0449 1.3615568521407973e-04 3.1918848746789448e-04
0450 1.3615991842033193e-04 3.1919084365682855e-04
0451 1.3616415269672945e-04 3.1919309236125754e-04
0452 1.3616838804293620e-04 3.1919565154570436e-04
0453 1.3617262445910012e-04 3.1919805953299786e-04
0454 1.3617686194503166e-04 3.1920054283188394e-04
0455 1.3618110050023371e-04 3.1920292562980277e-04
0456 1.3618534012542683e-04 3.1920545417655973e-04
0457 1.3618958082005014e-04 3.1920809861089037e-04
0458 1.3619382258390442e-04 3.1921063265785091e-04
0459 1.3619806541716986e-04 3.1921323224893026e-04
0460 1.3620230931936755e-04 3.1921577197782230e-04
0461 1.3620655429059345e-04 3.1921834394544945e-04
0462 1.3621080033096063e-04 3.1922118128031098e-04
0463 1.3621504744005213e-04 3.1922366678640353e-04
0464 1.3621929561768610e-04 3.1922627469382507e-04
0465 1.3622354486402517e-04 3.1922892859375572e-04
0466 1.3622779517903763e-04 3.1923173701943334e-04
0467 1.3623204656230549e-04 3.1923447181114896e-04
0468 1.3623629901356209e-04 3.1923724446801988e-04
0469 1.3624055253304605e-04 3.1923999976417951e-04
0470 1.3624480712055449e-04 3.1924279044271461e-04
0471 1.3624906277588032e-04 3.1924561844437715e-04
0472 1.3625331949890907e-04 3.1924847451626445e-04
0473 1.3625757728957593e-04 3.1925140407883495e-04
0474 1.3626183614768670e-04 3.1925418685722565e-04
0475 1.3626609607308391e-04 3.1925699101132570e-04
0476 1.3627035706566745e-04 3.1925988632730280e-04
0477 1.3627461912534965e-04 3.1926282619890509e-04
0478 1.3627888225185855e-04 3.1926576531319178e-04
0479 1.3628314644506339e-04 3.1926874962572184e-04
0480 1.3628741170483238e-04 3.1927171465418483e-04
0481 1.3629167803117209e-04 3.1927464738862684e-04
0482 1.3629594542384564e-04 3.1927776105547041e-04
0483 1.3630021388274884e-04 3.1928079403536000e-04
0484 1.3630448340736759e-04 3.1928391914826028e-04
0485 1.3630875399801807e-04 3.1928703596660168e-04
0486 1.3631302565442785e-04 3.1929016121543013e-04
0487 1.3631729837614872e-04 3.1929331749865075e-04
0488 1.3632157216334379e-04 3.1929646537950571e-04
0489 1.3632584701559169e-04 3.1929956184950956e-04
0490 1.3633012293301104e-04 3.1930274364503822e-04
0491 1.3633439991515454e-04 3.1930603376165048e-04
0492 1.3633867796204944e-04 3.1930927593598970e-04
0493 1.3634295707350442e-04 3.1931257511092138e-04
0494 1.3634723724924067e-04 3.1931587528212925e-04
0495 1.3635151848914530e-04 3.1931916731244090e-04
0496 1.3635580079295940e-04 3.1932255862642439e-04
0497 1.3636008416060384e-04 3.1932590565584814e-04
0498 1.3636436859186903e-04 3.1932932007695054e-04
0499 1.3636865408661529e-04 3.1933273223078027e-04
0500 1.3637294064449624e-04 3.1933632390084151e-04
0501 1.3637722826538402e-04 3.1933969677578738e-04
0502 1.3638151694909609e-04 3.1934300682489062e-04
0503 1.3638580669560061e-04 3.1934647170906414e-04
0504 1.3639009750441932e-04 3.1934988775099801e-04
0505 1.3639438937551975e-04 3.1935363754149863e-04
0506 1.3639868230888220e-04 3.1935722841982037e-04
0507 1.3640297630372009e-04 3.1936068360282358e-04
0508 1.3640727136039594e-04 3.1936444694503869e-04
0509 1.3641156747852955e-04 3.1936801429325624e-04
0510 1.3641586465787969e-04 3.1937168476473969e-04
0511 1.3642016289826993e-04 3.1937531679166473e-04
0512 1.3642446219945279e-04 3.1937891333923794e-04
0513 1.3642876256129397e-04 3.1938255505559242e-04
0514 1.3643306398332457e-04 3.1938629695816390e-04
0515 1.3643736646588357e-04 3.1939008971378281e-04
0516 1.3644167000779919e-04 3.1939383421268077e-04
0517 1.3644597460991470e-04 3.1939768428615239e-04
0518 1.3645028027134374e-04 3.1940164093647558e-04
0519 1.3645458699200420e-04 3.1940565913585292e-04
0520 1.3645889477185803e-04 3.1940939967808581e-04
0521 1.3646320361052804e-04 3.1941328121581794e-04
0522 1.3646751350762063e-04 3.1941721633289919e-04
0523 1.3647182446324341e-04 3.1942122107304660e-04
0524 1.3647613647681359e-04 3.1942512639210173e-04
0525 1.3648044954833323e-04 3.1942923797466394e-04
0526 1.3648476367748741e-04 3.1943322026492527e-04
0527 1.3648907886405282e-04 3.1943720089403030e-04
0528 1.3649339510779377e-04 3.1944112945448880e-04
0529 1.3649771240854792e-04 3.1944534835168004e-04
0530 1.3650203076572709e-04 3.1944934614601146e-04
0531 1.3650635017962821e-04 3.1945353808112586e-04
0532 1.3651067064952388e-04 3.1945764701464432e-04
0533 1.3651499217535296e-04 3.1946195100222065e-04
0534 1.3651931475706648e-04 3.1946624755440544e-04
0535 1.3652363839393019e-04 3.1947064214000672e-04
0536 1.3652796308614886e-04 3.1947478740862792e-04
0537 1.3653228883335624e-04 3.1947911856798080e-04
0538 1.3653661563506100e-04 3.1948354392022436e-04
0539 1.3654094349124240e-04 3.1948780555869503e-04
0540 1.3654527240173774e-04 3.1949212415088591e-04
0541 1.3654960236591536e-04 3.1949641430164795e-04
0542 1.3655393338369410e-04 3.1950084311312891e-04
0543 1.3655826545490481e-04 3.1950526266443766e-04
0544 1.3656259857933059e-04 3.1950980059683079e-04
0545 1.3656693275651395e-04 3.1951422911771549e-04
0546 1.3657126798620125e-04 3.1951873397959300e-04
0547 1.3657560426829008e-04 3.1952315901881428e-04
0548 1.3657994160229896e-04 3.1952761260458311e-04
0549 1.3658427998828647e-04 3.1953211759855289e-04
0550 1.3658861942546786e-04 3.1953668160653037e-04
0551 1.3659295991396483e-04 3.1954122895979845e-04
0552 1.3659730145353484e-04 3.1954589358843124e-04
0553 1.3660164404361960e-04 3.1955055384657596e-04
0554 1.3660598768427026e-04 3.1955537282104250e-04
0555 1.3661033237480670e-04 3.1956012914156087e-04
0556 1.3661467811534739e-04 3.1956481393572296e-04
0557 1.3661902490543735e-04 3.1956957528036535e-04
0558 1.3662337274476566e-04 3.1957436525643012e-04
0559 1.3662772163310218e-04 3.1957920822972270e-04
0560 1.3663207157005487e-04 3.1958387822264426e-04
0561 1.3663642255547828e-04 3.1958869740958098e-04
0562 1.3664077458908124e-04 3.1959353225155632e-04
0563 1.3664512767054142e-04 3.1959846500574749e-04
0564 1.3664948179960233e-04 3.1960318121313137e-04
0565 1.3665383697593797e-04 3.1960815053361951e-04
0566 1.3665819319925077e-04 3.1961308482186715e-04
0567 1.3666255046911301e-04 3.1961811791019796e-04
0568 1.3666690878565230e-04 3.1962316629951951e-04
0569 1.3667126814823543e-04 3.1962814585134556e-04
0570 1.3667562855658441e-04 3.1963324974146958e-04
0571 1.3667999001057822e-04 3.1963826939403629e-04
0572 1.3668435250971638e-04 3.1964319931072145e-04
0573 1.3668871605380746e-04 3.1964819485735916e-04
0574 1.3669308064266083e-04 3.1965340925408996e-04
0575 1.3669744627592555e-04 3.1965853130337375e-04
0576 1.3670181295309070e-04 3.1966362447185935e-04
0577 1.3670618067421691e-04 3.1966880322582955e-04
0578 1.3671054943869889e-04 3.1967380254401223e-04
0579 1.3671491924642382e-04 3.1967895493434769e-04
0580 1.3671929009723808e-04 3.1968416968485881e-04
0581 1.3672366199048595e-04 3.1968943903984675e-04
0582 1.3672803492558737e-04 3.1969456814094789e-04
0583 1.3673240890318882e-04 3.1969991049881117e-04
0584 1.3673678392243200e-04 3.1970518250101337e-04
0585 1.3674115998287280e-04 3.1971034916849367e-04
0586 1.3674553708470038e-04 3.1971579142827690e-04
0587 1.3674991522708940e-04 3.1972102107668946e-04
0588 1.3675429441001210e-04 3.1972642518900954e-04
0589 1.3675867463327091e-04 3.1973181179801343e-04
0590 1.3676305589638079e-04 3.1973737245881797e-04
0591 1.3676743819891201e-04 3.1974282115560882e-04
0592 1.3677182154081299e-04 3.1974817521158235e-04
0593 1.3677620592182079e-04 3.1975351309620684e-04
0594 1.3678059134123173e-04 3.1975887891849783e-04
0595 1.3678497779921438e-04 3.1976433642139589e-04
0596 1.3678936529527963e-04 3.1976988845571771e-04
0597 1.3679375382904955e-04 3.1977534261883782e-04
0598 1.3679814340023723e-04 3.1978087586612391e-04
0599 1.3680253400874342e-04 3.1978645123654457e-04
0600 1.3680692565394366e-04 3.1979183497912007e-04
