# step du_rel dp_rel
# u_rtol 1.0000000000000000e-04
# p_rtol 1.0000000000000000e-03
0001 1.4013118085864768e-04 3.2724181009960037e-03
0002 1.4013434086106036e-04 3.1002353249342664e-03
0003 1.4013767111570766e-04 2.9127810650439552e-03
0004 1.4014114292481387e-04 2.7169945556042782e-03
0005 1.4014473624798465e-04 2.5182399234603011e-03
0006 1.4014843644658158e-04 2.3206167646038331e-03
0007 1.4015223232758157e-04 2.1272087034500346e-03
0008 1.4015611495545757e-04 1.9402886850171509e-03
0009 1.4016007692822132e-04 1.7614829478879899e-03
0010 1.4016411192579052e-04 1.5919053960805642e-03
0011 1.4016821442715217e-04 1.4322666628107045e-03
0012 1.4017237952579446e-04 1.2829640407246616e-03
0013 1.4017660280839917e-04 1.1441535061778674e-03
0014 1.4018088027044885e-04 1.0158109804643254e-03
0015 1.4018520825523681e-04 8.9778161642561449e-04
0016 1.4018958340903458e-04 7.8982385857102812e-04
0017 1.4019400264577664e-04 6.9164424611127485e-04
0018 1.4019846311741948e-04 6.0293275742276994e-04
0019 1.4020296219159262e-04 5.2339285535117695e-04
0020 1.4020749743039648e-04 4.5277181033305172e-04
0021 1.4021206657270302e-04 3.9088983403001926e-04
0022 1.4021666751869735e-04 3.3766247289658205e-04
0023 1.4022129831677975e-04 2.9310536075446758e-04
0024 1.4022595714950555e-04 2.5729736325542772e-04
0025 1.4023064232521448e-04 2.3026678799892002e-04
0026 1.4023535226529427e-04 2.1179425917783340e-04
0027 1.4024008549681454e-04 2.0120156483401309e-04
0028 1.4024484064259027e-04 1.9728902728033672e-04
0029 1.4024961641768377e-04 1.9851357111504221e-04
0030 1.4025441161776692e-04 2.0330167960615266e-04
0031 1.4025922511589243e-04 2.1030084560356494e-04
0032 1.4026405585590085e-04 2.1848093500044839e-04
0033 1.4026890284805541e-04 2.2712088123113096e-04
0034 1.4027376516373291e-04 2.3574605804799992e-04
0035 1.4027864193024429e-04 2.4406088802162346e-04
0036 1.4028353232966556e-04 2.5189343462478288e-04
0037 1.4028843559203417e-04 2.5915467160037307e-04
0038 1.4029335099387827e-04 2.6580924307522091e-04
0039 1.4029827785517121e-04 2.7185607279662767e-04
0040 1.4030321553487170e-04 2.7731578286500745e-04
0041 1.4030816343091969e-04 2.8222126719874016e-04
0042 1.4031312097563387e-04 2.8661267174313421e-04
0043 1.4031808763391774e-04 2.9053238968077178e-04
0044 1.4032306290251922e-04 2.9402377157073783e-04
0045 1.4032804630649532e-04 2.9712896561455231e-04
0046 1.4033303739791037e-04 2.9988774635864355e-04
0047 1.4033803575415200e-04 3.0233769913382870e-04
0048 1.4034304097810659e-04 3.0451299363909787e-04
0049 1.4034805269220891e-04 3.0644482912497057e-04
0050 1.4035307054390195e-04 3.0816156697437451e-04
0051 1.4035809419790486e-04 3.0968864244727178e-04
0052 1.4036312333780382e-04 3.1104861862244414e-04
0053 1.4036815766606972e-04 3.1226167695788795e-04
0054 1.4037319690123114e-04 3.1334580909552130e-04
0055 1.4037824077671991e-04 3.1431660894710192e-04
0056 1.4038328904246816e-04 3.1518811765525635e-04
0057 1.4038834146094239e-04 3.1597237074018473e-04
0058 1.4039339780845626e-04 3.1668011070390645e-04
0059 1.4039845787347952e-04 3.1732032579569257e-04
0060 1.4040352145628182e-04 3.1790123787896424e-04
0061 1.4040858836812068e-04 3.1842989594941146e-04
0062 1.4041365843079127e-04 3.1891226926340207e-04
0063 1.4041873147629190e-04 3.1935376900799696e-04
0064 1.4042380734542975e-04 3.1975914246009529e-04
0065 1.4042888588800895e-04 3.2013219615279696e-04
0066 1.4043396696237234e-04 3.2047631392516726e-04
0067 1.4043905043408891e-04 3.2079456394155318e-04
0068 1.4044413617719933e-04 3.2108947820024176e-04
0069 1.4044922407182515e-04 3.2136311505013280e-04
0070 1.4045431400532847e-04 3.2161765288939344e-04
0071 1.4045940587102893e-04 3.2185467182855345e-04
0072 1.4046449956855382e-04 3.2207585310885386e-04
0073 1.4046959500260383e-04 3.2228223783216825e-04
0074 1.4047469208391060e-04 3.2247493054993962e-04
0075 1.4047979072772163e-04 3.2265500448890678e-04
0076 1.4048489085409819e-04 3.2282338604319570e-04
0077 1.4048999238791156e-04 3.2298071182653977e-04
0078 1.4049509525824758e-04 3.2312777297258371e-04
0079 1.4050019939697365e-04 3.2326526136197529e-04
0080 1.4050530474286730e-04 3.2339366517691816e-04
0081 1.4051041123413539e-04 3.2351320703266970e-04
0082 1.4051551881642457e-04 3.2362464270065339e-04
0083 1.4052062743609480e-04 3.2372850170828794e-04
0084 1.4052573704344785e-04 3.2382512624851850e-04
0085 1.4053084759166193e-04 3.2391482935292077e-04
0086 1.4053595903626160e-04 3.2399784172585923e-04
0087 1.4054107133599667e-04 3.2407443421634592e-04
0088 1.4054618445150595e-04 3.2414519769613439e-04
0089 1.4055129834639771e-04 3.2421032360562311e-04
0090 1.4055641298599177e-04 3.2426995708949514e-04
0091 1.4056152833782191e-04 3.2432435134853704e-04
0092 1.4056664437145578e-04 3.2437388757960072e-04
0093 1.4057176105858584e-04 3.2441875354055405e-04
0094 1.4057687837217730e-04 3.2445926841582383e-04
0095 1.4058199628727013e-04 3.2449537443067088e-04
0096 1.4058711478045829e-04 3.2452732412313043e-04
0097 1.4059223385806967e-04 3.2437511602587409e-04
0098 1.4059735341920816e-04 3.2452056969789012e-04
0099 1.4060247350321405e-04 3.2460823664839656e-04
0100 1.4060759409024928e-04 3.2465895770237917e-04
0101 1.4061271516280788e-04 3.2468600520127737e-04
0102 1.4061783670390673e-04 3.2469844157853665e-04
0103 1.4062295869920503e-04 3.2470186917873679e-04
0104 1.4062808113570759e-04 3.2469940184781725e-04
0105 1.4063320399979872e-04 3.2469390381202650e-04
0106 1.4063832728046925e-04 3.2468657403047553e-04
0107 1.4064345096695245e-04 3.2467745054220001e-04
0108 1.4064857504950994e-04 3.2466758972905785e-04
0109 1.4065369951953190e-04 3.2465676058838680e-04
0110 1.4065882436886147e-04 3.2464538688964113e-04
0111 1.4066394959030119e-04 3.2463349362876499e-04
0112 1.4066907517664299e-04 3.2462052783537645e-04
0113 1.4067420112226514e-04 3.2460674386911357e-04
0114 1.4067932742212796e-04 3.2459202363749421e-04
0115 1.4068445407100695e-04 3.2457647873925698e-04
0116 1.4068958106523599e-04 3.2455998240306941e-04
0117 1.4069470840059341e-04 3.2454263468059918e-04
0118 1.4069983607447619e-04 3.2452436472677881e-04
0119 1.4070496408373555e-04 3.2450490818465550e-04
0120 1.4071009242674817e-04 3.2448481841833543e-04
0121 1.4071522110132155e-04 3.2446372891130608e-04
0122 1.4072035010621412e-04 3.2444169147484653e-04
0123 1.4072547944012705e-04 3.2441894145177275e-04
0124 1.4073060910427726e-04 3.2439564383710196e-04
0125 1.4073573909616297e-04 3.2437167841124770e-04
0126 1.4074086941636167e-04 3.2434697653329773e-04
0127 1.4074600006716816e-04 3.2432181028740448e-04
0128 1.4075113104726616e-04 3.2429596808892602e-04
0129 1.4075626235766502e-04 3.2426950002390170e-04
0130 1.4076139400092850e-04 3.2424286216999119e-04
0131 1.4076652597817566e-04 3.2421564133754631e-04
0132 1.4077165829040205e-04 3.2418809329335497e-04
0133 1.4077679094130039e-04 3.2416034323331394e-04
0134 1.4078192393095380e-04 3.2413221988409572e-04
0135 1.4078705726307248e-04 3.2410371528807628e-04
0136 1.4079219094029503e-04 3.2407549801487891e-04
0137 1.4079732496560441e-04 3.2404682396803473e-04
0138 1.4080245934134801e-04 3.2401813738604181e-04
0139 1.4080759407095092e-04 3.2398937192760753e-04
0140 1.4081272915793204e-04 3.2396069004672330e-04
0141 1.4081786460543101e-04 3.2393203032415841e-04
0142 1.4082300041712886e-04 3.2390338216294355e-04
0143 1.4082813659706701e-04 3.2387461719585436e-04
0144 1.4083327314879309e-04 3.2384611533551059e-04
0145 1.4083841007616571e-04 3.2381776315946044e-04
0146 1.4084354738356836e-04 3.2378964503519865e-04
0147 1.4084868507537439e-04 3.2376143489986655e-04
0148 1.4085382315523451e-04 3.2373361717186704e-04
0149 1.4085896162803141e-04 3.2370602118752232e-04
0150 1.4086410049770885e-04 3.2367857134060594e-04
0151 1.4086923976917346e-04 3.2365118601975791e-04
0152 1.4087437944666566e-04 3.2362443124056133e-04
0153 1.4087951953553368e-04 3.2359775502157446e-04
0154 1.4088466003963951e-04 3.2357142312287580e-04
0155 1.4088980096443223e-04 3.2354561265742870e-04
0156 1.4089494231433512e-04 3.2352015985047242e-04
0157 1.4090008409397862e-04 3.2349484043410573e-04
0158 1.4090522630850555e-04 3.2347006455872123e-04
0159 1.4091036896387926e-04 3.2344569676491123e-04
0160 1.4091551206350293e-04 3.2342128466249275e-04
0161 1.4092065561318952e-04 3.2339754695036131e-04
0162 1.4092579961765957e-04 3.2337425199061628e-04
0163 1.4093094408215077e-04 3.2335133001688935e-04
0164 1.4093608901195919e-04 3.2332879509676832e-04
0165 1.4094123441120502e-04 3.2330694788507369e-04
0166 1.4094638028659277e-04 3.2328518776993592e-04
0167 1.4095152664201163e-04 3.2326418127797345e-04
0168 1.4095667348271645e-04 3.2324346215117190e-04
0169 1.4096182081409458e-04 3.2322337103634670e-04
0170 1.4096696864118139e-04 3.2320368145423298e-04
0171 1.4097211696923549e-04 3.2318430792584375e-04
0172 1.4097726580271258e-04 3.2316519838368371e-04
0173 1.4098241514783432e-04 3.2314672328025108e-04
0174 1.4098756500862156e-04 3.2312863427940233e-04
0175 1.4099271539087108e-04 3.2311115066129096e-04
0176 1.4099786629920006e-04 3.2309446674729371e-04
0177 1.4100301773898444e-04 3.2307791838135459e-04
0178 1.4100816971494146e-04 3.2306208698925574e-04
0179 1.4101332223241924e-04 3.2304629346644029e-04
0180 1.4101847529611030e-04 3.2303117953498832e-04
0181 1.4102362891089729e-04 3.2301663488340911e-04
0182 1.4102878308209281e-04 3.2300254829563770e-04
0183 1.4103393781489658e-04 3.2298924251488028e-04
0184 1.4103909311311772e-04 3.2297591622782102e-04
0185 1.4104424898246786e-04 3.2296333171177041e-04
0186 1.4104940542738413e-04 3.2295087708982505e-04
0187 1.4105456245292573e-04 3.2293936552015479e-04
0188 1.4105972006354090e-04 3.2292811725281737e-04
0189 1.4106487826403094e-04 3.2291729851595510e-04
0190 1.4107003705932550e-04 3.2290684459415988e-04
0191 1.4107519645390075e-04 3.2289691187846459e-04
0192 1.4108035645259018e-04 3.2288760735336432e-04
0193 1.4108551705928365e-04 3.2287845510050017e-04
0194 1.4109067827829688e-04 3.2287018383377508e-04
0195 1.4109584011605980e-04 3.2286213824411292e-04
0196 1.4110100257547282e-04 3.2285460681893968e-04
0197 1.4110616566070906e-04 3.2284715020960465e-04
0198 1.4111132937643972e-04 3.2284040387303096e-04
0199 1.4111649372711767e-04 3.2283420407828160e-04
0200 1.4112165871692678e-04 3.2282835486552352e-04
0201 1.4112682435015147e-04 3.2282296307653698e-04
0202 1.4113199063084760e-04 3.2281808650127793e-04
0203 1.4113715756317583e-04 3.2281331319531861e-04
0204 1.4114232515138029e-04 3.2280909925787960e-04
0205 1.4114749339868895e-04 3.2280541607339564e-04
0206 1.4115266231014268e-04 3.2280195376754547e-04
0207 1.4115783188936923e-04 3.2279899735996470e-04
0208 1.4116300213946976e-04 3.2279643435300000e-04
0209 1.4116817306524104e-04 3.2279399379295557e-04
0210 1.4117334466969491e-04 3.2279221675401591e-04
0211 1.4117851695712993e-04 3.2279104972661270e-04
0212 1.4118368992992755e-04 3.2279017118632433e-04
0213 1.4118886359431714e-04 3.2278951418007935e-04
0214 1.4119403795128968e-04 3.2278899825297021e-04
0215 1.4119921300480498e-04 3.2278883629406624e-04
0216 1.4120438876007277e-04 3.2278908816232388e-04
0217 1.4120956521890623e-04 3.2278995955464600e-04
0218 1.4121474238408644e-04 3.2279089756706418e-04
0219 1.4121992026035058e-04 3.2279225675733747e-04
0220 1.4122509885019488e-04 3.2279417267524156e-04
0221 1.4123027815748666e-04 3.2279624106906904e-04
0222 1.4123545818437347e-04 3.2279844014297286e-04
0223 1.4124063893391844e-04 3.2280118718785636e-04
0224 1.4124582041078628e-04 3.2280419430501532e-04
0225 1.4125100261619172e-04 3.2280749545008069e-04
0226 1.4125618555383979e-04 3.2281122772451654e-04
0227 1.4126136922634218e-04 3.2281514409018320e-04
0228 1.4126655363640378e-04 3.2281936946290039e-04
0229 1.4127173878731867e-04 3.2282384684922797e-04
0230 1.4127692468116562e-04 3.2282849412408339e-04
0231 1.4128211132123381e-04 3.2283328642251436e-04
0232 1.4128729870943217e-04 3.2283849645427655e-04
0233 1.4129248684881322e-04 3.2284399526835743e-04
0234 1.4129767574216654e-04 3.2284986798560299e-04
0235 1.4130286539102834e-04 3.2285613728989798e-04
0236 1.4130805579897499e-04 3.2286243222760780e-04
0237 1.4131324696749995e-04 3.2286905787988859e-04
0238 1.4131843889847315e-04 3.2287561344014561e-04
0239 1.4132363159584477e-04 3.2288266005391894e-04
0240 1.4132882506040127e-04 3.2288980965986420e-04
0241 1.4133401929419830e-04 3.2289699880391808e-04
0242 1.4133921430032950e-04 3.2290470956463740e-04
0243 1.4134441008038483e-04 3.2291253011664081e-04
0244 1.4134960663641575e-04 3.2292048953604471e-04
0245 1.4135480396965442e-04 3.2292907121539503e-04
0246 1.4136000208337865e-04 3.2293779110306763e-04
0247 1.4136520097849029e-04 3.2294631375211029e-04
0248 1.4137040065711473e-04 3.2295504343264798e-04
0249 1.4137560112078605e-04 3.2296399077539370e-04
0250 1.4138080237167968e-04 3.2297315532469392e-04
0251 1.4138600441122008e-04 3.2298278047243400e-04
0252 1.4139120724090932e-04 3.2299228786805039e-04
0253 1.4139641086253292e-04 3.2300190287806502e-04
0254 1.4140161527778766e-04 3.2301209456622607e-04
0255 1.4140682048795319e-04 3.2302195316746796e-04
0256 1.4141202649381010e-04 3.2303205566305458e-04
0257 1.4141723329850247e-04 3.2304230779470249e-04
0258 1.4142244090166020e-04 3.2305284927789231e-04
0259 1.4142764930506014e-04 3.2306358755507518e-04
0260 1.4143285851157667e-04 3.2307453782111253e-04
0261 1.4143806852047157e-04 3.2308540732852375e-04
0262 1.4144327933332608e-04 3.2309663639196781e-04
0263 1.4144849095180362e-04 3.2310777761938511e-04
0264 1.4145370337664676e-04 3.2311922874859832e-04
0265 1.4145891660920356e-04 3.2313050375723789e-04
0266 1.4146413065024496e-04 3.2314201024047801e-04
0267 1.4146934550113879e-04 3.2315353382314434e-04
0268 1.4147456116258157e-04 3.2316528264313414e-04
0269 1.4147977763564107e-04 3.2317706399558369e-04
0270 1.4148499492053256e-04 3.2318919044968357e-04
0271 1.4149021302037746e-04 3.2320132024319856e-04
0272 1.4149543193289535e-04 3.2321331792254559e-04
0273 1.4150065166086749e-04 3.2322549255321432e-04
0274 1.4150587220442150e-04 3.2323781889993596e-04
0275 1.4151109356385150e-04 3.2325015446138143e-04
0276 1.4151631574104548e-04 3.2326266848923927e-04
0277 1.4152153873536516e-04 3.2327557014529229e-04
0278 1.4152676254824034e-04 3.2328846126649448e-04
0279 1.4153198718017075e-04 3.2330122784693036e-04
0280 1.4153721263086095e-04 3.2331401455092004e-04
0281 1.4154243890197581e-04 3.2332691280082671e-04
0282 1.4154766599312128e-04 3.2333996792962411e-04
0283 1.4155289390486262e-04 3.2335307554798895e-04
0284 1.4155812263839273e-04 3.2336615813462742e-04
0285 1.4156335219304858e-04 3.2337912884757068e-04
0286 1.4156858256975200e-04 3.2339256334365990e-04
0287 1.4157381376852984e-04 3.2340577924255110e-04
0288 1.4157904579025716e-04 3.2341925452227297e-04
0289 1.4158427863462513e-04 3.2343248715318597e-04
0290 1.4158951230173886e-04 3.2344600131894172e-04
0291 1.4159474679230580e-04 3.2345940740580517e-04
0292 1.4159998210666998e-04 3.2347331085946741e-04
0293 1.4160521824408242e-04 3.2348693338202992e-04
0294 1.4161045520521745e-04 3.2350051554878363e-04
0295 1.4161569299045505e-04 3.2351429584942076e-04
0296 1.4162093159893251e-04 3.2352821386957169e-04
0297 1.4162617103191834e-04 3.2354201648595845e-04
0298 1.4163141128803041e-04 3.2355574494163594e-04
0299 1.4163665236888390e-04 3.2356957020398776e-04
0300 1.4164189427350171e-04 3.2358302628174166e-04
0301 1.4164713700137220e-04 3.2359701859018247e-04
0302 1.4165238055330624e-04 3.2361110771028000e-04
0303 1.4165762492878559e-04 3.2362519283978382e-04
0304 1.4166287012746878e-04 3.2363909212205550e-04
0305 1.4166811614969843e-04 3.2365328443032074e-04
0306 1.4167336299563188e-04 3.2366736515774549e-04
0307 1.4167861066389571e-04 3.2368126976291831e-04
0308 1.4168385915506513e-04 3.2369501457812119e-04
0309 1.4168910846881907e-04 3.2370928462948251e-04
0310 1.4169435860477550e-04 3.2372350808292360e-04
0311 1.4169960956284547e-04 3.2373763688745092e-04
0312 1.4170486134242846e-04 3.2375190010350366e-04
0313 1.4171011394349502e-04 3.2376598447836802e-04
0314 1.4171536736573670e-04 3.2378028881542277e-04
0315 1.4172062160854124e-04 3.2379452387051188e-04
0316 1.4172587667187888e-04 3.2380875551637177e-04
0317 1.4173113255504461e-04 3.2382304171678426e-04
0318 1.4173638925804499e-04 3.2383719926179884e-04
0319 1.4174164677975093e-04 3.2385163226494136e-04
0320 1.4174690512045148e-04 3.2386591612993564e-04
0321 1.4175216427902418e-04 3.2388020756934520e-04
0322 1.4175742425618696e-04 3.2389446702908617e-04
0323 1.4176268505011722e-04 3.2390883143356309e-04
0324 1.4176794666025385e-04 3.2392320841909307e-04
0325 1.4177320908812758e-04 3.2393738882580369e-04
0326 1.4177847233067849e-04 3.2395177519222893e-04
0327 1.4178373638882726e-04 3.2396595877704187e-04
0328 1.4178900126176426e-04 3.2398021219116950e-04
0329 1.4179426694880488e-04 3.2399435432070990e-04
0330 1.4179953344893708e-04 3.2400855079286263e-04
0331 1.4180480076258394e-04 3.2402276890558903e-04
0332 1.4181006888838200e-04 3.2403690683029574e-04
0333 1.4181533782562118e-04 3.2405144583347659e-04
0334 1.4182060757386282e-04 3.2406582677053551e-04
0335 1.4182587813316844e-04 3.2408017224162030e-04
0336 1.4183114950198041e-04 3.2409440621292547e-04
0337 1.4183642167992381e-04 3.2410889451913800e-04
0338 1.4184169466622344e-04 3.2412318792705857e-04
0339 1.4184696846018734e-04 3.2413725347612849e-04
0340 1.4185224306149062e-04 3.2415144152341495e-04
0341 1.4185751846933819e-04 3.2416596571117743e-04
0342 1.4186279468237094e-04 3.2418025227615551e-04
0343 1.4186807170089754e-04 3.2419426609474198e-04
0344 1.4187334952218898e-04 3.2420847620896818e-04
0345 1.4187862814981026e-04 3.2422265520646584e-04
0346 1.4188390757892638e-04 3.2423705156059038e-04
0347 1.4188918780981029e-04 3.2425126999680628e-04
0348 1.4189446884194673e-04 3.2426548649012619e-04
0349 1.4189975067443363e-04 3.2427960236985784e-04
0350 1.4190503330678014e-04 3.2429381718465341e-04
0351 1.4191031673834104e-04 3.2430819191362262e-04
0352 1.4191560096713855e-04 3.2432217917167597e-04
0353 1.4192088599475938e-04 3.2433631433467270e-04
0354 1.4192617181775068e-04 3.2435023785427008e-04
0355 1.4193145843726729e-04 3.2436453150570154e-04
0356 1.4193674585189081e-04 3.2437887899371262e-04
0357 1.4194203406036314e-04 3.2439284999578253e-04
0358 1.4194732306238784e-04 3.2440688486269653e-04
0359 1.4195261285580298e-04 3.2442080353958704e-04
0360 1.4195790344283303e-04 3.2443513949891457e-04
0361 1.4196319481983748e-04 3.2444912938330874e-04
0362 1.4196848698681193e-04 3.2446334110830560e-04
0363 1.4197377994323846e-04 3.2447723895684584e-04
0364 1.4197907368700076e-04 3.2449128578687745e-04
0365 1.4198436822014031e-04 3.2450527445586634e-04
0366 1.4198966353925446e-04 3.2451897467476276e-04
0367 1.4199495964434475e-04 3.2453314922737233e-04
0368 1.4200025653419402e-04 3.2454714460060504e-04
0369 1.4200555420797279e-04 3.2456110574788301e-04
0370 1.4201085266565347e-04 3.2457492615343910e-04
0371 1.4201615190497649e-04 3.2458880816747381e-04
0372 1.4202145192676523e-04 3.2460254809904587e-04
0373 1.4202675272944297e-04 3.2461655400253087e-04
0374 1.4203205431127168e-04 3.2463048306989893e-04
0375 1.4203735667269563e-04 3.2464459252962879e-04
0376 1.4204265981252400e-04 3.2465836723027030e-04
0377 1.4204796372916539e-04 3.2467187966404002e-04
0378 1.4205326842257952e-04 3.2468579489130118e-04
0379 1.4205857389144850e-04 3.2469973502875473e-04
0380 1.4206388013529754e-04 3.2471357994456640e-04
0381 1.4206918715285898e-04 3.2472731708923884e-04
0382 1.4207449494340330e-04 3.2474086546515572e-04
0383 1.4207980350634401e-04 3.2475464689035412e-04
0384 1.4208511284051926e-04 3.2476822377853912e-04
0385 1.4209042294527694e-04 3.2478213304058226e-04
0386 1.4209573381963479e-04 3.2479557769168204e-04
0387 1.4210104546273956e-04 3.2480931078025143e-04
0388 1.4210635787381627e-04 3.2482307745157973e-04
0389 1.4211167105148000e-04 3.2483677296333885e-04
0390 1.4211698499628963e-04 3.2485030839674061e-04
0391 1.4212229970550841e-04 3.2486394815189060e-04
0392 1.4212761518044110e-04 3.2487724580143232e-04
0393 1.4213293141768446e-04 3.2489075205776393e-04
0394 1.4213824841896784e-04 3.2490432229002550e-04
0395 1.4214356618200689e-04 3.2491796500930037e-04
0396 1.4214888470531122e-04 3.2493152255606774e-04
0397 1.4215420399014993e-04 3.2494528501617672e-04
0398 1.4215952403403217e-04 3.2495870438166354e-04
0399 1.4216484483633974e-04 3.2497190566358646e-04
0400 1.4217016639643027e-04 3.2498515564208556e-04
0401 1.4217548871333911e-04 3.2499868726354898e-04
0402 1.4218081178769476e-04 3.2501220404410969e-04
0403 1.4218613561646772e-04 3.2502539821911518e-04
0404 1.4219146019977801e-04 3.2503878084399958e-04
0405 1.4219678553725680e-04 3.2505222830610567e-04
0406 1.4220211162722896e-04 3.2506601560908417e-04
0407 1.4220743846953443e-04 3.2507922556471083e-04
0408 1.4221276606334613e-04 3.2509253620306738e-04
0409 1.4221809440742323e-04 3.2510563143281685e-04
0410 1.4222342350196722e-04 3.2511880254523963e-04
0411 1.4222875334473189e-04 3.2513216896599484e-04
0412 1.4223408393595379e-04 3.2514531720260348e-04
0413 1.4223941527426566e-04 3.2515856995708205e-04
0414 1.4224474735936786e-04 3.2517183933680256e-04
0415 1.4225008018979847e-04 3.2518510474114471e-04
0416 1.4225541376637526e-04 3.2519821999019968e-04
0417 1.4226074808596642e-04 3.2521132671851010e-04
0418 1.4226608315040743e-04 3.2522452464064315e-04
0419 1.4227141895682398e-04 3.2523764721551841e-04
0420 1.4227675550563013e-04 3.2525086506081846e-04
0421 1.4228209279508710e-04 3.2526387719198052e-04
0422 1.4228743082521066e-04 3.2527675852831947e-04
0423 1.4229276959526482e-04 3.2528998502692448e-04
0424 1.4229810910503136e-04 3.2530286742621877e-04
0425 1.4230344935243643e-04 3.2531603647542172e-04
0426 1.4230879033752075e-04 3.2532894012933603e-04
0427 1.4231413205875127e-04 3.2534189056202586e-04
0428 1.4231947451729115e-04 3.2535478749040966e-04
0429 1.4232481771040342e-04 3.2536807783469884e-04
0430 1.4233016163877816e-04 3.2538106777265551e-04
0431 1.4233550630080822e-04 3.2539388788360447e-04
0432 1.4234085169579253e-04 3.2540673609444384e-04
0433 1.4234619782371659e-04 3.2541974949885292e-04
0434 1.4235154468304187e-04 3.2543290476990977e-04
0435 1.4235689227484839e-04 3.2544578952252933e-04
0436 1.4236224059615415e-04 3.2545860761691955e-04
0437 1.4236758964725221e-04 3.2547138964307521e-04
0438 1.4237293942797596e-04 3.2548414489657414e-04
0439 1.4237828993678991e-04 3.2549699602567013e-04
0440 1.4238364117363732e-04 3.2550992522508961e-04
0441 1.4238899313764357e-04 3.2552291098801914e-04
0442 1.4239434582805034e-04 3.2553559846305408e-04
0443 1.4239969924451367e-04 3.2554850359861387e-04
0444 1.4240505338574891e-04 3.2556114983783174e-04
0445 1.4241040825179485e-04 3.2557398992113075e-04
0446 1.4241576384189868e-04 3.2558683084377301e-04
0447 1.4242112015409956e-04 3.2559926365731634e-04
0448 1.4242647719102565e-04 3.2561195442490045e-04
0449 1.4243183494890070e-04 3.2562456152977358e-04
0450 1.4243719342803309e-04 3.2563727149100517e-04
0451 1.4244255262814935e-04 3.2564977061380152e-04
0452 1.4244791254833567e-04 3.2566252283350685e-04
0453 1.4245327318778201e-04 3.2567529832022691e-04
0454 1.4245863454679733e-04 3.2568780135947863e-04
0455 1.4246399662393481e-04 3.2570061555154507e-04
0456 1.4246935941916562e-04 3.2571334893994887e-04
0457 1.4247472293074759e-04 3.2572613187682790e-04
0458 1.4248008715973682e-04 3.2573877738450671e-04
0459 1.4248545210451453e-04 3.2575125754474209e-04
0460 1.4249081776442380e-04 3.2576362159366203e-04
0461 1.4249618413933704e-04 3.2577622809312458e-04
0462 1.4250155122841313e-04 3.2578908226942082e-04
0463 1.4250691903070311e-04 3.2580156330699168e-04
0464 1.4251228754811663e-04 3.2581390658148755e-04
0465 1.4251765677658531e-04 3.2582642588098123e-04
0466 1.4252302671724572e-04 3.2583910452445021e-04
0467 1.4252839736973697e-04 3.2585182777770407e-04
0468 1.4253376873303930e-04 3.2586411797746030e-04
0469 1.4253914080681940e-04 3.2587688738064543e-04
0470 1.4254451359040757e-04 3.2588929018090870e-04
0471 1.4254988708313024e-04 3.2590180284740544e-04
0472 1.4255526128499206e-04 3.2591429216906429e-04
0473 1.4256063619487910e-04 3.2592652801004517e-04
0474 1.4256601181281944e-04 3.2593896478141519e-04
0475 1.4257138813813136e-04 3.2595138582745548e-04
0476 1.4257676516985253e-04 3.2596397064766280e-04
0477 1.4258214290816136e-04 3.2597665286441028e-04
0478 1.4258752135216539e-04 3.2598909068105229e-04
0479 1.4259290050067834e-04 3.2600177648821473e-04
0480 1.4259828035510683e-04 3.2601420053775178e-04
0481 1.4260366091339627e-04 3.2602653039045284e-04
0482 1.4260904217523054e-04 3.2603908858951824e-04
0483 1.4261442414034811e-04 3.2605154193040891e-04
0484 1.4261980680808456e-04 3.2606389341939540e-04
0485 1.4262519017831441e-04 3.2607618908237282e-04
0486 1.4263057425040678e-04 3.2608849735007208e-04
0487 1.4263595902370323e-04 3.2610092408254585e-04
0488 1.4264134449811584e-04 3.2611344955759157e-04
0489 1.4264673067272972e-04 3.2612573677472616e-04
0490 1.4265211754708001e-04 3.2613807471136591e-04
0491 1.4265750512149501e-04 3.2615059751518207e-04
0492 1.4266289339446092e-04 3.2616281256074591e-04
0493 1.4266828236597135e-04 3.2617552127246421e-04
0494 1.4267367203603723e-04 3.2618788725186733e-04
0495 1.4267906240326514e-04 3.2620024933436551e-04
0496 1.4268445346809314e-04 3.2621282789665297e-04
0497 1.4268984522953999e-04 3.2622522510444482e-04
0498 1.4269523768713931e-04 3.2623754115159706e-04
0499 1.4270063084098898e-04 3.2624971233011690e-04
0500 1.4270602469014041e-04 3.2626237411021504e-04
0501 1.4271141923435354e-04 3.2627480362795345e-04
0502 1.4271681447294013e-04 3.2628701760048111e-04
0503 1.4272221040555791e-04 3.2629913535481384e-04
0504 1.4272760703219596e-04 3.2631174663265758e-04
0505 1.4273300435199427e-04 3.2632440585064109e-04
0506 1.4273840236487766e-04 3.2633673257326349e-04
0507 1.4274380106990507e-04 3.2634921188090868e-04
0508 1.4274920046721538e-04 3.2636151797309015e-04
0509 1.4275460055655144e-04 3.2637403763972466e-04
0510 1.4276000133603710e-04 3.2638636612431008e-04
0511 1.4276540280679648e-04 3.2639880540424567e-04
0512 1.4277080496824130e-04 3.2641115357812263e-04
0513 1.4277620781928018e-04 3.2642350300375486e-04
0514 1.4278161136027398e-04 3.2643584445038969e-04
0515 1.4278701559040027e-04 3.2644864164077492e-04
0516 1.4279242050880284e-04 3.2646091370614741e-04
0517 1.4279782611604017e-04 3.2647329575858974e-04
0518 1.4280323241133648e-04 3.2648551833524181e-04
0519 1.4280863939392880e-04 3.2649828580690006e-04
0520 1.4281404706355374e-04 3.2651076038813420e-04
0521 1.4281945542010875e-04 3.2652306350303308e-04
0522 1.4282486446296714e-04 3.2653539982500728e-04
0523 1.4283027419218950e-04 3.2654811334250651e-04
0524 1.4283568460661081e-04 3.2656046351582559e-04
0525 1.4284109570617066e-04 3.2657318188695535e-04
0526 1.4284650749104460e-04 3.2658564565470250e-04
0527 1.4285191996005702e-04 3.2659812743034144e-04
0528 1.4285733311269152e-04 3.2661039320013854e-04
0529 1.4286274694957641e-04 3.2662305268774518e-04
0530 1.4286816146935098e-04 3.2663527950451386e-04
0531 1.4287357667241141e-04 3.2664787433314333e-04
0532 1.4287899255774334e-04 3.2666056571596089e-04
0533 1.4288440912492106e-04 3.2667306634754311e-04
0534 1.4288982637457136e-04 3.2668560944434222e-04
0535 1.4289524430517684e-04 3.2669819360224610e-04
0536 1.4290066291677007e-04 3.2671074681311902e-04
0537 1.4290608220874496e-04 3.2672340318435858e-04
0538 1.4291150218114019e-04 3.2673585047486028e-04
0539 1.4291692283384871e-04 3.2674809546519583e-04
0540 1.4292234416500688e-04 3.2676093824449511e-04
0541 1.4292776617633171e-04 3.2677361381728377e-04
0542 1.4293318886608605e-04 3.2678618764902595e-04
0543 1.4293861223350224e-04 3.2679892967047157e-04
0544 1.4294403627984167e-04 3.2681152973804823e-04
0545 1.4294946100347930e-04 3.2682408069220409e-04
0546 1.4295488640410665e-04 3.2683664427242344e-04
0547 1.4296031248175632e-04 3.2684919482913567e-04
0548 1.4296573923578679e-04 3.2686203240185987e-04
0549 1.4297116666604325e-04 3.2687467106628105e-04
0550 1.4297659477197745e-04 3.2688743550022740e-04
0551 1.4298202355305447e-04 3.2689998224259820e-04
0552 1.4298745300950232e-04 3.2691274454563712e-04
0553 1.4299288314040211e-04 3.2692539800379663e-04
0554 1.4299831394567775e-04 3.2693824534829602e-04
0555 1.4300374542468498e-04 3.2695080882321246e-04
0556 1.4300917757726887e-04 3.2696384494765410e-04
0557 1.4301461040280248e-04 3.2697657143577536e-04
0558 1.4302004390118441e-04 3.2698920295842683e-04
0559 1.4302547807150740e-04 3.2700202227341988e-04
0560 1.4303091291475293e-04 3.2701487772251016e-04
0561 1.4303634842882749e-04 3.2702778592689726e-04
0562 1.4304178461492850e-04 3.2704076244348851e-04
0563 1.4304722147136139e-04 3.2705340627353261e-04
0564 1.4305265899811434e-04 3.2706625846156805e-04
0565 1.4305809719532373e-04 3.2707929660814893e-04
0566 1.4306353606240093e-04 3.2709209600139788e-04
0567 1.4306897559865042e-04 3.2710498814274237e-04
0568 1.4307441580345160e-04 3.2711772805593708e-04
0569 1.4307985667721810e-04 3.2713064728551698e-04
0570 1.4308529821917000e-04 3.2714356935128547e-04
0571 1.4309074042957487e-04 3.2715645727835434e-04
0572 1.4309618330679853e-04 3.2716924892438987e-04
0573 1.4310162685106340e-04 3.2718214204943555e-04
0574 1.4310707106230468e-04 3.2719502694612709e-04
0575 1.4311251593976561e-04 3.2720821100279851e-04
0576 1.4311796148321057e-04 3.2722109230412446e-04
0577 1.4312340769225595e-04 3.2723422166995619e-04
0578 1.4312885456624778e-04 3.2724721647096975e-04
0579 1.4313430210523729e-04 3.2726017971826035e-04
0580 1.4313975030834220e-04 3.2727324971733714e-04
0581 1.4314519917598719e-04 3.2728661061905292e-04
0582 1.4315064870695299e-04 3.2729956696483692e-04
0583 1.4315609890109648e-04 3.2731286308542058e-04
0584 1.4316154975760556e-04 3.2732585017942822e-04
0585 1.4316700127780136e-04 3.2733894272987950e-04
0586 1.4317245345801070e-04 3.2735212015115947e-04
0587 1.4317790630285378e-04 3.2736542734735925e-04
0588 1.4318335980711849e-04 3.2737843706623197e-04
0589 1.4318881397263627e-04 3.2739164375492693e-04
0590 1.4319426879831273e-04 3.2740473307375545e-04
0591 1.4319972428424241e-04 3.2741796647877915e-04
0592 1.4320518042965208e-04 3.2743140679897991e-04
0593 1.4321063723465876e-04 3.2744436553587531e-04
0594 1.4321609469840306e-04 3.2745751945704722e-04
0595 1.4322155281959304e-04 3.2747089611287190e-04
0596 1.4322701160104139e-04 3.2748427834035631e-04
0597 1.4323247103798962e-04 3.2749740939049394e-04
0598 1.4323793113437408e-04 3.2751062754261519e-04
0599 1.4324339188643537e-04 3.2752406583251592e-04
0600 1.4324885329484991e-04 3.2753718158985403e-04
