# step du_rel dp_rel
# u_rtol 1.0000000000000000e-04
# p_rtol 1.0000000000000000e-03
0001 1.4346868799051881e-04 3.2748536310058273e-03
0002 1.4347321101200922e-04 3.0927868498475601e-03
0003 1.4347784593148706e-04 2.8985130845087005e-03
0004 1.4348256972352555e-04 2.6981365647186927e-03
0005 1.4348736687573981e-04 2.4964072022262557e-03
0006 1.4349222652407779e-04 2.2969721907856221e-03
0007 1.4349714072939282e-04 2.1025848773861076e-03
0008 1.4350210342837071e-04 1.9152772559638876e-03
0009 1.4350710979573386e-04 1.7365021834857034e-03
0010 1.4351215585300145e-04 1.5672495391105105e-03
0011 1.4351723822084858e-04 1.4081424311755330e-03
0012 1.4352235396356499e-04 1.2595187095338152e-03
0013 1.4352750049113008e-04 1.1214959506586479e-03
0014 1.4353267548526633e-04 9.9402746749468617e-04
0015 1.4353787685642390e-04 8.7695046179104208e-04
0016 1.4354310270795989e-04 7.7002560686570518e-04
0017 1.4354835131181936e-04 6.7297346880408431e-04
0018 1.4355362108626416e-04 5.8550921097487083e-04
0019 1.4355891058009682e-04 5.0737565260867675e-04
0020 1.4356421846001711e-04 4.3837204970151208e-04
0021 1.4356954349964706e-04 3.7838487279649664e-04
0022 1.4357488456419199e-04 3.2740529358266432e-04
0023 1.4358024060858387e-04 2.8551653561690340e-04
0024 1.4358561066480076e-04 2.5281634096598803e-04
0025 1.4359099383723777e-04 2.2924865137796281e-04
0026 1.4359638929489334e-04 2.1436832877818877e-04
0027 1.4360179626605736e-04 2.0717428549223043e-04
0028 1.4360721403519413e-04 2.0617614748476228e-04
0029 1.4361264193503054e-04 2.0968617113175931e-04
0030 1.4361807934446891e-04 2.1614126951635036e-04
0031 1.4362352568517812e-04 2.2428859633386792e-04
0032 1.4362898041689982e-04 2.3322034952534751e-04
0033 1.4363444303616552e-04 2.4232355737642086e-04
0034 1.4363991307098464e-04 2.5120763134314067e-04
0035 1.4364539008087447e-04 2.5963767804406762e-04
0036 1.4365087365357716e-04 2.6748496558266912e-04
0037 1.4365636340146849e-04 2.7469024439678218e-04
0038 1.4366185896416442e-04 2.8123869530512647e-04
0039 1.4366736000022751e-04 2.8714468562819417e-04
0040 1.4367286619050871e-04 2.9243888400241875e-04
0041 1.4367837723637875e-04 2.9716195260496930e-04
0042 1.4368389285601547e-04 3.0135942489911449e-04
0043 1.4368941278398707e-04 3.0507758713967521e-04
0044 1.4369493677362765e-04 3.0836297512107819e-04
0045 1.4370046458863714e-04 3.1125939210678810e-04
0046 1.4370599601018689e-04 3.1380910486656304e-04
0047 1.4371153082977874e-04 3.1605033216348233e-04
0048 1.4371706885363156e-04 3.1801890912665535e-04
0049 1.4372260989644226e-04 3.1974601709641574e-04
0050 1.4372815378503828e-04 3.2126110461435661e-04
0051 1.4373370035757231e-04 3.2258962614119431e-04
0052 1.4373924945841035e-04 3.2375507871073488e-04
0053 1.4374480094295276e-04 3.2477761491365688e-04
0054 1.4375035467624649e-04 3.2567518484579312e-04
0055 1.4375591052718717e-04 3.2646412252728183e-04
0056 1.4376146837490639e-04 3.2715783076010997e-04
0057 1.4376702810536062e-04 3.2776876570999637e-04
0058 1.4377258960970602e-04 3.2830741075376684e-04
0059 1.4377815278663982e-04 3.2878357486251656e-04
0060 1.4378371754032810e-04 3.2920496044213987e-04
0061 1.4378928377905799e-04 3.2957876087349704e-04
0062 1.4379485141900066e-04 3.2991101240176408e-04
0063 1.4380042037811239e-04 3.3020650268284412e-04
0064 1.4380599058263604e-04 3.3047005866074870e-04
0065 1.4381156195890515e-04 3.3070608465062603e-04
0066 1.4381713444097189e-04 3.3091726277821620e-04
0067 1.4382270796453267e-04 3.3110707709127648e-04
0068 1.4382828246983111e-04 3.3127750076831087e-04
0069 1.4383385790152906e-04 3.3143100567826014e-04
0070 1.4383943420527841e-04 3.3156948094458357e-04
0071 1.4384501133258697e-04 3.3169448407395827e-04
0072 1.4385058923472799e-04 3.3180734482930990e-04
0073 1.4385616786945839e-04 3.3190942062414692e-04
0074 1.4386174719423358e-04 3.3200125792795060e-04
0075 1.4386732716962711e-04 3.3208431843343334e-04
0076 1.4387290775913302e-04 3.3215922706484799e-04
0077 1.4387848892888147e-04 3.3222655531233998e-04
0078 1.4388407064590305e-04 3.3228692571877431e-04
0079 1.4388965288017938e-04 3.3234082839818228e-04
0080 1.4389523560281255e-04 3.3238883619193701e-04
0081 1.4390081878739913e-04 3.3243154883801112e-04
0082 1.4390640240893711e-04 3.3246897188619949e-04
0083 1.4391198644420826e-04 3.3250174129046062e-04
0084 1.4391757087044659e-04 3.3253005632864188e-04
0085 1.4392315566840239e-04 3.3255417041035921e-04
0086 1.4392874081787827e-04 3.3257458983742703e-04
0087 1.4393432630217752e-04 3.3259123440246914e-04
0088 1.4393991210408545e-04 3.3260450711552575e-04
0089 1.4394549820773180e-04 3.3261456796109662e-04
0090 1.4395108459957148e-04 3.3262165551278133e-04
0091 1.4395667126576776e-04 3.3262613355734063e-04
0092 1.4396225819441520e-04 3.3262759815233582e-04
0093 1.4396784537313084e-04 3.3262632867717774e-04
0094 1.4397343279341345e-04 3.3262314270327036e-04
0095 1.4397902044307255e-04 3.3261768995870931e-04
0096 1.4398460831495488e-04 3.3260987440397635e-04
0097 1.4399019639994726e-04 3.3260033622016511e-04
0098 1.4399578469112111e-04 3.3258902735989619e-04
0099 1.4400137318161061e-04 3.3257589959111226e-04
0100 1.4400696139655773e-04 3.3236547734432086e-04
0101 1.4401255037372866e-04 3.3239819846117065e-04
0102 1.4401813949634917e-04 3.3242082130501504e-04
0103 1.4402372877120019e-04 3.3243508447804696e-04
0104 1.4402931820235558e-04 3.3244180881814955e-04
0105 1.4403490779327317e-04 3.3244161222418107e-04
0106 1.4404049754504752e-04 3.3243634028815451e-04
0107 1.4404608745669808e-04 3.3242589759992989e-04
0108 1.4405167753042195e-04 3.3241151537428504e-04
0109 1.4405726776063651e-04 3.3239399829616107e-04
0110 1.4406285815052796e-04 3.3237372351813626e-04
0111 1.4406844869910258e-04 3.3235094682962721e-04
0112 1.4407403940616304e-04 3.3232640429121555e-04
0113 1.4407963027044871e-04 3.3230026756614491e-04
0114 1.4408522129150689e-04 3.3227250260592904e-04
0115 1.4409081247085203e-04 3.3224410623555463e-04
0116 1.4409640380762064e-04 3.3221476475750223e-04
0117 1.4410199530351950e-04 3.3218448095262659e-04
0118 1.4410758695805915e-04 3.3215338451277092e-04
0119 1.4411317877371233e-04 3.3212252008929283e-04
0120 1.4411877075100359e-04 3.3209143944380211e-04
0121 1.4412436289107280e-04 3.3205938645496812e-04
0122 1.4412995519670304e-04 3.3202784334481541e-04
0123 1.4413554766806253e-04 3.3199627948505639e-04
0124 1.4414114030896215e-04 3.3196461455675284e-04
0125 1.4414673312091144e-04 3.3193314971171288e-04
0126 1.4415232610607534e-04 3.3190166332968220e-04
0127 1.4415791926661117e-04 3.3186993313412763e-04
0128 1.4416351260565638e-04 3.3183905788227667e-04
0129 1.4416910612547696e-04 3.3180808544822218e-04
0130 1.4417469982925022e-04 3.3177719394016417e-04
0131 1.4418029372017735e-04 3.3174654510853742e-04
0132 1.4418588780034151e-04 3.3171595252674114e-04
0133 1.4419148207360085e-04 3.3168577313802969e-04
0134 1.4419707654206442e-04 3.3165574703874356e-04
0135 1.4420267121090049e-04 3.3162629268490036e-04
0136 1.4420826608240009e-04 3.3159679286008632e-04
0137 1.4421386116023551e-04 3.3156823698795505e-04
0138 1.4421945644705643e-04 3.3153936706798023e-04
0139 1.4422505194739836e-04 3.3151099826860718e-04
0140 1.4423064766459502e-04 3.3148319820504698e-04
0141 1.4423624360227551e-04 3.3145583771115655e-04
0142 1.4424183976442052e-04 3.3142868220899544e-04
0143 1.4424743615486390e-04 3.3140215618569064e-04
0144 1.4425303277597261e-04 3.3137569638573089e-04
0145 1.4425862963304614e-04 3.3134934793896658e-04
0146 1.4426422672983845e-04 3.3132375272131211e-04
0147 1.4426982406952706e-04 3.3129822738268218e-04
0148 1.4427542165704074e-04 3.3127293166190899e-04
0149 1.4428101949747824e-04 3.3124879292536900e-04
0150 1.4428661758683365e-04 3.3122465127666050e-04
0151 1.4429221593936878e-04 3.3120068791099523e-04
0152 1.4429781455496188e-04 3.3117760102580811e-04
0153 1.4430341343886119e-04 3.3115486879501912e-04
0154 1.4430901258938975e-04 3.3113231864089962e-04
0155 1.4431461201789170e-04 3.3111085125789557e-04
0156 1.4432021172421097e-04 3.3108906886294975e-04
0157 1.4432581171330613e-04 3.3106777167699362e-04
0158 1.4433141198968302e-04 3.3104674289067193e-04
0159 1.4433701255753848e-04 3.3102648090148481e-04
0160 1.4434261342027805e-04 3.3100717361603759e-04
0161 1.4434821457936180e-04 3.3098763152667349e-04
0162 1.4435381604322662e-04 3.3096843904773546e-04
0163 1.4435941781283245e-04 3.3095005274122317e-04
0164 1.4436501989315267e-04 3.3093185528081608e-04
0165 1.4437062228824459e-04 3.3091446586143978e-04
0166 1.4437622500171896e-04 3.3089784434913664e-04
0167 1.4438182803718034e-04 3.3088099877036131e-04
0168 1.4438743139846504e-04 3.3086489288793606e-04
0169 1.4439303509046828e-04 3.3084907092454470e-04
0170 1.4439863911506025e-04 3.3083367909049477e-04
0171 1.4440424347844384e-04 3.3081917326141383e-04
0172 1.4440984818182728e-04 3.3080499708210446e-04
0173 1.4441545323010696e-04 3.3079122034795205e-04
0174 1.4442105862851333e-04 3.3077764355299413e-04
0175 1.4442666437802565e-04 3.3076459285236946e-04
0176 1.4443227048452484e-04 3.3075200423375638e-04
0177 1.4443787694976403e-04 3.3073978753215904e-04
0178 1.4444348377904036e-04 3.3072820279037626e-04
0179 1.4444909097377094e-04 3.3071724169529893e-04
0180 1.4445469854028364e-04 3.3070693832609429e-04
0181 1.4446030647969154e-04 3.3069625040398065e-04
0182 1.4446591479677588e-04 3.3068621680695304e-04
0183 1.4447152349572460e-04 3.3067639870048654e-04
0184 1.4447713257683098e-04 3.3066781572854540e-04
0185 1.4448274204580423e-04 3.3065935824699085e-04
0186 1.4448835190608282e-04 3.3065139718224489e-04
0187 1.4449396216015798e-04 3.3064370797612666e-04
0188 1.4449957281198857e-04 3.3063619418871051e-04
0189 1.4450518386343149e-04 3.3062944182508182e-04
0190 1.4451079532049616e-04 3.3062327811643428e-04
0191 1.4451640718176763e-04 3.3061708926352985e-04
0192 1.4452201945430870e-04 3.3061157425084292e-04
0193 1.4452763213993928e-04 3.3060638762547420e-04
0194 1.4453324524082181e-04 3.3060148422147913e-04
0195 1.4453885876148425e-04 3.3059733543673819e-04
0196 1.4454447270409638e-04 3.3059362419744922e-04
0197 1.4455008707109135e-04 3.3059013130736322e-04
0198 1.4455570186880831e-04 3.3058692024849558e-04
0199 1.4456131709028215e-04 3.3058395844771910e-04
0200 1.4456693274855778e-04 3.3058179327873294e-04
0201 1.4457254884346190e-04 3.3057955629379332e-04
0202 1.4457816537665808e-04 3.3057799406821921e-04
0203 1.4458378235113350e-04 3.3057656961519097e-04
0204 1.4458939976930499e-04 3.3057583607392206e-04
0205 1.4459501763485348e-04 3.3057563747708755e-04
0206 1.4460063594739819e-04 3.3057497476292422e-04
0207 1.4460625471205820e-04 3.3057506237373183e-04
0208 1.4461187393155660e-04 3.3057584668343620e-04
0209 1.4461749360666473e-04 3.3057679231718871e-04
0210 1.4462311374123543e-04 3.3057825318997652e-04
0211 1.4462873433619802e-04 3.3057966670490445e-04
0212 1.4463435539353295e-04 3.3058140756515533e-04
0213 1.4463997691692879e-04 3.3058369359287694e-04
0214 1.4464559890852333e-04 3.3058597652652646e-04
0215 1.4465122136911979e-04 3.3058881007190982e-04
0216 1.4465684430265465e-04 3.3059240288657560e-04
0217 1.4466246770921637e-04 3.3059621436669470e-04
0218 1.4466809159211443e-04 3.3060011433293549e-04
0219 1.4467371595244490e-04 3.3060363472746504e-04
0220 1.4467934079330166e-04 3.3060798046401809e-04
0221 1.4468496611562347e-04 3.3061251944542644e-04
0222 1.4469059192143653e-04 3.3061739244509791e-04
0223 1.4469621821285735e-04 3.3062309108248752e-04
0224 1.4470184499114182e-04 3.3062849148768439e-04
0225 1.4470747225881918e-04 3.3063464606761640e-04
0226 1.4471310001700104e-04 3.3064079726399180e-04
0227 1.4471872826753545e-04 3.3064725604977632e-04
0228 1.4472435701164160e-04 3.3065394429281688e-04
0229 1.4472998625118444e-04 3.3066062112724099e-04
0230 1.4473561598812198e-04 3.3066782870696317e-04
0231 1.4474124622349509e-04 3.3067502681999642e-04
0232 1.4474687695836645e-04 3.3068262478003961e-04
0233 1.4475250819418771e-04 3.3069046049377280e-04
0234 1.4475813993329218e-04 3.3069872566446351e-04
0235 1.4476377217661492e-04 3.3070703341851770e-04
0236 1.4476940492507196e-04 3.3071577412561992e-04
0237 1.4477503818040953e-04 3.3072474813756602e-04
0238 1.4478067194230733e-04 3.3073362481333236e-04
0239 1.4478630621395945e-04 3.3074327678686430e-04
0240 1.4479194099613468e-04 3.3075254777476556e-04
0241 1.4479757629143276e-04 3.3076241417665501e-04
0242 1.4480321209437463e-04 3.3077226166122520e-04
0243 1.4480884841364916e-04 3.3078256307190416e-04
0244 1.4481448524588755e-04 3.3079240684318772e-04
0245 1.4482012259436119e-04 3.3080285904347703e-04
0246 1.4482576045930245e-04 3.3081384889540851e-04
0247 1.4483139884336542e-04 3.3082507044413531e-04
0248 1.4483703774071353e-04 3.3083624610873375e-04
0249 1.4484267716150469e-04 3.3084737744352104e-04
0250 1.4484831709703290e-04 3.3085886017723154e-04
0251 1.4485395755542757e-04 3.3087040815609435e-04
0252 1.4485959853599204e-04 3.3088197565090457e-04
0253 1.4486524003679607e-04 3.3089392192988862e-04
0254 1.4487088206145362e-04 3.3090600857139073e-04
0255 1.4487652460787784e-04 3.3091815200699746e-04
0256 1.4488216767885733e-04 3.3093057993229550e-04
0257 1.4488781127436045e-04 3.3094333037872920e-04
0258 1.4489345539458478e-04 3.3095608213613403e-04
0259 1.4489910003970318e-04 3.3096898638308356e-04
0260 1.4490474521124258e-04 3.3098210509295415e-04
0261 1.4491039090736848e-04 3.3099512174794739e-04
0262 1.4491603713295205e-04 3.3100846691435000e-04
0263 1.4492168388213815e-04 3.3102184220194314e-04
0264 1.4492733116170111e-04 3.3103562062144587e-04
0265 1.4493297896707279e-04 3.3104924499597542e-04
0266 1.4493862730161522e-04 3.3106298425838304e-04
0267 1.4494427616376133e-04 3.3107696838762782e-04
0268 1.4494992555453534e-04 3.3109129844024614e-04
0269 1.4495557547537774e-04 3.3110561224341227e-04
0270 1.4496122592343093e-04 3.3111994604056056e-04
0271 1.4496687690224226e-04 3.3113433553966595e-04
0272 1.4497252840932128e-04 3.3114903079259871e-04
0273 1.4497818044668085e-04 3.3116355175720854e-04
0274 1.4498383301289890e-04 3.3117824887033835e-04
0275 1.4498948610944034e-04 3.3119314615427897e-04
0276 1.4499513973480156e-04 3.3120834095505417e-04
0277 1.4500079389065932e-04 3.3122320416311920e-04
0278 1.4500644857544519e-04 3.3123814716869138e-04
0279 1.4501210379066587e-04 3.3125368550233854e-04
0280 1.4501775953522220e-04 3.3126882470423694e-04
0281 1.4502341580890986e-04 3.3128428472034029e-04
0282 1.4502907261373634e-04 3.3129997231628799e-04
0283 1.4503472994790387e-04 3.3131537104770341e-04
0284 1.4504038780856001e-04 3.3133084476137165e-04
0285 1.4504604620019170e-04 3.3134695843794424e-04
0286 1.4505170512093453e-04 3.3136263107300476e-04
0287 1.4505736457000906e-04 3.3137864004905018e-04
0288 1.4506302454857730e-04 3.3139480819452838e-04
0289 1.4506868505490735e-04 3.3141072298567109e-04
0290 1.4507434609151870e-04 3.3142719713360531e-04
0291 1.4508000765179813e-04 3.3144333841919588e-04
0292 1.4508566974239778e-04 3.3145946806251636e-04
0293 1.4509133236038032e-04 3.3147554118073002e-04
0294 1.4509699550449749e-04 3.3149209094264433e-04
0295 1.4510265917675076e-04 3.3150888072539181e-04
0296 1.4510832337369996e-04 3.3152537882682033e-04
0297 1.4511398809708236e-04 3.3154208271457173e-04
0298 1.4511965334600379e-04 3.3155868356818808e-04
0299 1.4512531912044404e-04 3.3157537626224426e-04
0300 1.4513098541977428e-04 3.3159223566349406e-04
0301 1.4513665224326054e-04 3.3160923709959177e-04
0302 1.4514231959090131e-04 3.3162634682420484e-04
0303 1.4514798746222753e-04 3.3164295201510102e-04
0304 1.4515365585680826e-04 3.3165936072245748e-04
0305 1.4515932477328659e-04 3.3167660716698546e-04
0306 1.4516499421165922e-04 3.3169351641377116e-04
0307 1.4517066417257034e-04 3.3171064648361266e-04
0308 1.4517633465599327e-04 3.3172817829494434e-04
0309 1.4518200565628595e-04 3.3174494019586601e-04
0310 1.4518767717851613e-04 3.3176238276299278e-04
0311 1.4519334922066270e-04 3.3177973806095701e-04
0312 1.4519902178198257e-04 3.3179684340726257e-04
0313 1.4520469486030624e-04 3.3181426965089432e-04
0314 1.4521036845672634e-04 3.3183162278756657e-04
0315 1.4521604257168385e-04 3.3184918556621880e-04
0316 1.4522171720233684e-04 3.3186644306963333e-04
0317 1.4522739234898552e-04 3.3188372405832170e-04
0318 1.4523306801028356e-04 3.3190136681985342e-04
0319 1.4523874418728811e-04 3.3191890315937487e-04
0320 1.4524442087917040e-04 3.3193618722020268e-04
0321 1.4525009808507132e-04 3.3195363289564329e-04
0322 1.4525577579868008e-04 3.3197126427055886e-04
0323 1.4526145402853020e-04 3.3198902460807522e-04
0324 1.4526713276932608e-04 3.3200684287649351e-04
0325 1.4527281202153094e-04 3.3202476274878296e-04
0326 1.4527849178227125e-04 3.3204222706434319e-04
0327 1.4528417205402164e-04 3.3206029329686782e-04
0328 1.4528985283422446e-04 3.3207810681076149e-04
0329 1.4529553412220039e-04 3.3209609961250627e-04
0330 1.4530121591762839e-04 3.3211356159845988e-04
0331 1.4530689821840286e-04 3.3213114616502165e-04
0332 1.4531258102623576e-04 3.3214883579248513e-04
0333 1.4531826433946757e-04 3.3216648103379863e-04
0334 1.4532394815526043e-04 3.3218453793814050e-04
0335 1.4532963247597326e-04 3.3220224691676983e-04
0336 1.4533531729968088e-04 3.3222013849514595e-04
0337 1.4534100262571435e-04 3.3223812837442285e-04
0338 1.4534668845308244e-04 3.3225587959726638e-04
0339 1.4535237478014167e-04 3.3227341502684948e-04
0340 1.4535806160724567e-04 3.3229153284615199e-04
0341 1.4536374893420415e-04 3.3230943071770329e-04
0342 1.4536943675929150e-04 3.3232769930772104e-04
0343 1.4537512508191582e-04 3.3234550391661140e-04
0344 1.4538081390131822e-04 3.3236375176203648e-04
0345 1.4538650321623995e-04 3.3238147736856197e-04
0346 1.4539219302622382e-04 3.3239969788459320e-04
0347 1.4539788333236989e-04 3.3241781559593400e-04
0348 1.4540357412933593e-04 3.3243558950743355e-04
0349 1.4540926542047836e-04 3.3245365170908207e-04
0350 1.4541495720355366e-04 3.3247155446390272e-04
0351 1.4542064947879030e-04 3.3248938834616110e-04
0352 1.4542634224284199e-04 3.3250761043986858e-04
0353 1.4543203549697821e-04 3.3252581894969866e-04
0354 1.4543772924031069e-04 3.3254373142779884e-04
0355 1.4544342347129087e-04 3.3256157753324821e-04
0356 1.4544911818946724e-04 3.3257943867686957e-04
0357 1.4545481339415647e-04 3.3259761816983765e-04
0358 1.4546050908431033e-04 3.3261535585492276e-04
0359 1.4546620525878975e-04 3.3263343439106022e-04
0360 1.4547190191756189e-04 3.3265145731084089e-04
0361 1.4547759905914122e-04 3.3267005439714540e-04
0362 1.4548329668349203e-04 3.3268823107712443e-04
0363 1.4548899478910186e-04 3.3270642298261307e-04
0364 1.4549469337519564e-04 3.3272428864189289e-04
0365 1.4550039244147405e-04 3.3274259435419479e-04
0366 1.4550609198559216e-04 3.3276054264399975e-04
0367 1.4551179200964791e-04 3.3277849602385154e-04
0368 1.4551749250950132e-04 3.3279623047483762e-04
0369 1.4552319348740524e-04 3.3281452152184076e-04
0370 1.4552889493977834e-04 3.3283266848677318e-04
0371 1.4553459686733337e-04 3.3285079326071827e-04
0372 1.4554029926971442e-04 3.3286890043783096e-04
0373 1.4554600214388650e-04 3.3288649249240950e-04
0374 1.4555170549122694e-04 3.3290444929632451e-04
0375 1.4555740931045485e-04 3.3292246248659978e-04
0376 1.4556311360080306e-04 3.3294018907803832e-04
0377 1.4556881836218851e-04 3.3295841022797193e-04
0378 1.4557452359012177e-04 3.3297658896592103e-04
0379 1.4558022928745824e-04 3.3299447680460283e-04
0380 1.4558593545225173e-04 3.3301233324370156e-04
0381 1.4559164208530418e-04 3.3303038414678849e-04
0382 1.4559734918427847e-04 3.3304881925243901e-04
0383 1.4560305674552707e-04 3.3306708000311447e-04
0384 1.4560876477401848e-04 3.3308496911779121e-04
0385 1.4561447326493177e-04 3.3310277877098308e-04
0386 1.4562018221819551e-04 3.3312021227786939e-04
0387 1.4562589163464362e-04 3.3313816236298506e-04
0388 1.4563160151103867e-04 3.3315614629583865e-04
0389 1.4563731184902566e-04 3.3317427766099526e-04
0390 1.4564302264745283e-04 3.3319209255439460e-04
0391 1.4564873390165523e-04 3.3320997080963830e-04
0392 1.4565444561579001e-04 3.3322821666564352e-04
0393 1.4566015778697995e-04 3.3324631029143798e-04
0394 1.4566587041473750e-04 3.3326444933783999e-04
0395 1.4567158349856120e-04 3.3328227974715107e-04
0396 1.4567729703620369e-04 3.3329983948235387e-04
0397 1.4568301102813828e-04 3.3331772868464758e-04
0398 1.4568872547455122e-04 3.3333549969588556e-04
0399 1.4569444037298106e-04 3.3335350394665875e-04
0400 1.4570015572225716e-04 3.3337123216415254e-04
0401 1.4570587152445519e-04 3.3338918556175814e-04
0402 1.4571158777525122e-04 3.3340739731135697e-04
0403 1.4571730447667032e-04 3.3342511689005491e-04
0404 1.4572302162622273e-04 3.3344291561926838e-04
0405 1.4572873922433200e-04 3.3346087793494072e-04
0406 1.4573445726927413e-04 3.3347892918391049e-04
0407 1.4574017576102062e-04 3.3349658620469602e-04
0408 1.4574589469879229e-04 3.3351420777128610e-04
0409 1.4575161408156927e-04 3.3353191573654879e-04
0410 1.4575733390932610e-04 3.3354976631087482e-04
0411 1.4576305417851777e-04 3.3356743570004251e-04
0412 1.4576877489177494e-04 3.3358523642141859e-04
0413 1.4577449604748002e-04 3.3360254880938363e-04
0414 1.4578021764530047e-04 3.3362031554046899e-04
0415 1.4578593968242714e-04 3.3363843203098437e-04
0416 1.4579166216073359e-04 3.3365651368577278e-04
0417 1.4579738507635752e-04 3.3367430697974848e-04
0418 1.4580310843265379e-04 3.3369220904057561e-04
0419 1.4580883222543089e-04 3.3370961930722449e-04
0420 1.4581455645555787e-04 3.3372751603191807e-04
0421 1.4582028112253954e-04 3.3374525416314397e-04
0422 1.4582600622501310e-04 3.3376288687718766e-04
0423 1.4583173176266508e-04 3.3377998223579441e-04
0424 1.4583745773420932e-04 3.3379796167189234e-04
0425 1.4584318414025027e-04 3.3381576973859735e-04
0426 1.4584891097882527e-04 3.3383327188378584e-04
0427 1.4585463824963628e-04 3.3385079799303429e-04
0428 1.4586036595183000e-04 3.3386841606363441e-04
0429 1.4586609408521082e-04 3.3388595799708749e-04
0430 1.4587182264859318e-04 3.3390347379318262e-04
0431 1.4587755164148270e-04 3.3392096494740716e-04
0432 1.4588328106432012e-04 3.3393881837517079e-04
0433 1.4588901091477861e-04 3.3395622872981531e-04
0434 1.4589474119127693e-04 3.3397378976494159e-04
0435 1.4590047189575963e-04 3.3399135345802642e-04
0436 1.4590620302725864e-04 3.3400872843903007e-04
0437 1.4591193458463115e-04 3.3402674545392490e-04
0438 1.4591766656524619e-04 3.3404414056283890e-04
0439 1.4592339897113405e-04 3.3406159552187625e-04
0440 1.4592913180015235e-04 3.3407916963337244e-04
0441 1.4593486505467092e-04 3.3409683996885948e-04
0442 1.4594059872820992e-04 3.3411431028895891e-04
0443 1.4594633282792225e-04 3.3413192511674828e-04
0444 1.4595206734275545e-04 3.3414905593543809e-04
0445 1.4595780228115061e-04 3.3416617780342053e-04
0446 1.4596353763945079e-04 3.3418397610280448e-04
0447 1.4596927341736156e-04 3.3420146841301227e-04
0448 1.4597500961295245e-04 3.3421878738886874e-04
0449 1.4598074622714337e-04 3.3423591802690872e-04
0450 1.4598648325926393e-04 3.3425352094230396e-04
0451 1.4599222070749393e-04 3.3427070165393212e-04
0452 1.4599795857225389e-04 3.3428840370925707e-04
0453 1.4600369685213488e-04 3.3430597277999362e-04
0454 1.4600943554719288e-04 3.3432323326213197e-04
0455 1.4601517465695959e-04 3.3434072158409882e-04
0456 1.4602091418019112e-04 3.3435830932072863e-04
0457 1.4602665411641560e-04 3.3437574275396942e-04
0458 1.4603239446548210e-04 3.3439278212977038e-04
0459 1.4603813522680577e-04 3.3441018021006165e-04
0460 1.4604387639982529e-04 3.3442733636552852e-04
0461 1.4604961798250391e-04 3.3444454015204189e-04
0462 1.4605535997607640e-04 3.3446194495436664e-04
0463 1.4606110237879439e-04 3.3447901447125009e-04
0464 1.4606684519101386e-04 3.3449605940347752e-04
0465 1.4607258841195397e-04 3.3451362497398396e-04
0466 1.4607833204052328e-04 3.3453088007513856e-04
0467 1.4608407607663066e-04 3.3454825395688064e-04
0468 1.4608982051978907e-04 3.3456589498406238e-04
0469 1.4609556536908266e-04 3.3458319202608460e-04
0470 1.4610131062415795e-04 3.3460047066095146e-04
0471 1.4610705628316718e-04 3.3461748371099346e-04
0472 1.4611280234887018e-04 3.3463464786479089e-04
0473 1.4611854881618609e-04 3.3465216033596223e-04
0474 1.4612429568809301e-04 3.3466923354552618e-04
0475 1.4613004296287928e-04 3.3468650203388468e-04
0476 1.4613579064030104e-04 3.3470341386158346e-04
0477 1.4614153871870286e-04 3.3472105733452852e-04
0478 1.4614728719854338e-04 3.3473787838988838e-04
0479 1.4615303607977295e-04 3.3475508416947597e-04
0480 1.4615878536065486e-04 3.3477226598256735e-04
0481 1.4616453504107081e-04 3.3478960305695078e-04
0482 1.4617028512054536e-04 3.3480672599181109e-04
0483 1.4617603559973112e-04 3.3482367927360762e-04
0484 1.4618178647511111e-04 3.3484072914027917e-04
0485 1.4618753774752106e-04 3.3485848314084238e-04
0486 1.4619328941878758e-04 3.3487528002621461e-04
0487 1.4619904148500658e-04 3.3489242016207933e-04
0488 1.4620479394746800e-04 3.3490965141439539e-04
0489 1.4621054680651895e-04 3.3492674426787746e-04
0490 1.4621630005914372e-04 3.3494382576855502e-04
0491 1.4622205370526902e-04 3.3496079979690739e-04
0492 1.4622780774596435e-04 3.3497841040801274e-04
0493 1.4623356217989412e-04 3.3499533426660586e-04
0494 1.4623931700663532e-04 3.3501213409065783e-04
0495 1.4624507222430960e-04 3.3502933281266955e-04
0496 1.4625082783489656e-04 3.3504647325568717e-04
0497 1.4625658383664886e-04 3.3506357079380504e-04
0498 1.4626234022912569e-04 3.3508082053758034e-04
0499 1.4626809701151090e-04 3.3509788069743920e-04
0500 1.4627385418218247e-04 3.3511501840637384e-04
0501 1.4627961174344962e-04 3.3513175689635463e-04
0502 1.4628536969397317e-04 3.3514899307062336e-04
0503 1.4629112803005227e-04 3.3516590177110165e-04
0504 1.4629688675474122e-04 3.3518296608234401e-04
0505 1.4630264586751191e-04 3.3520032781364593e-04
0506 1.4630840536494728e-04 3.3521767077420057e-04
0507 1.4631416524936341e-04 3.3523459272939682e-04
0508 1.4631992551882424e-04 3.3525128641973234e-04
0509 1.4632568617398335e-04 3.3526846966461081e-04
0510 1.4633144721273977e-04 3.3528570513687147e-04
0511 1.4633720863659009e-04 3.3530262317730159e-04
0512 1.4634297044259053e-04 3.3531955493508258e-04
0513 1.4634873263238160e-04 3.3533651969164940e-04
0514 1.4635449520336458e-04 3.3535377656354403e-04
0515 1.4636025815785488e-04 3.3537046120657546e-04
0516 1.4636602149331861e-04 3.3538749791319590e-04
0517 1.4637178521129324e-04 3.3540482357674687e-04
0518 1.4637754930506001e-04 3.3542219894860741e-04
0519 1.4638331378106115e-04 3.3543896579393292e-04
0520 1.4638907863700440e-04 3.3545629796503408e-04
0521 1.4639484387211040e-04 3.3547319413325784e-04
0522 1.4640060948494801e-04 3.3549026781073445e-04
0523 1.4640637547593276e-04 3.3550710934856571e-04
0524 1.4641214184487689e-04 3.3552438790486141e-04
0525 1.4641790859014185e-04 3.3554132999127326e-04
0526 1.4642367571093836e-04 3.3555841533201803e-04
0527 1.4642944321040252e-04 3.3557564981927235e-04
0528 1.4643521108137370e-04 3.3559277937966682e-04
0529 1.4644097932990636e-04 3.3560969841358440e-04
0530 1.4644674795131354e-04 3.3562636506915156e-04
0531 1.4645251694699339e-04 3.3564296613829007e-04
0532 1.4645828631597166e-04 3.3565998025078487e-04
0533 1.4646405605908675e-04 3.3567717040935789e-04
0534 1.4646982617257150e-04 3.3569436466482729e-04
0535 1.4647559665994394e-04 3.3571175334298650e-04
0536 1.4648136751739787e-04 3.3572914885841165e-04
0537 1.4648713874754307e-04 3.3574592612690783e-04
0538 1.4649291034485816e-04 3.3576308039355980e-04
0539 1.4649868231357370e-04 3.3578018905102395e-04
0540 1.4650445465194496e-04 3.3579707492966706e-04
0541 1.4651022735910055e-04 3.3581433496422816e-04
0542 1.4651600043399227e-04 3.3583146590045746e-04
0543 1.4652177387700449e-04 3.3584860696371754e-04
0544 1.4652754768797237e-04 3.3586550619704757e-04
0545 1.4653332186505608e-04 3.3588248983102797e-04
0546 1.4653909640814633e-04 3.3589927566323846e-04
0547 1.4654487131754096e-04 3.3591616462508159e-04
0548 1.4655064659211526e-04 3.3593364312121547e-04
0549 1.4655642223151025e-04 3.3595047950282368e-04
0550 1.4656219823499427e-04 3.3596744354138846e-04
0551 1.4656797460252906e-04 3.3598455577650143e-04
0552 1.4657375133322837e-04 3.3600166998598005e-04
0553 1.4657952842724725e-04 3.3601918729170716e-04
0554 1.4658530588243466e-04 3.3603627915661542e-04
0555 1.4659108370021926e-04 3.3605342285900872e-04
0556 1.4659686187989569e-04 3.3607058502610856e-04
0557 1.4660264041859710e-04 3.3608754834890241e-04
0558 1.4660841931690078e-04 3.3610467775795007e-04
0559 1.4661419857614749e-04 3.3612176573364391e-04
0560 1.4661997819456662e-04 3.3613862396217190e-04
0561 1.4662575817153692e-04 3.3615592995175084e-04
0562 1.4663153850663662e-04 3.3617309616611603e-04
0563 1.4663731919920003e-04 3.3619025897529313e-04
0564 1.4664310024947909e-04 3.3620728834121591e-04
0565 1.4664888165631822e-04 3.3622424285974575e-04
0566 1.4665466341803188e-04 3.3624131508081938e-04
0567 1.4666044553572643e-04 3.3625845434795523e-04
0568 1.4666622800866473e-04 3.3627563945573026e-04
0569 1.4667201083719050e-04 3.3629325111939453e-04
0570 1.4667779401732995e-04 3.3631050715340129e-04
0571 1.4668357755350496e-04 3.3632732155901084e-04
0572 1.4668936143898958e-04 3.3634469207720574e-04
0573 1.4669514567911690e-04 3.3636153598094498e-04
0574 1.4670093027159206e-04 3.3637883251010374e-04
0575 1.4670671521643108e-04 3.3639617264843904e-04
0576 1.4671250050834702e-04 3.3641291586574150e-04
0577 1.4671828615332106e-04 3.3643044415634238e-04
0578 1.4672407214837426e-04 3.3644766765496313e-04
0579 1.4672985849216929e-04 3.3646472228679030e-04
0580 1.4673564518150739e-04 3.3648187067370243e-04
0581 1.4674143222137152e-04 3.3649940451965007e-04
0582 1.4674721960918213e-04 3.3651662796145885e-04
0583 1.4675300734354072e-04 3.3653363739324796e-04
0584 1.4675879542553230e-04 3.3655104053647097e-04
0585 1.4676458385189326e-04 3.3656810121601157e-04
0586 1.4677037262407928e-04 3.3658547374971738e-04
0587 1.4677616174297900e-04 3.3660238900765213e-04
0588 1.4678195120326228e-04 3.3662010179859938e-04
0589 1.4678774101033280e-04 3.3663725546595176e-04
0590 1.4679353115822164e-04 3.3665451242535408e-04
0591 1.4679932164900637e-04 3.3667164384703545e-04
0592 1.4680511248331291e-04 3.3668855913360554e-04
0593 1.4681090365744983e-04 3.3670594503266320e-04
0594 1.4681669517441109e-04 3.3672347932465720e-04
0595 1.4682248703030629e-04 3.3674083290454831e-04
0596 1.4682827922689237e-04 3.3675804579692885e-04
0597 1.4683407176325448e-04 3.3677510997085115e-04
0598 1.4683986463846682e-04 3.3679296760537688e-04
0599 1.4684565785164774e-04 3.3681045190245767e-04
0600 1.4685145140233872e-04 3.3682730368327080e-04
