656464.1868420067
1344567.3391723486
958987.6777867948
381152.04775753245
31147.3311710857
3852.978657496215
647.3747143692335
162.42744387735263
60.28188867853535
29.771441629681334
17.56124475101877
11.530071264840982
8.11180253963971
5.995513273504546
4.604636392224905
3.649521612124753
2.970398737948388
2.4731581192269854
2.099189181907534
1.8117438712775085
1.5862019642080785
1.4057961554462013
1.2589452049375185
1.1374615048602517
1.0354606260329626
0.9486486130798307
0.87384774205597
0.8086754899355623
0.7513228859479725
0.7003999193705154
0.6548279069009163
0.6137597113088439
0.576521966661481
0.5425753414560601
0.5114833473078743
0.4828882222909969
0.45649466804220107
0.4320564227872948
0.40936610403452717
0.38824749332202246
0.36854943463874085
0.35014137406800866
0.3329097841967508
0.3167551227871008
0.3015894771263773
0.2873348488513699
0.2739216108501132
0.2612872772262319
0.2493755563983494
0.23813555734433248
0.22752088481996438
0.2174891062875686
0.20800174883473518
0.1990234241543232
0.19052151915139962
0.18246614379171533
0.1748296720293942
0.16758650527301108
0.16071296877687855
0.15418721196048363
0.1479886820077546
0.14209833826394241
0.13649861184293235
0.13117309067472194
0.1261063522940262
0.12128411340624515
0.11669306310858946
0.11232071672859038
0.1081490390983799
0.10416597124758709
0.10036919458089438
0.0967473646576698
0.09329267983207241
0.08999711427842585
0.08685281208919612
0.08385197230208703
0.08098764240409677
0.07825344563017145
0.07564314080529423
0.07310509538257462
0.0705471401684064
0.068105111481751
0.06573842492430627
0.06346511537867996
0.061284496044196696
0.05919201465298932
0.05718704530902738
0.0552658702174512
0.05342475679035327
0.05158717021607155
0.04981397454876158
0.04810853414538268
0.046468609890996715
0.044896179782335094
0.04338966621080038
0.041946412702902766
0.04056351515988952
0.03923811680896324
0.03796745820634259
0.03674877545528812
0.03557960596420097
0.03445762737421354
0.03338057018476973
0.03234628311189345
0.03135279064764143
0.030398393981471074
0.029481366505903998
0.02860003827528358
0.02775279720951551
0.026938088307543035
0.02615441938237828
0.02540036486474801
0.02467456654378542
0.023975732662270505
0.023302635701366543
0.022654109497891737
0.022029047364920774
0.02142639868764966
0.020845165414054467
0.020284400157286973
0.019743203849317506
0.01922072266426211
0.01871614617877102
0.018228705029616023
0.017757668786969147
0.01730234356122156
0.0168620708367328
0.016436225111616878
0.016024212003824874
0.015625469574552815
0.015239478792308915
0.01486573386805461
0.01450375323408669
0.014153076030771546
0.013813261259003085
0.013483887416480914
0.01316455201609942
0.01285487093655062
0.012554477781135576
0.012263022839186738
0.011980172399926287
0.01170560813288533
0.011439026047667203
0.011180136181267168
0.010928661195334352
0.010684336124652704
0.010446907620187303
0.010216133325680627
0.00999178126166301
0.009773629287561106
0.009561464532469819
0.0093550829630492
0.009154289630283424
0.008958896745197469
0.008768723580442119
0.0085835961922679
0.008403347031070244
0.008225292810618958
0.008052290344731348
0.007883450845883872
0.00771883077040379
0.007558462000437159
0.007402256407400447
0.007250091900828062
0.0071018407481280195
0.006957377659135676
0.006816582044406682
0.006679338508103224
0.006545536591235007
0.006415070382437383
0.0062878381421698284
0.006163742042253766
0.006042687738341849
0.005924584711266106
0.005809345443498169
0.005696885558857187
0.005587123655425653
0.005479981182908009
0.005375382330201057
0.005273253899598633
0.005173525212982615
0.005076128009089639
0.004980996346368006
0.004888066403534699
0.004797276775767145
0.0047085680442383775
0.004621882671527007
0.0045371650563837684
0.004454360512137225
0.004373416646853355
0.004294282609075334
0.0042169092079658394
0.004141249150637722
0.004067256861664558
0.0039948882116175545
0.003924100623682525
0.003854852921104039
0.0037871052540809093
0.0037208190374355484
0.0036559568682546307
0.003592482617061272
0.0035303617078951514
0.003469559866395593
0.003410046693960263
0.0033517867427391777
0.0032947470465780593
0.0032388981475656386
0.0031842118262510937
0.0031306598500182724
0.003078213076332369
0.0030268437614345235
0.0029765265367238205
0.0029272363826598896
0.0028789486595300774
0.00283163922379501
0.002785285191387296
0.002739865357896168
0.0026953574289781852
0.0026517385423369634
0.0026089867674335796
0.0025670807105072422
0.002526001755099511
0.002485732891933442
0.0024462555440682705
0.0024075512755754626
0.002369600397475174
0.0023323824551648195
0.002295881173816414
0.002260081986352531
0.0022249700559853307
0.0021905287750514564
0.002156742324859556
0.0021235953560742
0.002091073988623857
0.0020591644303605675
0.002027853482394801
0.001997110994878619
0.001966948335625696
0.0019373431902334542
0.0019082815831423152
0.0018797259779913136
0.0018517103157125263
0.0018242015889778386
0.001797191503961388
0.001770642939071066
0.001744592930334844
0.0017190084777030006
0.0016938859716234154
0.0016692175033494092
0.0016449943505708062
0.001621207144027218
0.0015978465443716337
0.001574903584679347
0.0015523694140353408
0.0015302352801227872
0.0015084928946104098
0.0014871340183317029
0.0014661506095111538
0.001445534843369041
0.0014252790914078529
0.0014053759178744153
0.0013858180511927356
0.0013665983766654763
0.001347709895184084
0.0013291458871311553
0.0013108998065358348
0.0012929656355912082
0.0012753383376552946
0.0012580094116816025
0.0012409727626730117
0.001224222648553301
0.001207753942650191
0.0011915612158730317
0.0011756385178259682
0.0011599799949380464
0.0011445807371223268
0.001129435858740178
0.0011145405018111575
0.0010998898275385357
0.001085479040407157
0.001071303616115464
0.0010573589453241347
0.001043640572833081
0.0010301441392973983
0.0010168653884134176
0.0010038001510625327
0.0009909426405889184
0.0009782879100128582
0.0009658363355478257
0.0009535815594034892
0.0009415206931523829
0.000929650360464968
0.0009179670735077999
0.0009064673664905698
0.0008951477398925228
0.0008840049689904075
0.000873035749924792
0.0008622368399228775
0.0008516050994931126
0.0008411374496185527
0.0008308308808820796
0.0008206823682551264
0.0008106891392616672
0.0008008483357707703
0.0007911571866171711
0.000781612982733541
0.0007722130789147051
0.0007629548743435397
0.0007538358325949582
0.0007448533878093824
0.0007360052221284291
0.0007272889163938177
0.0007187021415415912
0.0007102425999166541
0.000701908036289203
0.0006936962506879291
0.0006856050238715387
0.0006776323650344591
0.0006697762496304688
0.0006620349164156576
0.0006544060487524753
0.0006468875429957345
0.0006394775332053049
0.0006321741913194136
0.0006249757710374734
0.0006178804947898089
0.0006108863866616691
0.0006039917989087478
0.0005971950786478627
0.0005904945908192454
0.0005838886861165391
0.0005773758292301431
0.0005709544822763182
0.0005646231015436748
0.0005583801882774571
0.0005522242865315596
0.00054615408570566
0.0005401681988399608
0.0005342650923265113
0.0005284434436530262
0.0005227017871427531
0.0005170387519355899
0.0005114531303389489
0.0005059437697188214
0.000500509540965096
0.000495149289109576
0.0004898616800006057
0.00048464521443797266
0.00047949871862679107
0.0004744211341151917
0.00046941146295813275
0.00046446864146731075
0.00045959160320060386
0.00045477913717239745
0.00045003020867854306
0.0004453438389829648
0.000440719073927076
0.00043615495714742215
0.00043165053824592955
0.0004272049343524298
0.0004228172763168451
0.0004184866528847916
0.00041421219098973646
0.0004099929985328787
0.00040582821169644846
0.0004017169917323475
0.0003976584797368355
0.000393651934203744
0.0003896965386308642
0.0003857914998305988
0.0003819360616482871
0.00037812946757102356
0.00037437092218238076
0.00037065973808459807
0.00036699520949486704
0.0003633766144346492
0.0003598032691045097
0.0003562744866301691
0.0003527896043675963
0.00034934794430971323
0.0003459488583090719
0.00034259176726097096
0.00033927601070705943
0.00033600098247890615
0.00033276609062352156
0.0003295707110795004
0.0003264142788572542
0.00032329625474687685
0.0003202160492527703
0.00031717311576799097
0.000314166910086833
0.00031119689351174595
0.0003082625409319424
0.0003053632843097419
0.000302498704214824
0.00029966827250643
0.0002968714965647974
0.00029410789238509995
0.0002913769798527947
0.0002886782571451635
0.0002860113426947446
0.00028337575599190324
0.00028077123436403135
0.0002781972043033476
0.0002756531265105319
0.00027313857796143525
0.00027065312239493277
0.0002681964625321913
0.0002657681883174294
0.0002633678526694488
0.000260995024082471
0.00025864932280686957
0.0002563303804778911
0.00025403788940334837
0.00025177146895802543
0.00024953076276541705
0.0002473154209100602
0.00024512509641781607
0.00024295944789506484
0.00024081809969593766
0.0002387007717547811
0.00023660713613223654
0.00023453686043689776
0.0002324896280484063
0.00023046510582395752
0.00022846299949742067
0.0002264830357511541
0.00022452489860429165
0.00022258829526634392
0.0002206729390524997
0.00021877854509564355
0.0002169048305336413
0.000215051483691857
0.00021321830939929114
0.00021140500690918735
0.00020961131660232545
0.00020783697820921793
0.0002060816992182184
0.0002043452904381312
0.00020262748711815648
0.00020092804174347783
0.00019924671651867876
0.00019758327515346277
0.00019593748432724124
0.0001943090943351803
0.0001926978953726961
0.0001911036912855044
0.00018952624535406365
0.00018796534387357058
0.000186420759594009
0.00018489227885026317
0.00018337973668864223
0.00018188290869055378
0.0001804015961740201
0.0001789356015261692
0.000177484731509931
0.0001760487925935127
0.00017462755796211613
0.00017322091512406192
0.00017182865073272927
0.0001704505838306631
0.00016908653489677093
0.0001677362955662552
0.00016639975731123983
0.00016507672363900883
0.0001637670252455848
0.00016247049937683696
0.00016118698223668702
0.00015991631383839843
0.00015865830412053285
0.00015741284239030712
0.0001561797709607871
0.00015495893151022075
0.00015375017272072165
0.0001525533128736835
0.00015136826754511747
0.00015019487141657112
0.00014903298171305767
0.000147882459378287
0.00014674316902037055
0.00014561497352366697
0.00014449772112744833
0.00014339129333794514
0.00014229558416234972
0.00014121045017434465
0.0001401357654150949
0.00013907137038115245
0.00013801720175704192
0.0001369731178721024
0.00013593899647569956
0.00013491472120269167
0.00013390017707423348
0.00013289524829239135
0.0001318997872598196
0.00013091374191510333
0.00012993698222641575
0.0001289693987471846
0.0001280108783429143
0.00012706129475257866
0.0001261205941917669
0.00012518865151217394
0.00012426536537314412
0.0001233506376191326
0.0001224443681152066
0.00012154646160716702
0.00012065679115661291
0.00011977530844313179
0.00011890191102640571
0.00011803650183665518
0.00011717897017024244
0.00011632924647264522
0.00011548725383680203
0.00011465289422074919
0.00011382608212711287
0.00011300673181354334
0.00011219476078078036
0.00011139007046382746
0.00011059258583275497
0.00010980225182315206
0.0001090189732147937
0.00010824267208601257
0.00010747324346166898
0.000106710652656341
0.00010595481489388423
0.00010520565146652633
0.0001044630894667596
0.00010372705548813522
0.0001029974794746275
0.00010227426811186076
0.00010155737623684007
0.0001008467435024144
0.0001001422915140709
9.944393653993113e-05
9.875162664805311e-05
9.806531039813745e-05
9.738491319184228e-05
9.671036959917913e-05
9.604161873634277e-05
9.537859711943553e-05
9.47212261376623e-05
9.406946074389544e-05
9.342325613968421e-05
9.278254095987164e-05
9.214725705038178e-05
9.151731682781524e-05
9.089271633417675e-05
9.027337786268668e-05
8.96592445019071e-05
8.905026299340622e-05
8.844637864450129e-05
8.784753690530304e-05
8.725365635375962e-05
8.66647389188347e-05
8.608070962062898e-05
8.550151780458123e-05
8.492708361345043e-05
8.435740981194423e-05
8.37924248322861e-05
8.323208110948524e-05
8.267633103370248e-05
8.212512637187297e-05
8.157842235829974e-05
8.103615229491905e-05
8.049829245298743e-05
7.996480564766315e-05
7.943563777579999e-05
7.891072300541208e-05
7.839005134920007e-05
7.787357432005961e-05
7.736124385022134e-05
7.685302018083909e-05
7.634886061346055e-05
7.58487254130129e-05
7.535254446900095e-05
7.486032774250718e-05
7.43720168744545e-05
7.388757221331343e-05
7.340693799717942e-05
7.29300956986926e-05
7.245701393156657e-05
7.198764716009362e-05
7.152195990225136e-05
7.105991504671579e-05
7.060147753653404e-05
7.014659258490187e-05
6.96952484116651e-05
6.924741456279445e-05
6.880304921281957e-05
6.836209715806165e-05
6.792455754994578e-05
6.74903907322787e-05
6.705956021737821e-05
6.663203446596727e-05
6.620778064466362e-05
6.578676257957994e-05
6.536893582855666e-05
6.495430543725047e-05
6.454282453330244e-05
6.413445706932806e-05
6.37291626746112e-05
6.332694430448421e-05
6.292775687422332e-05
6.253157284095214e-05
6.213836295079749e-05
6.174810012370569e-05
6.136074734192433e-05
6.0976273543519616e-05
6.059467853544227e-05
6.021592125614382e-05
5.9839964189387586e-05
5.9466787129229976e-05
5.90963799955339e-05
5.872870681150587e-05
5.836374276298096e-05
5.8001462117758274e-05
5.764184128134047e-05
5.728484403751143e-05
5.693044942866014e-05
5.657865334152116e-05
5.622942074561419e-05
5.588271077517378e-05
5.5538522460336397e-05
5.5196833990099214e-05
5.4857616888438606e-05
5.4520848909621004e-05
5.418650787907867e-05
5.3854564718411596e-05
5.352499217193481e-05
5.319779499205451e-05
5.2872939391592046e-05
5.255039767893867e-05
5.223014203323633e-05
5.191217877638976e-05
5.159647431034085e-05
5.1283008376064616e-05
5.097176219682871e-05
5.066271481621995e-05
5.035583712236071e-05
5.005111351533023e-05
4.974854303029243e-05
4.9448095479337014e-05
4.91497305580777e-05
4.8853467168271733e-05
4.855927296787313e-05
4.826712894991364e-05
4.797701751513476e-05
4.768892090039715e-05
4.740281216996172e-05
4.7118676372374116e-05
4.683651490780737e-05
4.65562994986193e-05
4.6277994915842106e-05
4.6001614483285776e-05
4.572713329101131e-05
4.545453305590823e-05
4.518379783360316e-05
4.491491156833651e-05
4.464785543764005e-05
4.438259918666091e-05
4.411916075181264e-05
4.3857509541817055e-05
4.359761834606552e-05
4.33394845368082e-05
4.308310044522798e-05
4.2828444840712515e-05
4.257550292892566e-05
4.232426097222956e-05
4.207470242579275e-05
4.182679620125951e-05
4.15805634047306e-05
4.1335974465951795e-05
4.1093009933319224e-05
4.085165220071196e-05
4.06119096441002e-05
4.037375762675504e-05
4.013718371896658e-05
3.9902174489618336e-05
3.966871773130307e-05
3.943677979105454e-05
3.9206382846718016e-05
3.897750193122473e-05
3.875011275601e-05
3.852421215246286e-05
3.8299796971661693e-05
3.807684892645929e-05
3.785535550967969e-05
3.7635305505689256e-05
3.741668717103112e-05
3.7199469715964265e-05
3.698367377701548e-05
3.676927718968152e-05
3.655626032757794e-05
3.634461149969082e-05
3.613433722105049e-05
3.592541739246796e-05
3.5717841075876647e-05
3.5511598109313825e-05
3.5306677736759404e-05
3.510305047255252e-05
3.490073783165317e-05
3.469971851978752e-05
3.449996971224041e-05
3.430149311399891e-05
3.4104284701022425e-05
3.390832884035635e-05
3.371361579025844e-05
3.35201362063102e-05
3.332787324620907e-05
3.313681720276086e-05
3.294697589643416e-05
3.2758330016209375e-05
3.257085302684833e-05
3.2384567239315855e-05
3.219945043347984e-05
3.2015493777419334e-05
3.183268830879886e-05
3.165102536274536e-05
3.147048468511258e-05
3.1291070289925514e-05
3.1112778798782404e-05
3.09355898248132e-05
3.075949329261938e-05
3.058449800326622e-05
3.0410586672898306e-05
3.0237751540548973e-05
3.006598439184666e-05
2.989527737861717e-05
2.9725605166596635e-05
2.9556988786800962e-05
2.938941038720926e-05
2.9222848443958664e-05
2.9057312224063444e-05
2.889279420590464e-05
2.8729282813765356e-05
2.8566770931605298e-05
2.840525122366609e-05
2.8244711457812357e-05
2.8085139724070143e-05
2.7926548739788712e-05
2.7768921395161428e-05
2.761223462671461e-05
2.7456508378162927e-05
2.7301726230872234e-05
2.714788041358179e-05
2.6994964031407826e-05
2.6842967743096336e-05
2.669187504812411e-05
2.6541703305790226e-05
2.6392434870840097e-05
2.6244051920587968e-05
2.6096562554665193e-05
2.5949961648212265e-05
2.5804238774850616e-05
2.5659387992690926e-05
2.5515402736521885e-05
2.537226368431686e-05
2.522998474579438e-05
2.5088556246415673e-05
2.4947958080295675e-05
2.4808199010435163e-05
2.466927412512395e-05
2.4531173463099627e-05
2.4393891436330326e-05
2.42574225618098e-05
2.412175240846975e-05
2.398688202079741e-05
2.3852813918823813e-05
2.3719531507040706e-05
2.3587027315401094e-05
2.3455311134625535e-05
2.3324369753402205e-05
2.319419745668055e-05
2.306478979969112e-05
2.2936136349434183e-05
2.2808228072735488e-05
2.268107743335488e-05
2.2554670677486642e-05
2.2428988834661965e-05
2.2304052310017177e-05
2.217984594640126e-05
2.2056363818370663e-05
2.193360097870661e-05
2.181155152576927e-05
2.1690197622184778e-05
2.1569559485475174e-05
2.1449618260622234e-05
2.133036104548631e-05
2.1211802530055727e-05
2.109392893430241e-05
2.097673604204629e-05
2.0860219501180344e-05
2.0744369656757962e-05
2.0629180927963948e-05
2.051466314506307e-05
2.0400804461596216e-05
2.0287586678300105e-05
2.0175028681919286e-05
2.0063117782425574e-05
1.9951848900708567e-05
1.98412180056462e-05
1.973121679532516e-05
1.9621837342737906e-05
1.951309168278721e-05
1.940496556388799e-05
1.9297446124582736e-05
1.9190549413957784e-05
1.9084262200601033e-05
1.8978581103706844e-05
1.8873501610782933e-05
1.8769019872577595e-05
1.866511794768233e-05
1.8561817065443557e-05
1.845909451578698e-05
1.8356954860091842e-05
1.8255398469769395e-05
1.815441787294451e-05
1.8054008896243314e-05
1.7954168184251486e-05
1.7854879089094856e-05
1.7756159113517908e-05
1.765799758643112e-05
1.7560380703726656e-05
1.7463316706758545e-05
1.736680303593987e-05
1.7270832699863864e-05
1.7175402713702098e-05
1.7080509593719377e-05
1.698613915514009e-05
1.689230309078575e-05
1.6798996290606852e-05
1.6706199626075933e-05
1.6613932704854782e-05
1.6522183064362614e-05
1.6430947067054368e-05
1.6340221813865177e-05
1.6249991510935967e-05
1.6160273762587775e-05
1.6071058039110833e-05
1.598233792937877e-05
1.5894104188182408e-05
1.5806370224091626e-05
1.5719125280447996e-05
1.5632366299843195e-05
1.5546088638771903e-05
1.5460280856844937e-05
1.537495891360366e-05
1.5290111008496626e-05
1.5205724216457647e-05
1.5121811420914293e-05
1.5038366198093287e-05
1.4955383942336659e-05
1.4872861983363521e-05
1.4790795384679185e-05
1.4709174452116443e-05
1.4628013821828594e-05
1.4547293097970619e-05
1.4467024183021188e-05
1.4387201737007712e-05
1.4307821099182943e-05
1.4228879136408425e-05
1.4150365825491212e-05
1.4072285420820943e-05
1.3994639194157554e-05
1.391741629348678e-05
1.3840615019437458e-05
1.3764242232871866e-05
1.3688290318896307e-05
1.3612756317834769e-05
1.3537637809293918e-05
1.3462921930525148e-05
1.3388620815529355e-05
1.3314729081539973e-05
1.3241231527059778e-05
1.316814317946376e-05
1.3095455860415713e-05
1.302316622704086e-05
1.2951267765557276e-05
1.2879758240579248e-05
1.2808645426030006e-05
1.27379212394352e-05
1.2667573563750757e-05
1.2597615649365035e-05
1.2528040921688965e-05
1.2458846082655534e-05
1.2390028740630064e-05
1.2321575342085678e-05
1.225350362712743e-05
1.2185802808928633e-05
1.211846187860657e-05
1.205149243351152e-05
1.1984889190629059e-05
1.191864874388288e-05
1.1852768680899248e-05
1.1787241619042811e-05
1.1722069441515986e-05
1.1657254406187096e-05
1.1592782952996082e-05
1.1528668796985405e-05
1.1464902949781953e-05
1.1401483356472941e-05
1.133840420254641e-05
1.127566311665633e-05
1.1213267877899754e-05
1.1151209716173357e-05
1.1089479376235459e-05
1.1028090516658278e-05
1.0967034480476575e-05
1.0906309082552926e-05
1.0845912710747735e-05
1.0785834115237051e-05
1.0726085847052017e-05
1.0666661259632352e-05
1.0607548879786508e-05
1.054876308474266e-05
1.0490295395410599e-05
1.0432143573313553e-05
1.0374297554824316e-05
1.0316768137281362e-05
1.0259550982847825e-05
1.0202635467330278e-05
1.014602936169273e-05
1.0089730823680301e-05
1.0033736120372557e-05
9.978043352826324e-06
9.922647004245425e-06
9.86754592517132e-06
9.812746333779153e-06
9.758234858997978e-06
9.704019275848745e-06
9.650097593906905e-06
9.596466344065282e-06
9.543120506489717e-06
9.490057330365182e-06
9.437284531426462e-06
9.384793095579116e-06
9.332578616928815e-06
9.280649911169238e-06
9.229000451111265e-06
9.177624928842365e-06
9.126522116632332e-06
9.075698228005231e-06
9.025146305651995e-06
8.974858076313692e-06
8.924845994440627e-06
8.875102261774016e-06
8.825625464196604e-06
8.776409508661734e-06
8.727456067331671e-06
8.67876888333943e-06
8.630337012696506e-06
8.582165014067787e-06
8.53425405732601e-06
8.486599716348584e-06
8.439196405287157e-06
8.392045371964509e-06
8.345150259170304e-06
8.298505996278408e-06
8.25210311025332e-06
8.205954800220587e-06
8.160053562180886e-06
8.114396832340838e-06
8.068977351148664e-06
8.023806465423409e-06
7.978875173274761e-06
7.93417892045388e-06
7.889726429179098e-06
7.845511601374273e-06
7.801533117224152e-06
7.757781570021107e-06
7.714268980639388e-06
7.67098943186276e-06
7.627934859973582e-06
7.585112218796229e-06
7.5425199585311786e-06
7.500155153539938e-06
7.4580096993922e-06
7.416092350315418e-06
7.374399996248505e-06
7.332923820434357e-06
7.291671316507379e-06
7.250640447701698e-06
7.209828412728343e-06
7.169228968598126e-06
7.1288464050284755e-06
7.088681527376489e-06
7.048724198577103e-06
7.00898300671029e-06
6.969454692838672e-06
6.9301357696812385e-06
6.8910205487326235e-06
6.852118603328447e-06
6.813423119955292e-06
6.774927107050108e-06
6.736641370871432e-06
6.698559486805047e-06
6.660678280350806e-06
6.622994539961769e-06
6.5855156079503695e-06
6.548231152520891e-06
6.5111460207994296e-06
6.47426018844595e-06
6.437570748253093e-06
6.401072891201352e-06
6.364767696236534e-06
6.328658685521657e-06
6.292737911310861e-06
6.257007121606912e-06
6.221469169163877e-06
6.186120096415757e-06
6.150953301279004e-06
6.11597585157832e-06
6.081185386218462e-06
6.04657275633176e-06
6.012149358316242e-06
5.977908899541709e-06
5.9438449165247755e-06
5.909963996496734e-06
5.8762645004694785e-06
5.842737563246087e-06
5.809392636588147e-06
5.776225474351566e-06
5.743232935015557e-06
5.710411132580905e-06
5.677767729040844e-06
5.645295339979649e-06
5.612992314066937e-06
5.5808642725286004e-06
5.548906893798894e-06
5.517113161603252e-06
5.485491437606218e-06
5.4540383598987245e-06
5.422747240369314e-06
5.391623805236248e-06
5.3606669983795945e-06
5.329871014955777e-06
5.2992374819633415e-06
5.268769014015911e-06
5.238455732669372e-06
5.208307538069666e-06
5.178319625429961e-06
5.1484900481390636e-06
5.1188132083627085e-06
5.089298250718585e-06
5.059937427249884e-06
5.0307297006597825e-06
5.001679940860006e-06
4.9727806121664085e-06
4.9440342421704865e-06
4.915442485764857e-06
4.886999890604218e-06
4.8587057226167755e-06
4.830564593710895e-06
4.802569568393432e-06
4.774721792297001e-06
4.747024071212508e-06
4.719470813778952e-06
4.692061395766456e-06
4.664800076354516e-06
4.637680862350164e-06
4.610118294329552e-06
4.582559967584783e-06
4.555161162804412e-06
4.5276758501461125e-06
4.5002568222305905e-06
4.472953654655277e-06
4.445780352979937e-06
4.418756393633123e-06
4.391878962553656e-06
4.36514825057149e-06
4.338567380845604e-06
4.312132142841122e-06
4.285848734056992e-06
4.259715902543028e-06
4.233731779286349e-06
4.20789586050399e-06
4.182207475460404e-06
4.156660458865792e-06
4.131263090870366e-06
4.106011472587275e-06
4.080900575669258e-06
4.055930600723534e-06
4.031105794588365e-06
4.006424868754709e-06
3.981885329051716e-06
3.957480967544103e-06
3.9332206130860535e-06
3.909098611457145e-06
3.8851107264220854e-06
3.861263982933959e-06
3.83755166828927e-06
3.813973904019028e-06
3.790528113823734e-06
3.7672209215673385e-06
3.744047426732211e-06
3.721004692442891e-06
3.698092473542317e-06
3.6753128611885527e-06
3.6526604768197326e-06
3.630141138301856e-06
3.6077476778838203e-06
3.5854830448736032e-06
3.563347650321456e-06
3.5413382783153237e-06
3.519451527324193e-06
3.497693504170106e-06
3.4760550103304345e-06
3.4545420557781504e-06
3.433150633239341e-06
3.4118840372612164e-06
3.390736503268246e-06
3.369709279940372e-06
3.34880423332908e-06
3.3280166356540276e-06
3.3073465783997918e-06
3.2867947893561325e-06
3.2663590421347062e-06
3.246038498821668e-06
3.2258355724968835e-06
3.205749087971856e-06
3.1857767099373116e-06
3.165914793736711e-06
3.1461695111320216e-06
3.126533100030827e-06
3.107010651626523e-06
3.087595881994594e-06
3.0682928273187997e-06
3.0490991241836973e-06
3.030016887176941e-06
3.0110437374245103e-06
2.9921753468886257e-06
2.973413963390296e-06
2.9547593297084793e-06
2.936213166357933e-06
2.9177692122523853e-06
2.8994318954135265e-06
2.881196965862903e-06
