1.0109801931850912e-13
4.4830284169132525e-14
7.096596135511168e-14
7.480126177132676e-14
8.05343303246646e-14
6.546699217568992e-14
4.2357929174222445e-14
5.632258181158378e-14
1.1781959846932052e-13
5.206821025463336e-14
6.89607950806812e-14
6.195467447844234e-14
6.032198277294546e-14
4.5455845721903717e-14
1.0755681004330612e-13
9.054248388581341e-14
8.475632089833891e-14
6.837435497637178e-14
5.790856192147192e-14
8.633732982502988e-14
1.1879262560882777e-13
6.44334258338979e-14
5.250633243371617e-14
5.940468794612433e-14
7.565295818477726e-14
8.317346614430814e-14
5.721168847791292e-14
8.57618242243405e-14
4.58461193387424e-14
1.1438460818371628e-13
5.879545219956404e-14
1.41110097932686e-13
8.868756812020428e-14
1.132897897478883e-13
4.3568149267382337e-14
5.6186042297521047e-14
5.962727857648623e-14
5.4983439861940136e-14
9.517802762499796e-14
8.344388096829678e-14
1.5492175166955533e-13
9.083887052021133e-14
5.368773594843612e-14
8.997907235727629e-14
1.0488506380364304e-13
8.237808408136793e-14
3.961377666313147e-14
1.384232646160302e-13
1.1689517937144542e-13
4.9985178258374717e-14
1.0620162941588153e-13
8.271514172878921e-14
1.4954330242771933e-13
6.697278674519766e-14
8.141326406173443e-14
1.393569604707116e-13
1.042088363715057e-13
2.3185472567823304e-13
2.0774293263035122e-13
9.322007158639097e-14
7.146792171733396e-14
9.738255656019353e-14
1.6151706312983058e-13
2.701283068352496e-13
2.2322044980107716e-13
2.460871720566145e-13
1.7601814617101753e-13
1.4992101364569476e-13
5.824064724124662e-14
8.90688737407535e-14
7.070007335350366e-14
1.646324149631198e-13
1.789131305670983e-13
1.675138970914527e-13
1.8040831506451395e-13
1.3267626950045526e-13
6.209288554549013e-14
1.0919278207782974e-13
7.80106864801747e-14
8.407856904123037e-14
6.852060920594556e-14
1.169407463514374e-13
7.134723699404753e-14
1.0555090378678524e-13
1.0579916602636593e-13
6.724182475778421e-14
1.2762412550631574e-13
1.9605767766976296e-13
2.478978682565081e-13
2.8794920218257955e-13
3.0156431853637783e-13
2.4885160450225644e-13
1.2414331633467475e-13
9.393426113935865e-14
2.0282334162746401e-13
2.359412452565798e-13
1.533592209508829e-13
1.3475005670540283e-13
6.898221594455005e-14
5.116151340874819e-14
7.165169628231957e-14
9.20194242764634e-14
8.218876645974153e-14
5.086449900156733e-14
9.869629382467964e-14
6.800500650479793e-14
7.283335336019419e-14
1.1648891451689584e-13
1.9824372494094221e-13
2.207381232487032e-13
9.903945037562008e-14
1.5241409654970438e-13
1.1732384287481158e-13
9.628506846306306e-14
1.5448021031323919e-13
2.1853629741815421e-13
1.2375651301559568e-13
2.3674300596138584e-13
1.2562921809493245e-13
9.391797942370379e-14
1.2141046635241977e-13
6.792189397777282e-14
1.071559968890084e-13
1.1173645968863461e-13
7.665716744916509e-14
1.2716887244183607e-13
1.5538871401902215e-13
1.1056278752937147e-13
1.8885877551234874e-13
1.1099343986513361e-13
1.2838675975030391e-13
2.2758043882340853e-13
2.039472006713896e-13
1.4456631348325416e-13
1.0107464323640908e-13
6.344791582459735e-14
8.420190150179874e-14
1.2362462201456802e-13
2.2595723322770422e-13
1.6847276483323494e-13
7.789938424491541e-14
1.1311740204249215e-13
1.4447862523501496e-13
1.658286125816255e-13
1.4849647029001146e-13
6.000530094167787e-14
1.2950944404684604e-13
8.614601130142724e-14
1.9736247463714523e-13
2.0355490629961408e-13
2.1645371523624026e-13
2.2016709829788038e-13
2.464181013168584e-13
2.941871620284233e-13
2.2521472920262753e-13
1.306734589005773e-13
8.97187749616871e-14
1.598547137561888e-13
2.486664149947721e-13
1.883078695328999e-13
1.4379092546996485e-13
1.1122446536437834e-13
7.303995111620856e-14
1.0012304621000059e-13
5.479106022032991e-14
7.371892262514784e-14
1.2350414477706244e-13
1.8382785527123996e-13
1.988632739498974e-13
8.292825515337198e-14
5.337867633698207e-14
6.812575882382479e-14
1.6931556773482653e-13
2.072312196520408e-13
1.1507565963855272e-13
6.809126096753085e-14
1.0399878280383567e-13
9.19858604852338e-14
5.967587443349541e-14
1.1808061419862386e-13
1.1348728718093939e-13
1.1884747638997983e-13
1.330280076361438e-13
2.3788530482817026e-13
1.3432992055070277e-13
6.730458194120045e-14
1.4887300275094732e-13
2.52495316491637e-13
2.1773259965307781e-13
1.9492204657577424e-13
1.6362816998009053e-13
1.3406982442153e-13
1.0790074414148954e-13
7.041957793745117e-14
7.266593659571896e-14
1.2931090819586305e-13
1.9814994068298167e-13
1.6954014770008957e-13
1.2787109562646926e-13
7.851008841787869e-14
7.742381813936986e-14
