0.0006688134569860257
0.0006849171770202311
0.00028023293732230885
0.00011651248619320097
0.00016866529080089996
0.00015465115612297436
6.525017092165792e-05
1.8773525113244843e-05
2.0264880361042147e-05
1.906122515183358e-05
1.6806412620288605e-05
1.5254232712146782e-05
1.4085977861691358e-05
1.3205795717700069e-05
1.2171536665098387e-05
1.1344643237873154e-05
1.0467347332748115e-05
9.78699029849266e-06
9.043883701111902e-06
8.466914531883323e-06
7.821621669692589e-06
7.326388436085398e-06
6.763487211690612e-06
6.338768758397375e-06
5.848026033561797e-06
5.4844674112838325e-06
5.056621795698696e-06
4.7457374690204165e-06
4.372467410992678e-06
4.10684852830012e-06
3.7809296556468877e-06
3.5542146400797663e-06
3.269419177622029e-06
3.076142625839861e-06
2.827087507189192e-06
2.6625431422197326e-06
2.4445660980255972e-06
2.304698595733353e-06
2.1137590104775887e-06
1.995074318471721e-06
1.827669275740249e-06
1.727157393077294e-06
1.5802490865960184e-06
1.495317396383455e-06
1.36627041773383e-06
1.2946861696479762e-06
1.1812133487336459e-06
1.121054182903955e-06
1.0211696886206744e-06
9.999695238031037e-07
9.986624316475214e-07
9.99799767599172e-07
9.99626065151731e-07
9.98013222663414e-07
9.97299375535541e-07
9.981025548189946e-07
9.980749572159584e-07
9.829329505491503e-07
9.875289018173703e-07
9.756199491561764e-07
9.806123989878717e-07
9.726482015052635e-07
9.75588504643327e-07
9.70531568053911e-07
9.718239111000303e-07
9.685249736829453e-07
9.688079972172958e-07
9.665175607409429e-07
9.662314996003225e-07
9.645185906050345e-07
9.639271414947906e-07
9.625513676566026e-07
9.61805503348252e-07
9.606329133674812e-07
9.59816978339124e-07
9.587722611292673e-07
9.579321805410574e-07
9.56972324258161e-07
9.56132319699687e-07
9.552323167951116e-07
9.5440461617549e-07
9.535494141640535e-07
9.527397083684489e-07
9.519200128000456e-07
9.511304634766888e-07
9.5034017601519e-07
9.495711277645429e-07
9.488060616838626e-07
9.480569473651723e-07
9.47314070199744e-07
9.465838838771747e-07
9.458608641395203e-07
9.451484402304101e-07
9.444434218798036e-07
9.437475942191445e-07
9.430589901591067e-07
9.423785703221622e-07
9.417051338764865e-07
9.41039039396218e-07
9.403795706511459e-07
9.397268084448623e-07
9.390802645129341e-07
9.384399413403882e-07
9.378054506427521e-07
9.371766841795691e-07
9.36553392852163e-07
9.359354384171575e-07
9.353226393781006e-07
9.347147767363864e-07
9.341117453552069e-07
9.335133633998488e-07
9.329195074816808e-07
9.323299927599171e-07
9.317447344773711e-07
9.311635655814986e-07
9.305863795266407e-07
9.300130419374345e-07
9.294434666716486e-07
9.288775166805443e-07
9.283150886626571e-07
9.277561253361427e-07
9.27200438571715e-07
9.266480029748414e-07
9.260987423083705e-07
9.255525224032356e-07
9.250092678452547e-07
9.244689278513842e-07
9.239313843645569e-07
9.233966043992806e-07
9.228644712506362e-07
9.223349516681609e-07
9.21807951508038e-07
9.212834427325881e-07
9.207613192411e-07
9.202415629779699e-07
9.197240525064403e-07
9.192088055827652e-07
9.186957254074867e-07
9.181847589450388e-07
9.176758692335045e-07
9.17168992528497e-07
9.166641024477413e-07
9.161611190222369e-07
9.156600427171421e-07
9.15160775431409e-07
9.146633302662808e-07
9.141676335564006e-07
9.13673629211245e-07
9.131813433289213e-07
9.126906544644765e-07
9.122015938919362e-07
9.117140998949519e-07
9.112281360224886e-07
9.107436673827243e-07
9.10260674716096e-07
9.097790901415555e-07
9.092989730166428e-07
9.088201713214684e-07
9.083427623595856e-07
9.078666571239571e-07
9.073918376352742e-07
9.069183026629677e-07
9.064459991510918e-07
9.059749101491217e-07
9.055050162069306e-07
9.050363053758115e-07
9.045687163248544e-07
9.041022710669552e-07
9.036369218549707e-07
9.031726350732855e-07
9.027094506932871e-07
9.022472540348853e-07
9.017861226185416e-07
9.013259608418792e-07
9.008668114860222e-07
9.004086025213876e-07
8.999513399574156e-07
8.99495023354274e-07
8.990396040151519e-07
8.985850792561264e-07
8.981314470783372e-07
8.976786792314751e-07
8.972267565427916e-07
8.967756640370618e-07
8.963253962653801e-07
8.958759226160859e-07
8.954272521911268e-07
8.949793611440045e-07
8.945322239750908e-07
8.940858678110084e-07
8.936402073785159e-07
8.931953119322373e-07
8.927511036450726e-07
8.923076172559326e-07
8.918648158460747e-07
8.914227138094706e-07
8.909812473807476e-07
8.905404591839915e-07
8.901003205300892e-07
8.896608245873186e-07
8.892219482772518e-07
