0.014042027480861202
0.028317083545785264
0.05868185197157152
0.06433335551610736
0.02087969290394615
0.009957875430023914
0.013523327750156557
0.008678454966816171
0.0039322222896417194
0.0008726085792105498
0.0006340555734102624
0.0009495186381635293
0.000805346961795786
0.0005555570678485353
0.0003792152913595291
0.00027643921839703127
0.00023791552991810186
0.0002163457310450478
0.00021146863464143874
0.00019835342737905946
0.0001917796613865964
0.00017601086682870348
0.00016773282447413306
0.0001523547398534104
0.00014503642137223005
0.00013144946254437184
0.00012552251065971504
0.00011361283562094376
0.00010880125167634778
9.826672893916552e-05
9.433906883622163e-05
8.498078601667703e-05
8.179408953338867e-05
7.347078227322212e-05
7.091521068413382e-05
6.350575208935164e-05
6.148549091156416e-05
5.4881754957482026e-05
5.331314346132837e-05
4.741971829096786e-05
4.6230777745729306e-05
4.096405437997364e-05
4.009317134337076e-05
3.537991577545033e-05
3.4774398448731714e-05
3.055040939378974e-05
3.01652382582417e-05
2.637420111756064e-05
2.6170968542356866e-05
1.822075096620393e-05
1.0698755516215694e-05
6.943852365331712e-06
4.19267541265901e-06
2.8090007482441753e-06
1.6572848183623414e-06
1.193248933971813e-06
6.334470342141031e-07
4.998872913556386e-07
2.516383265244348e-07
2.344699763969731e-07
1.2836681015267377e-07
1.3648815476745523e-07
8.739721671357135e-08
9.803583340617723e-08
7.413707198427497e-08
8.21958229858853e-08
7.002551626368399e-08
7.515477088122235e-08
6.865089132037035e-08
7.161754353489547e-08
6.79748945933489e-08
6.95675514746435e-08
6.743686619260238e-08
6.822181929975135e-08
6.69235470723004e-08
6.725840501714712e-08
6.64350708098667e-08
6.653108205896357e-08
6.598776775831401e-08
6.596584198001954e-08
6.559447838589384e-08
6.552146601294795e-08
6.52608174201108e-08
6.517397231823154e-08
6.498911758550167e-08
6.490797721185885e-08
6.477845153954271e-08
6.471302137168968e-08
6.462659782225565e-08
6.458178509215193e-08
6.453083918493426e-08
6.450848493993322e-08
6.448794234487358e-08
6.448845709524292e-08
6.449516551696352e-08
6.451784094699722e-08
6.454863532919675e-08
6.459316502166631e-08
6.46463205832145e-08
6.471129670961451e-08
6.478499261231908e-08
6.486897539385645e-08
6.496185585262982e-08
6.506425095205875e-08
6.51748498893788e-08
6.52941015599671e-08
6.542122591284079e-08
6.555671238033349e-08
6.569931652970766e-08
6.584950074587613e-08
6.600664578184609e-08
6.61709170778758e-08
6.634156253743039e-08
6.651883405162976e-08
6.670220623353494e-08
6.68916162186069e-08
6.708669034433019e-08
6.728751987665114e-08
6.749370255707647e-08
6.770502435231495e-08
6.792175167112698e-08
6.814295243061169e-08
6.836879070597465e-08
6.859946875078464e-08
6.883447800885039e-08
6.907358004501707e-08
6.931690152880805e-08
6.956400443448145e-08
6.981503911558489e-08
7.00695496091661e-08
7.032762266398645e-08
7.058894357334336e-08
7.085371793941236e-08
7.112148914429539e-08
7.139244470059903e-08
7.166593255546885e-08
7.194236339699725e-08
7.222145517543411e-08
7.250299143953591e-08
7.278696945051206e-08
7.307317975181228e-08
7.336170756510914e-08
7.365217619789628e-08
7.394483540828947e-08
7.423919021174841e-08
7.453552030497697e-08
7.483358532277487e-08
7.51330315398118e-08
7.543433319824866e-08
7.573679265918572e-08
7.604071739868489e-08
7.634595888294327e-08
7.66523695946248e-08
7.695980975818948e-08
7.726830979851977e-08
7.757745044276164e-08
7.788795680675219e-08
7.819884802956238e-08
7.851071474251245e-08
7.882316532545603e-08
7.913608045070978e-08
7.944961188558439e-08
7.976352672089232e-08
8.007775588045247e-08
8.039227710728606e-08
8.070718391886506e-08
8.102207887904703e-08
8.133719583812055e-08
8.165236721982068e-08
8.196731844719553e-08
8.228255546963495e-08
8.259728603561272e-08
8.29121214987999e-08
8.322652321206522e-08
8.354085998429531e-08
8.38547085619727e-08
8.416808091112073e-08
8.448114172457394e-08
8.479361392873524e-08
8.51054665130844e-08
8.541683170478816e-08
8.572761519783843e-08
8.603770162774217e-08
8.634700644063036e-08
8.665556005490696e-08
8.696319036510884e-08
8.727002240976349e-08
8.757601327894208e-08
8.788097567379878e-08
8.818523674006885e-08
8.848814832843848e-08
8.87902387349002e-08
8.909106516602206e-08
8.939087971281865e-08
8.968952180526186e-08
8.998717514419502e-08
9.028334125172617e-08
9.057831908136385e-08
9.087206345914902e-08
9.116457045467888e-08
