2.309401076715369
3.3433241362397385e-12
2.48563925906408e-12
1.6347784528346675e-12
9.566410498737213e-13
2.749878857606939e-12
5.312644210025866e-13
1.1236656154645686e-12
6.851503652353356e-13
6.454783222330996e-13
3.3670058803678696e-13
3.324028022832475e-13
3.280487705512919e-13
2.7120651612618817e-13
1.9173856083917666e-13
2.4856923784042434e-13
2.178946110743723e-13
1.8321337425853405e-13
2.2673542729861026e-13
2.4750106713861876e-13
1.0161623546758889e-13
7.87767784581477e-14
2.4560056682758294e-13
2.907972140026228e-13
1.179053110372709e-13
1.4871379224162552e-13
9.106051679557036e-14
8.390620640896623e-14
1.197150689720687e-13
1.8704568609677183e-13
7.91714337486196e-14
1.1189185056771695e-13
1.74282306223533e-13
7.866104986108665e-14
1.1354293878032422e-13
1.538794764942653e-13
7.761005963666037e-14
1.1085817863067337e-13
9.485817007181155e-14
1.2327355119741592e-13
1.250448369909572e-13
7.919505229251322e-14
7.531221921509237e-14
8.176939148133014e-14
1.1605171959593342e-13
9.087863537545209e-14
5.824384897989319e-14
1.0468079860045723e-13
1.295008431852744e-13
2.0006529693897918e-13
1.9536492951155754e-13
2.1290579924589858e-13
3.3734824851275856e-13
2.141399044021212e-13
2.998786541181153e-13
4.2702918994523877e-13
5.116422182731924e-13
5.534509781622877e-13
5.041729697709102e-13
2.298836999862973e-13
1.7224415053420972e-13
2.314774256751264e-13
3.961291915613929e-13
6.407596017342253e-13
5.052406137958692e-13
5.260625682077927e-13
3.6774780340371924e-13
3.392845650668603e-13
1.3050999672676055e-13
2.2366544454095505e-13
1.7066113942970607e-13
3.795363802252958e-13
3.9690649752120857e-13
3.569823720749441e-13
3.958170027321125e-13
3.07591592841613e-13
1.5621692455413832e-13
2.5653914849690913e-13
1.8352429697483903e-13
1.91462456885298e-13
1.5669471956872572e-13
2.793488682070719e-13
1.7215878466388677e-13
2.4601534343470513e-13
2.372266585165878e-13
1.6037904709344808e-13
2.9882193856610044e-13
4.636215143880592e-13
6.002895068313884e-13
7.011195486544666e-13
7.312395156771979e-13
6.014804160963089e-13
2.905106392311053e-13
2.3003764809204057e-13
4.938090725280513e-13
5.758465865632302e-13
3.6674583020237994e-13
2.974779350234856e-13
1.4725868766159864e-13
1.2448955470101727e-13
1.6112637203159754e-13
2.0964966900433848e-13
2.0330175566798633e-13
1.1624549478684006e-13
2.2534938050062282e-13
1.6218122333632655e-13
1.6389454298134365e-13
2.7918780493124084e-13
4.575286001965665e-13
5.006727036665169e-13
2.2716073145999104e-13
3.3725919765948666e-13
2.5850782605661835e-13
2.1671254271342548e-13
3.609983659368107e-13
5.112254656332242e-13
2.679271267661527e-13
5.301077492000664e-13
2.7803838377611207e-13
2.1746659270468424e-13
2.864220412850606e-13
1.5374687177959702e-13
2.4134541640855936e-13
2.71069656339237e-13
1.8568177868159424e-13
3.328383047599956e-13
4.0438325601941427e-13
2.1998602641307804e-13
4.321058302710835e-13
2.6735844655808233e-13
2.923052812371811e-13
5.301892578151073e-13
4.961688431395093e-13
3.467513204507544e-13
2.3128408971805794e-13
1.6324384567788645e-13
2.0274072791069597e-13
2.9460837846669513e-13
5.115420654840886e-13
3.8437567900528926e-13
1.9130075344387892e-13
2.7650586841293737e-13
3.7320378707639263e-13
3.627046579053472e-13
3.034254265724977e-13
1.540041897903657e-13
2.94066274650662e-13
2.03841875573572e-13
4.563667902895518e-13
4.865383596153539e-13
5.303951183921588e-13
5.195604025377252e-13
5.82482424710886e-13
7.015672544201471e-13
5.364906053818725e-13
2.9020304701241443e-13
2.0575061862520222e-13
3.5733491390429556e-13
5.973201166171147e-13
4.805807099547705e-13
3.1618425575524316e-13
2.539557972818223e-13
1.7822484852095815e-13
2.365003674073163e-13
1.4405005776858916e-13
1.690528987947184e-13
2.860433342004987e-13
4.3118403598228427e-13
4.709070176007969e-13
1.9422608377017455e-13
1.321379325033804e-13
1.6538601016397123e-13
3.8594128541572105e-13
4.82211752094187e-13
2.5067373677282703e-13
1.8039490890685804e-13
2.593548060039918e-13
2.1681816972210744e-13
1.4595957270793308e-13
3.0131646997594034e-13
2.781903672878498e-13
2.691438896612536e-13
3.1643788564674077e-13
5.802012573585924e-13
3.366941500322881e-13
1.6700606422720952e-13
3.499363278325912e-13
5.729875351756332e-13
4.828585321185105e-13
4.248743883388139e-13
3.539441455023344e-13
3.2569122827076393e-13
2.572295718993246e-13
1.631069748546176e-13
1.5951739973600607e-13
2.9207709964289147e-13
4.2994850715297866e-13
3.8155705158184727e-13
2.8060568804667625e-13
1.7759384478003202e-13
