5.927747537464563
5.132539591583411
2.7615506338977847
1.6784965567823669
1.3736739514336818
1.1406260809096478
0.45257270958430534
0.18750528401533628
0.13144250146742603
0.1173820793043267
0.09933142975633144
0.08632422643278209
0.07835512461500671
0.07312822388855827
0.06760473505378213
0.06313083319494199
0.058488738212346486
0.05473820318260248
0.0507449103634689
0.04750221308824602
0.0440024101548351
0.041193631889806084
0.038131132493211026
0.035708412220797736
0.03303392519082159
0.030948065470117855
0.028612941629284426
0.026818644824986936
0.024779198700966145
0.023237131829524183
0.021455393513172383
0.020131554625452082
0.018574504161491163
0.017439355616075153
0.016078181553931797
0.015106037600713718
0.013915593466702491
0.013084142833401383
0.012042499304319823
0.011332385291739147
0.010420432583990866
0.009814877521454346
0.009015971049622509
0.008500444193472975
0.007800091678001612
0.007362017506963077
0.006747604023722136
0.006376106660472253
0.005836653531737315
0.002919293771088605
0.0005994379099341026
0.0007807075676999612
0.0003648487989825194
0.00023845972500931504
0.0002236812173413723
9.847503570911443e-05
7.64575086755834e-05
3.4878384466770046e-05
3.469589592863531e-05
3.475927964684821e-05
3.466720395856729e-05
3.469249204480933e-05
3.4638180065072935e-05
3.46442154111748e-05
3.460758133312436e-05
3.460315283391513e-05
3.457551628806843e-05
3.456533973463886e-05
3.4542492830514024e-05
3.4529189453571694e-05
3.450896216897734e-05
3.449398280839019e-05
3.4475221826454515e-05
3.445936332348456e-05
3.444144478532629e-05
3.442514239341213e-05
3.44077243803333e-05
3.4391214618855846e-05
3.437410753127524e-05
3.43575179708182e-05
3.4340615337643056e-05
3.432401389717229e-05
3.430725498331868e-05
3.4290676998661285e-05
3.42740263783474e-05
3.42574894482272e-05
3.424092581514016e-05
3.42244379456002e-05
3.420794793582407e-05
3.4191512005435145e-05
3.417508677689115e-05
3.4158702970044636e-05
3.414233630334724e-05
3.4126003443323444e-05
3.4109690680450504e-05
3.409340694149189e-05
3.4077144386145813e-05
3.40609076897664e-05
3.404469226649775e-05
3.402850046656177e-05
3.401232952407534e-05
3.399618052452137e-05
3.398005172698861e-05
3.396394352599039e-05
3.394785476175425e-05
3.393178546726654e-05
3.39157348232627e-05
3.389970267203443e-05
3.388368838658941e-05
3.386769172673922e-05
3.385171218469182e-05
3.3835749476468975e-05
3.3819803176307115e-05
3.3803872988924505e-05
3.378795853948546e-05
3.37720595360693e-05
3.3756175644422014e-05
3.3740306582413555e-05
3.372445204193937e-05
3.370861175524095e-05
3.369278544388128e-05
3.367697284611526e-05
3.366117370926746e-05
3.364538778945326e-05
3.362961484482113e-05
3.361385464761262e-05
3.359810697433239e-05
3.358237160877803e-05
3.356664834357168e-05
3.355093697314298e-05
3.3535237305778086e-05
3.3519549146887396e-05
3.350387231771628e-05
3.3488206633620766e-05
3.3472551926191e-05
3.345690802037355e-05
3.34412747617473e-05
3.3425651985329934e-05
3.341003954266169e-05
3.339443728099843e-05
3.337884505828827e-05
3.336326273345706e-05
3.334769016838011e-05
3.3332127233810705e-05
3.331657380019182e-05
3.3301029742248295e-05
3.328549493837009e-05
3.326996926907205e-05
3.3254452625190384e-05
3.323894488937253e-05
3.322344595921531e-05
3.3207955725217746e-05
3.319247408946049e-05
3.317700094830925e-05
3.316153620984696e-05
3.3146079776476546e-05
3.313063156426273e-05
3.311519147515985e-05
3.3099759433890505e-05
3.308433534755754e-05
3.3068919140798685e-05
3.305351073155095e-05
3.303811004534844e-05
3.30227170068405e-05
3.3007331544005694e-05
3.299195358800961e-05
3.297658306564427e-05
3.29612199171304e-05
3.294586407156322e-05
3.293051547045579e-05
3.291517405409223e-05
3.289983975930269e-05
3.288451253143807e-05
3.286919231246542e-05
3.285387905087355e-05
3.283857269012157e-05
3.2823273183591736e-05
3.280798047996954e-05
3.279269453056859e-05
3.277741528906319e-05
3.2762142712388594e-05
3.274687675180355e-05
3.2731617369371156e-05
3.271636451951272e-05
3.270111816396563e-05
3.268587826513691e-05
3.267064478473956e-05
3.2655417687588684e-05
3.2640196935317994e-05
3.2624982494736716e-05
3.260977433177725e-05
3.259457241620827e-05
3.257937671423156e-05
3.25641872012736e-05
3.254900384237864e-05
3.253382661228069e-05
3.2518655481083056e-05
3.250349042701466e-05
3.2488331418961134e-05
3.247317843853283e-05
