0.00522619967477171
0.0020721302966561217
0.0012265304570209168
0.0008461191928091498
0.0006266792436211844
0.0004837542640420554
0.0003871093163688397
0.00032225463045626744
0.00028158898575781407
0.000259853495838035
0.0002518890612491948
0.00025277064648532527
0.0002584323398937138
0.00026621603212647065
0.00027427948693668736
0.00028214055405776224
0.0002896465330144831
0.0002971440552883282
0.0003053379345808383
0.00031483132619707267
0.00032651451147592306
0.00034112317907378426
0.0003593189091028332
0.0003815967316746593
0.0004079832584731499
0.00043761204835663563
0.00046832306009593244
0.0004966421772239096
0.0005199125379989905
0.0005325843366592361
0.00041875800794872385
0.00019407631300720127
0.00023388324502224373
0.0002693760321743989
0.00031387193971394524
0.0003120409084610649
0.0003216832822871938
0.0003115684637299218
0.00032334727690088165
0.0002994033561542619
0.0003424414119810155
0.0003407452663590815
0.00028232130329669064
0.00025680439313390565
0.00023814999956319995
0.00022103401987873063
0.00020491431377138664
0.00018965965378157053
0.00017486199969171722
0.00016107281796607186
0.00014890142392065469
0.00015162812554184133
0.0001299410603860604
0.0001166565020595785
0.00010883438336231998
9.787974804041447e-05
9.032488468067595e-05
8.410051588266521e-05
7.86247715926809e-05
7.353347018428907e-05
6.887377214686591e-05
6.475721370174852e-05
6.1034619284491505e-05
5.782436958809408e-05
5.470114828728839e-05
5.195756494176416e-05
6.20237271856427e-05
5.441155721053147e-05
4.668256002993555e-05
5.3984976625558335e-05
4.511931456405578e-05
4.140207928176297e-05
3.858589630218807e-05
3.6425552835227464e-05
3.513434308008918e-05
3.389048933409351e-05
3.39701679524422e-05
3.1230016938396206e-05
3.0209518829073703e-05
6.028214863104187e-05
3.895014592539048e-05
3.090125047403235e-05
2.8647482865039835e-05
2.711819818578063e-05
3.081053820933455e-05
2.6123900948802085e-05
2.4657926694466468e-05
2.3917995055886004e-05
2.3086912204388498e-05
2.226577619649405e-05
2.1470212972253026e-05
2.06949167956602e-05
2.616887015017782e-05
2.1520988231658015e-05
1.9641425983613168e-05
1.881940662815006e-05
1.8458059874072648e-05
1.7742118457296297e-05
2.6453326343417864e-05
3.6802096999551835e-05
2.4070264061221045e-05
1.9202079891304554e-05
1.7520910316313217e-05
1.6580887740112836e-05
1.582731118998153e-05
1.5232375248035923e-05
1.4707053985646833e-05
1.4206945123892811e-05
1.3669441023556173e-05
1.3850040481381002e-05
1.3099465229075129e-05
1.258440718145893e-05
1.2244794114034821e-05
1.1747077383178608e-05
1.1320912579941939e-05
