0.04724469012784581
0.018337253798199213
0.010087765431513646
0.006258211800649569
0.003947860696533102
0.0022955082566343413
0.001031959631713869
6.83110436692972e-05
0.0008304827305770919
0.0015176396380090938
0.002072531398133138
0.0025112394845701507
0.0028399803466702123
0.0030873091986168034
0.003237574215323802
0.0033498837717104058
0.0033897260980870416
0.0034317964838116327
0.0034388882595550773
0.00347683495743605
0.003516155150510473
0.0035785974523173184
0.0036754624638722405
0.003811692273056387
0.003984868252207377
0.004174875960066904
0.004338415570067476
0.0044347365028875405
0.004445603657758367
0.001196252596919198
0.004500267393755711
0.0007791800081889831
0.002020569617376162
0.002462334158751315
0.0016984087690640527
0.0019578439583506557
0.0018766574137986057
0.0018947028994202792
0.0017078855603146958
0.0019854044449155645
0.0013192785344867505
0.0010616806055415353
0.0016289772427758135
0.0016347841899991282
0.001539498371800116
0.001427837604206885
0.0013150071232863388
0.001210289126574344
0.0011282285660971839
0.0009741625682604147
0.0008584608358051691
0.0006589127871154789
0.000661641791940234
0.0006305084239839258
0.0005012588396008776
0.0004556150023564979
0.00043537491932629563
0.00035392431815580485
0.0003155382629556009
0.0002676266337770263
0.00022940274657271844
0.00020547699903925953
0.00019244314035410856
0.00016606559990903504
0.00014881695324385255
0.00013254489946735702
0.00010400062415295655
9.593990191439497e-05
9.862530845340785e-05
0.00012040429062659464
8.470245443987588e-05
7.552108959618072e-05
6.345422166318173e-05
6.256418993376898e-05
5.853191609151413e-05
5.44525308935122e-05
4.503638264777026e-05
4.590105273674806e-05
4.291932999645403e-05
8.332679467770707e-05
4.86484459735411e-05
3.981497808945071e-05
3.483953312153741e-05
3.293170894340657e-05
3.811289522677181e-05
2.916374926313455e-05
2.6066692328742347e-05
2.3224199897665203e-05
2.0562188063692116e-05
1.861020153756982e-05
1.7171979773439242e-05
1.6816696921516515e-05
3.4473674488014764e-05
2.1913661735804646e-05
1.7519919722935024e-05
1.647831955076915e-05
1.6866442907330875e-05
1.3637424415129702e-05
0.0011961594797653304
4.9359062098436764e-05
2.9205499823503667e-05
2.034003113782804e-05
1.6306165925658544e-05
1.3333471393236082e-05
1.156199373224249e-05
1.0633264438612397e-05
9.954299418484496e-06
9.340151140846976e-06
8.451064970823083e-06
1.6742378409050842e-05
8.250418235218255e-06
9.754501098326316e-06
8.553654453767673e-06
7.850685672736716e-06
7.517968525212766e-06
