1.9725564651537525e-06
1.5924244779333458e-06
1.2016920423035974e-06
8.95588279138855e-07
6.289550007248765e-07
5.256856487077201e-07
5.628979718280995e-07
7.091182540986365e-07
8.699095460832769e-07
1.0111138856837907e-06
1.1370014557139346e-06
1.244893754933335e-06
1.3236167402426238e-06
1.373675442788721e-06
1.3940430922046154e-06
1.3822917685920926e-06
1.3381481427069016e-06
1.2650007701896735e-06
1.169631635192399e-06
1.058977921445652e-06
9.386896620872836e-07
8.137154213711553e-07
6.884748225267691e-07
5.671007505857082e-07
4.543646813259338e-07
3.5675874012595195e-07
2.8424547978853154e-07
2.4976364837883007e-07
3.199655861313003e-07
3.123531898205916e-07
3.045028493648308e-07
3.245540222620955e-07
3.5575744738372716e-07
4.000071402010794e-07
4.219979420039819e-07
4.762713409333892e-07
4.6247471115541644e-07
4.781233768778834e-07
4.869219861901696e-07
5.021016159822725e-07
5.262147343669909e-07
4.95354070827298e-07
4.919681797871301e-07
4.868920690544282e-07
4.803423987767034e-07
4.7249481517839743e-07
4.634138441037439e-07
4.533222356251559e-07
4.423259274189217e-07
4.3057586408927956e-07
4.1880545453743934e-07
4.0509976853523996e-07
3.9164396904623066e-07
3.780869166239073e-07
3.643592359112426e-07
3.5057227348899544e-07
3.368938782097856e-07
3.2327948598372416e-07
3.0987162588830645e-07
2.9658670972648884e-07
2.834869065853889e-07
2.705765419580157e-07
2.578007936782538e-07
2.4528182523909854e-07
2.330957623483063e-07
2.2141302770794833e-07
2.0992761802261622e-07
1.9889966923768298e-07
1.8834202304212018e-07
1.779780223892871e-07
1.6816007368702206e-07
1.5879144736404437e-07
1.498372313200081e-07
1.412945361177391e-07
1.3313247413072204e-07
1.2535657536705074e-07
1.1795812855143126e-07
1.1088859141679351e-07
1.0450573930471091e-07
9.782513460574628e-08
9.180081929222117e-08
8.607261312813711e-08
8.064584083606814e-08
7.555488378757543e-08
7.070032825759163e-08
6.618038886120444e-08
6.194637567244481e-08
5.794383836207848e-08
5.417074317519084e-08
5.0659161667096235e-08
4.740337395821434e-08
4.4385659522415854e-08
4.14957218094904e-08
3.881578381709962e-08
3.630453329819382e-08
3.39587536080778e-08
3.178107630477384e-08
2.9798401623918595e-08
2.823947187663055e-08
2.6390428967983893e-08
2.4856239028546934e-08
2.3426243471043293e-08
2.2107726102665026e-08
2.090462244460034e-08
1.980883497965865e-08
1.879443858223788e-08
1.7838582758080288e-08
1.6934307399046674e-08
1.6111277097842817e-08
1.5317577310048902e-08
1.4587198202953532e-08
1.3896176276711612e-08
1.3239831698934638e-08
1.2624860542617982e-08
