2.167582960705444
0.7369187792024571
0.31007045883108064
0.18437485373431658
0.1262553564787866
0.0922379267460874
0.07032842295087335
0.05479233041568822
0.043322092827623775
0.03467891087201872
0.028108575669064686
0.023066246652287098
0.019721084879527402
0.016617966018300376
0.015346537950248266
0.013577397960950203
0.013384506405026374
0.0126429310992034
0.013157856687061051
0.01304673178276282
0.013741755781029607
0.014747269584052602
0.01595397904635672
0.01723969597001285
0.018354082046690385
0.019132834568584618
0.019964780029905177
0.020109925266772844
0.01976803322253771
0.003879807592221012
0.060876932486595946
0.022820672978969992
0.014714423065252296
0.012040459950462976
0.006034065635852118
0.008316457889271477
0.008276385890857238
0.008505247988052758
0.006674218396037953
0.008482728440382696
0.0027075262821150527
0.002554954866022777
0.007358505379049771
0.005876140513282119
0.004889495260050487
0.004035158951043529
0.00329426315822724
0.0026387897426726867
0.0017559479433719035
0.001684093465112364
0.0013216624521319846
0.0006037270866773212
0.000879790406981427
0.00041688609344033576
0.00032439370850868344
0.0005063928085833628
0.00031066520834498217
0.0004055265221847264
0.00017168171531984733
0.00030370589464534563
0.0004752822749778054
0.0004544662197639477
0.0005855684957759048
0.0004042440720406666
0.0003726970190449618
0.00034826476877685564
0.0001988302092869274
0.0002592383148194111
0.0002927376320864436
0.00019776976631836403
0.00022854101975589778
0.00021620176962639133
0.00014708709223707213
0.00017624770927246
0.0001504278346343021
0.0001289602654448648
6.490608173471565e-05
0.0001196429478140695
9.893132458342508e-05
0.0002213512801381577
0.00010980820257209864
8.847465228234349e-05
5.364689283393562e-05
6.609924251103632e-05
5.977846331972432e-05
6.949382917843289e-05
5.609919140700261e-05
4.9962489724690623e-05
4.614826771021331e-05
4.312909852747976e-05
4.034247731155249e-05
3.8648603082045146e-05
4.479545792803226e-05
4.6963924634178025e-05
3.857872592448594e-05
3.3035926939625606e-05
2.7946728540751547e-05
2.6596346964186315e-05
0.0002495190730164744
0.00015566875729895467
4.375879507391204e-05
3.385774661323913e-05
2.6996679952639566e-05
2.258183391011954e-05
1.8992147217010223e-05
1.6336147313335674e-05
1.4155645029428188e-05
1.245150059590873e-05
1.1117740924983036e-05
8.40472716330233e-06
8.169619246786213e-06
8.179036895089928e-06
7.386048041904775e-06
6.672935013542453e-06
