0.33687474391048916
0.017931250396488574
0.01116930717127837
0.008063170583130419
0.006212497345059418
0.0049867145834853015
0.004135689534266407
0.0035302769626847845
0.0030954920383707376
0.0027825710855553768
0.0025555863884433897
0.0023873303644378545
0.0022565464802516283
0.0021501665312970287
0.002057929697170198
0.001976926861086898
0.0019073840194211834
0.001851303412557695
0.001814358403860954
0.0017974585445527877
0.0018042072543581625
0.001833506413920132
0.0018829880896802144
0.0019492695870573383
0.002027751679559693
0.0021121771286263056
0.0021942218107181195
0.002263680675354184
0.002314926017774553
0.002900755078752191
0.0034837683019970055
0.0014207658533949038
0.0013751411018454748
0.0013996897848359974
0.0016741778506818483
0.0015652647253013114
0.0016774442467883258
0.0014985708045933794
0.0015690347531003852
0.0013612689519917258
0.0017960850879802628
0.0018319077633180726
0.0012862760995915466
0.0011993853367285095
0.001135466913202927
0.0010780896518165367
0.0010239839694014448
0.0009719909391751435
0.0009201450538419717
0.0008705851792248032
0.0008234392988604626
0.0008757696373365143
0.0007412755789302129
0.0006920172507192885
0.0006602850927271048
0.000611606619924695
0.0005758580738701495
0.0005441724355363591
0.0005146748691980826
0.000487002978704512
0.0004608904401109891
0.00043677484170998623
0.0004146490193078427
0.00039504286560156673
0.000376791882217989
0.00035992030154235663
0.00038623229011217053
0.0003434980907775976
0.00032054923796189747
0.0003222280267903919
0.0002983154442093907
0.00028558337755562257
0.0002753313346482847
0.00026348562618465934
0.00025483728159177957
0.0002467901345312408
0.000244081330422479
0.0002316802603323458
0.0002251896592526166
0.0003168752101323922
0.0002299945517220273
0.0002137436572121072
0.00020682167003110028
0.0002004620656448985
0.0002051020074445965
0.00019038546328743118
0.00018572180014069756
0.0001812656117016491
0.00017682042275794741
0.000172457643729463
0.0001682266944582209
0.00016413598313633
0.00016810319400049968
0.00015727719153932435
0.00015337555181188143
0.0001498854295636068
0.00014669305902350577
0.00014324789146901896
0.0001407336946160737
0.00017502422732803348
0.00014120573796327874
0.00013484649495961682
0.00013116007313294863
0.00012793514237511658
0.00012485203171020128
0.00012184197284887557
0.00011886358139627734
0.00011588577648781162
0.0001128480996219542
0.00011031774094576593
0.00010694865812843087
0.00010385113249488634
0.00010077774822479721
9.757543738261476e-05
