7.677725259697515e-09
2.9417115017727132e-09
5.947694036028725e-10
2.7500340155991274e-10
1.6531669633617844e-10
1.1634451232772088e-10
8.892948326246252e-11
7.193846892872176e-11
6.070238110306817e-11
5.290823558258703e-11
4.7301916341478854e-11
4.2222194659890226e-11
3.718584109167808e-11
3.324802153967538e-11
3.014333658476764e-11
2.7671424693284733e-11
2.567100740455611e-11
2.3786044960100517e-11
2.188548469775585e-11
2.0303180059134548e-11
1.8957256318049185e-11
1.7829707727928675e-11
1.6629262559730566e-11
1.5497706546634658e-11
1.4538988925882748e-11
1.3723388806297071e-11
1.3026452874565036e-11
1.2428070070315851e-11
1.1883941946989324e-11
1.1252714076869605e-11
1.0683253425039841e-11
1.018659983532223e-11
9.750776060127779e-12
9.308467344954454e-12
8.878458131111295e-12
8.481935539409029e-12
8.115416508382925e-12
7.77524944752712e-12
7.458894430359749e-12
7.164452727448514e-12
6.8889573756147195e-12
6.631633719652265e-12
6.389830629132105e-12
6.162907255730908e-12
5.949327181157535e-12
5.747913858699772e-12
5.557456418739904e-12
5.378063697820654e-12
5.208348980538333e-12
5.047850285929997e-12
4.895634584364774e-12
4.751043714032274e-12
4.613561401783846e-12
4.482693702919926e-12
4.358260532258675e-12
4.239465069133141e-12
4.126967346012952e-12
4.019948825187256e-12
3.917758924074304e-12
3.819991319225493e-12
3.72659977672828e-12
3.637082919190571e-12
3.551524091648935e-12
3.4696232800036173e-12
3.391066610225136e-12
3.315441183994124e-12
