964240.3648206939
866942.8235751044
935.6796185098161
162.12414619382716
14.390883894014413
1.4185578884687986
0.28372724463171
0.16955807447489366
0.13754365840350377
0.09691231658818822
0.05892641150336606
0.024589929667662276
0.007583913238292835
0.004628649346910367
0.002662860982255063
0.0014882581367947503
0.0008610470079734088
0.0002836812590485022
8.631735395112909e-05
0.00019052583933264672
0.0005035790942530258
0.00034351822545134446
1.7661227783257272e-05
1.3548797894353308e-05
3.299835161257818e-05
0.0001643761539611251
0.00040790899433186555
0.0007325075054794647
0.0010010630750041513
0.0007149329067912055
0.001470789982696158
0.004701844816798808
0.0073969160240222025
0.005905717680179921
0.004565572200788091
0.0036210222582525207
0.0035858848103126548
0.0035694163816577047
0.0034720695129540832
0.003267799630578653
0.0030372705530158158
0.003168948852444735
0.002497226113054064
0.0020645108850930625
0.0016467431857626925
0.0012744912936956962
0.0009590927025907056
0.0007042284682247052
0.0005012221050070789
0.0003514353291746939
0.00020726522929922987
0.00010556201175174674
4.610576729675108e-05
7.830837134491972e-06
6.298087170905219e-06
4.117714989177682e-05
0.00013644349784346324
0.00016675186032124797
0.00019363441445062276
0.0002134288710065811
0.00017662629560770518
0.00012238252213553618
6.68716665198856e-05
2.3880826364476246e-05
3.667053325952433e-06
5.675336431385909e-07
