0.09155492065310798
0.00883187220264649
0.0008680786490484033
0.00010040035496266267
2.119885469236238e-05
1.0470072122073858e-05
7.5381152697765455e-06
6.014085130397462e-06
5.0394677215173685e-06
4.385530982469848e-06
3.9365462747223474e-06
3.5535259825780013e-06
3.184499471391925e-06
2.900282052120909e-06
2.682608212689206e-06
2.51658497939173e-06
2.3906877748582275e-06
2.2748389368879806e-06
2.153153369284877e-06
2.0613822994075306e-06
2.0191642754335786e-06
1.963078499562723e-06
1.860892832216359e-06
1.7576821285294196e-06
1.6722064674472509e-06
1.6034467846549833e-06
1.5484008773227494e-06
1.504102102697396e-06
1.4652426769800863e-06
1.4161839489152838e-06
1.3725892311507727e-06
1.326420463836924e-06
1.2807428052147468e-06
1.2380817889557903e-06
1.1966766059820842e-06
1.162309818162794e-06
1.132390916496088e-06
1.1061097549079326e-06
1.082972011104927e-06
1.0627341941441794e-06
1.0461340275955272e-06
1.025003398756142e-06
1.005420708312921e-06
9.878535529430377e-07
9.72543284236886e-07
9.580998883146973e-07
9.43372924268001e-07
9.280044443703551e-07
9.120997264327288e-07
8.967989828658508e-07
8.882234796617797e-07
8.708997948496617e-07
8.487175844067719e-07
8.311635605098729e-07
8.14351256793693e-07
7.986575920623093e-07
7.816283656848186e-07
7.658189606345729e-07
7.504116165388775e-07
7.364076953702447e-07
7.211179904910287e-07
7.073159807874482e-07
6.948715658674924e-07
6.83879343042436e-07
6.733890041512755e-07
6.632155026787349e-07
