1.0860578835843784
3.8100545987130205
3.350314236329396
1.0051320536734125
0.30181618192893367
0.09069621891660153
0.027275633693380385
0.008206384238723987
0.002463319228357761
0.000727846228972399
0.0001996007934113406
3.664415932970555e-05
1.6733675700875312e-05
3.3473619598855515e-05
3.924393554693976e-05
4.0899104610931926e-05
4.0742251804782006e-05
3.959685060136051e-05
3.781031695395248e-05
3.5565120761701795e-05
3.297775133521181e-05
2.6698887852500745e-05
2.5855826620765397e-05
2.4200478098553574e-05
2.1925033551340177e-05
1.919824520809326e-05
1.6143650572206073e-05
1.2897371853680321e-05
9.598985959147022e-06
6.484203131649679e-06
4.265420229718248e-06
4.6123156705990905e-06
7.134022594906712e-06
1.0290936412842041e-05
1.358785827084973e-05
1.6884204325948884e-05
2.012612214213137e-05
2.3287949710640617e-05
2.635567279654822e-05
2.9321417958184595e-05
3.218073875354474e-05
3.8029286651718676e-05
3.953613820301018e-05
4.1157776290860416e-05
4.28670999296377e-05
4.463877407858499e-05
4.6449769340538855e-05
4.828033301208067e-05
5.011324313581847e-05
5.19272004406557e-05
5.372142330288715e-05
5.548110097066262e-05
5.7197542065570586e-05
5.886400011833588e-05
6.047515761129386e-05
6.202685840939449e-05
6.351597906032233e-05
6.494031895885352e-05
6.629847808501057e-05
6.758983597058718e-05
6.881440138095347e-05
6.997296683747796e-05
7.106682507318089e-05
7.209802463427476e-05
7.306903904813544e-05
7.39827983322044e-05
7.484256741279959e-05
7.565167228420408e-05
7.641357346647476e-05
7.713152928390718e-05
7.780864349531846e-05
7.844771883480966e-05
7.905123632877573e-05
7.96214020832185e-05
8.016004521391084e-05
8.066879168297061e-05
8.114890789708613e-05
8.160151924263148e-05
8.202756433888585e-05
8.242776561260427e-05
8.280282406644411e-05
8.31534538860882e-05
8.347995893313202e-05
8.378279829669073e-05
8.40624999045999e-05
8.43194163165033e-05
8.455407395107491e-05
8.476679507885e-05
8.49580372483183e-05
8.512822589386312e-05
8.527780599152022e-05
8.540720865696599e-05
8.551690413642682e-05
8.560736362188317e-05
8.567904715726237e-05
8.573243966363776e-05
8.576803053119474e-05
8.578636188247139e-05
8.578785167783733e-05
8.577289763531487e-05
8.574210821204873e-05
8.569588167230924e-05
8.563475341524016e-05
8.555918073858972e-05
8.54696242455412e-05
8.53665409810716e-05
8.525039972332349e-05
8.512159379768531e-05
8.498064643013065e-05
8.482789898946582e-05
8.466383302811297e-05
8.448883213471965e-05
8.430328096417925e-05
8.410763497516742e-05
8.390221827908724e-05
8.368742341011765e-05
8.346362429543488e-05
8.323118995371393e-05
8.299046535789366e-05
8.274179881718852e-05
8.248554390659227e-05
8.22220424598417e-05
8.195158040868318e-05
8.16745604645166e-05
8.139123090494068e-05
8.110193593802625e-05
8.08069962077223e-05
8.050670285417795e-05
8.020137733175718e-05
7.98913071618636e-05
7.95767882577277e-05
7.925813901914165e-05
7.893564669528715e-05
7.860957319337282e-05
7.828025086905085e-05
7.794792812528476e-05
7.761294843511015e-05
7.727552019467649e-05
7.693593368822554e-05
7.659453307033893e-05
7.625147259545928e-05
7.590709781404746e-05
7.556164082230808e-05
7.521531384437695e-05
7.486839856545728e-05
7.452111456620036e-05
7.417368093326379e-05
7.382628049106685e-05
7.347917470734987e-05
7.31325241689198e-05
7.278648213643217e-05
7.244128899470635e-05
7.209700888374079e-05
7.1753870044848e-05
7.141197503821987e-05
7.107140176541851e-05
7.07323111671552e-05
7.039480341620576e-05
7.005893938714897e-05
6.972480933263963e-05
6.939248832372511e-05
6.906201616356248e-05
6.873348052706196e-05
6.840688537268578e-05
6.808226604302056e-05
6.775963848642852e-05
6.743903481496904e-05
6.712043568576995e-05
6.680387466844222e-05
6.648923963671499e-05
6.617665271313785e-05
6.58659967519888e-05
6.555725279441865e-05
6.525042918296072e-05
6.494545828220148e-05
6.464227996320207e-05
6.434090935296414e-05
6.404125282640489e-05
6.37432887026182e-05
6.344697710398957e-05
6.315222209127761e-05
6.285901853783476e-05
6.256729410784558e-05
6.227702898741814e-05
6.198814019569257e-05
6.170061306044103e-05
6.141437728814049e-05
6.112939941370403e-05
6.084563718652488e-05
6.056304717852643e-05
6.028161236440423e-05
6.0001263942566076e-05
5.97219844195425e-05
5.9443748027543986e-05
5.916653189609441e-05
5.889029646465079e-05
5.861503042143702e-05
5.834069897739761e-05
5.806729171507119e-05
5.779481046349508e-05
5.752323713608405e-05
5.725255023899159e-05
5.6982747399423287e-05
5.671385312043964e-05
5.6445799809267073e-05
5.617868262351592e-05
5.5912377900663706e-05
5.5647023320298225e-05
5.5382531185267775e-05
5.511894414330891e-05
5.4856269269469004e-05
5.459451733993604e-05
5.43337147413289e-05
5.407386055224743e-05
5.3814983515646186e-05
5.355708028881681e-05
5.330023060139291e-05
5.304438889380253e-05
5.2789608860265325e-05
5.253590980469598e-05
5.228334552857432e-05
5.203188535130006e-05
5.1781598620134085e-05
5.153246326706908e-05
5.128455787355691e-05
5.103784695016892e-05
5.0792387439871226e-05
5.0548182170805545e-05
5.0305272326861786e-05
5.006365534714151e-05
4.9823373600147645e-05
4.958442816413541e-05
4.93468357985914e-05
4.911066154806308e-05
4.887584080238535e-05
4.864245878481489e-05
4.841050795853347e-05
4.818002256362592e-05
4.795102803781543e-05
4.772350180879074e-05
4.7497537600106294e-05
4.727311610217501e-05
4.7050201758106924e-05
4.6828908298385804e-05
4.660915731172242e-05
4.639101574648687e-05
4.6174486058351386e-05
4.5959557770537695e-05
4.5746271547025946e-05
4.553457380755818e-05
4.532453274772737e-05
4.51160913961695e-05
4.490929844451669e-05
4.4704127651292434e-05
4.4500565168151906e-05
4.429868341015449e-05
4.409840833825376e-05
4.389977576398203e-05
4.370283734747222e-05
4.350750769720897e-05
4.3313859750173225e-05
4.312184935645993e-05
4.2931514257012163e-05
4.274282410820243e-05
4.2555813297553214e-05
4.237047451839283e-05
4.218680946184635e-05
4.200474818942993e-05
4.182438317050448e-05
4.164561442423636e-05
4.1468474805714036e-05
4.129295200898313e-05
4.111901545169687e-05
4.0946642290056546e-05
4.077584094928773e-05
4.0606559388802644e-05
4.043882773370519e-05
4.027260750687519e-05
4.010788074460103e-05
3.9944707881920076e-05
3.978299226702233e-05
3.962278661194766e-05
3.9464089295150776e-05
3.930688929833182e-05
3.915116375918054e-05
3.899692590350922e-05
3.884413192721727e-05
3.8692782664503616e-05
3.854287754652476e-05
3.83943893723151e-05
3.824727044807373e-05
3.8101542116660556e-05
3.795714603782099e-05
3.781403119023954e-05
3.767219676004168e-05
3.753163347890127e-05
3.739229160171473e-05
3.725421611041614e-05
3.711732094718168e-05
3.6981657387027495e-05
3.684718101141144e-05
3.671389804453728e-05
3.658182741077812e-05
3.645097582081504e-05
3.632133438318509e-05
3.619283435391613e-05
3.606555003301555e-05
3.5939418286617057e-05
3.5814428799223606e-05
3.569057959676103e-05
3.5567793768629466e-05
3.5446099334199875e-05
3.5325404376953904e-05
3.5205678726811915e-05
3.508693322455525e-05
3.4969103166872116e-05
3.485218815995711e-05
3.473615391134945e-05
3.462100653778467e-05
3.450670180495285e-05
3.4393263787012234e-05
3.428069739704945e-05
3.416904574970139e-05
3.405826294405227e-05
3.394837572361623e-05
3.383937592328176e-05
3.3731210338594455e-05
3.3623951990521556e-05
3.35175065855227e-05
3.341190759289218e-05
3.330705369486343e-05
3.3202951415663055e-05
3.309949579799807e-05
3.2996650880374724e-05
3.289442768740672e-05
3.279273564062856e-05
3.269159498657923e-05
3.25908933881291e-05
3.249067032058075e-05
3.239088662368469e-05
3.229150572039698e-05
3.219260475407038e-05
3.209418770810389e-05
3.1996227445479615e-05
3.189883702464169e-05
3.1801989077099386e-05
3.17056403703751e-05
3.1609878157544866e-05
3.151464605822541e-05
3.142000566811666e-05
3.1325889657016285e-05
3.123226927975815e-05
3.113907811321847e-05
3.1046290053025794e-05
3.095387343600121e-05
3.0861772955371714e-05
3.076995014375413e-05
3.067832743706382e-05
3.058688811950664e-05
3.049551515970291e-05
3.0404284948870613e-05
3.031314954315147e-05
3.022223611194525e-05
3.0131440160941885e-05
3.0040942203298337e-05
2.9950700257838036e-05
2.986077750071518e-05
2.9771260934813334e-05
2.968213384296017e-05
2.95934925977013e-05
2.9505350326257176e-05
2.9417682902326264e-05
2.9330472388837888e-05
2.924369304547917e-05
2.915729458288382e-05
2.9071284516164805e-05
2.8985505355506697e-05
2.8899956637845256e-05
2.881447870721292e-05
2.8729041691086105e-05
2.8643587812419274e-05
2.8558096020245842e-05
2.8472571533872076e-05
2.838698351349591e-05
2.830140343559389e-05
2.8215928627736692e-05
2.81305728814483e-05
2.804542327848196e-05
2.7960588071875077e-05
2.787607625129296e-05
2.7792037879709315e-05
2.7708444895873207e-05
2.762537194295911e-05
2.754276370395072e-05
2.7460636585908036e-05
2.73788905451019e-05
2.7297527209146226e-05
2.721637264229816e-05
2.7135350514932922e-05
2.7054307149782237e-05
2.6973182766821128e-05
2.689191543598643e-05
2.6810424116845436e-05
2.67287059115367e-05
2.6646748782560572e-05
2.656469447578787e-05
2.6482586732981517e-05
