6.615225720078956e-09
2.408613932931562e-09
4.772153046021845e-10
2.1971286628995138e-10
1.3930327391590095e-10
1.0058667940445552e-10
7.658260819228973e-11
6.16347493081952e-11
5.17253257619479e-11
4.486939217418876e-11
3.993811432410947e-11
3.500305689911209e-11
3.0939606596834125e-11
2.7600714226886755e-11
2.4821671862328854e-11
2.2477995271751965e-11
2.0474926239713515e-11
1.8742897872424784e-11
1.7227835172236703e-11
1.5897624608729984e-11
1.4728808687780886e-11
1.3696670840785143e-11
1.2777913214947175e-11
1.1955289458227665e-11
1.1214301704267434e-11
1.0542538580743158e-11
9.933559702593088e-12
9.379145945537298e-12
8.871140573753293e-12
8.404740145547501e-12
7.976923996040635e-12
7.583105378525626e-12
7.219934259730381e-12
6.8856206273533566e-12
6.577434527637007e-12
6.292700215480852e-12
6.028776209175905e-12
5.783073086181455e-12
5.553505673162244e-12
5.338882294146599e-12
5.137828892727385e-12
4.94925759586954e-12
4.771826788101362e-12
4.6049711877195985e-12
4.447810873015155e-12
4.299483660342623e-12
4.159126101296357e-12
4.026373120730071e-12
3.900475558220302e-12
3.780940188271498e-12
3.667803699593296e-12
3.5601978702561532e-12
3.457899708390648e-12
3.3607318292463032e-12
3.268182261616097e-12
3.1801048605273876e-12
3.0960425629273043e-12
3.015607221727502e-12
2.9389073298318347e-12
2.86551612490645e-12
