0.037049006689021564
0.003596060133727904
0.0003612261690141015
4.5258783655293705e-05
1.1546802188078223e-05
6.319241131769043e-06
4.567341564803165e-06
3.6328265761589292e-06
3.0484556755951837e-06
2.6632876041653145e-06
2.401301081909541e-06
2.1450050035520845e-06
1.936406874434082e-06
1.7672225377973008e-06
1.6276574006080076e-06
1.510692037178589e-06
1.4111786521471523e-06
1.32531009089569e-06
1.250274716096255e-06
1.1839989856864463e-06
1.124935973934648e-06
1.0719034263728815e-06
1.023977685219025e-06
9.804172378145034e-07
9.406169012633637e-07
9.040741003830724e-07
8.703751551416425e-07
8.39182398779373e-07
8.102303164988168e-07
7.833589439107413e-07
7.588125038615105e-07
7.397849268986068e-07
7.19747149432472e-07
6.993476830823384e-07
6.791894623660581e-07
6.598689050650118e-07
6.415970129264082e-07
6.244157104082125e-07
6.08316632240921e-07
5.932732429214513e-07
5.793221004934623e-07
5.669236048551858e-07
5.548631152806414e-07
5.428566604095674e-07
5.314967746212379e-07
5.207866476578575e-07
5.10680580508041e-07
5.020342032357766e-07
4.948985063711632e-07
4.85069614724865e-07
4.7411744046723395e-07
4.6582183554456236e-07
4.576491470642647e-07
4.497724636089144e-07
4.424014618714127e-07
4.3619612122804045e-07
4.300010250610004e-07
4.234814256056659e-07
4.1705193819360477e-07
4.1075271831760327e-07
