# step du_rel dp_rel
# u_rtol 2.0000000000000001e-04
# p_rtol 1.0000000000000000e-03
0001 3.5655802622976552e-04 8.7372488603826813e-04
0002 3.5637217764532188e-04 8.4573275328759384e-04
0003 3.5618647417192339e-04 8.2015383320601862e-04
0004 3.5600091527894604e-04 7.9675960990395239e-04
0005 3.5581550047205382e-04 7.7534513860655319e-04
0006 3.5563022928445379e-04 7.5572640531354582e-04
0007 3.5544510127047754e-04 7.3773800203283976e-04
0008 3.5526011600082720e-04 7.2123107958930500e-04
0009 3.5507527305923305e-04 7.0607154280985312e-04
0010 3.5489057203997351e-04 6.9213845724684989e-04
0011 3.5470601254621552e-04 6.7932264199772917e-04
0012 3.5452159418876910e-04 6.6752542590073263e-04
0013 3.5433731658533421e-04 6.5665754561979636e-04
0014 3.5415317935992297e-04 6.4663816955396706e-04
0015 3.5396918214257136e-04 6.3739403199860993e-04
0016 3.5378532456909286e-04 6.2885866355469648e-04
0017 3.5360160628099957e-04 6.2097170711806896e-04
0018 3.5341802692543181e-04 6.1367830875058422e-04
0019 3.5323458615512911e-04 6.0692857469670186e-04
0020 3.5305128362845585e-04 6.0067708637590977e-04
0021 3.5286811900938188e-04 5.9488246770058597e-04
0022 3.5268509196749491e-04 5.8950699720173444e-04
0023 3.5250220217801010e-04 5.8451626115901096e-04
0024 3.5231944932170156e-04 5.7987884215274688e-04
0025 3.5213683308495434e-04 5.7556603986588057e-04
0026 3.5195435315965736e-04 5.7155161944561861e-04
0027 3.5177200924319950e-04 5.6781158578213470e-04
0028 3.5158980103835123e-04 5.6432397975012048e-04
0029 3.5140772825325239e-04 5.6106869444050636e-04
0030 3.5122579060127275e-04 5.5802730951635873e-04
0031 3.5104398780093951e-04 5.5518294138698094e-04
0032 3.5086231957582079e-04 5.5252010745085586e-04
0033 3.5068078565445384e-04 5.5002460369983717e-04
0034 3.5049938577015691e-04 5.4768339336801837e-04
0035 3.5031811966099619e-04 5.4548450579771941e-04
0036 3.5013698706956288e-04 5.4341694525716726e-04
0037 3.4995598774292380e-04 5.4147060746109754e-04
0038 3.4977512143247446e-04 5.3963620379541177e-04
0039 3.4959438789379082e-04 5.3790519286950225e-04
0040 3.4941378688648601e-04 5.3626971730707325e-04
0041 3.4923331817411938e-04 5.3472254659265423e-04
0042 3.4905298152406182e-04 5.3325702541924113e-04
0043 3.4887277670732342e-04 5.3186702553628207e-04
0044 3.4869270349848110e-04 5.3054690252239104e-04
0045 3.4851276167551518e-04 5.2929145600573956e-04
0046 3.4833295101970810e-04 5.2809589355867857e-04
0047 3.4815327131550492e-04 5.2695579717536875e-04
0048 3.4797372235042829e-04 5.2586709316386352e-04
0049 3.4779430391493750e-04 5.2482602410589311e-04
0050 3.4761501580231335e-04 5.2382912335193822e-04
0051 3.4743585780856279e-04 5.2287319189177990e-04
0052 3.4725682973233725e-04 5.2195527675719501e-04
0053 3.4707793137477846e-04 5.2107265127397239e-04
0054 3.4689916253946183e-04 5.2022279728880939e-04
0055 3.4672052303227891e-04 5.1940338842385882e-04
0056 3.4654201266138011e-04 5.1861227504461957e-04
0057 3.4636363123703224e-04 5.1784747011335383e-04
0058 3.4618537857158765e-04 5.1710713657435116e-04
0059 3.4600725447934798e-04 5.1638957539279799e-04
0060 3.4582925877655848e-04 5.1569321478067167e-04
0061 3.4565139128124627e-04 5.1501660057466593e-04
0062 3.4547365181324639e-04 5.1435838650647529e-04
0063 3.4529604019402300e-04 5.1371732614002060e-04
0064 3.4511855624669535e-04 5.1309226511849751e-04
0065 3.4494119979592376e-04 5.1248213391185977e-04
0066 3.4476397066787647e-04 5.1188594149414980e-04
0067 3.4458686869014399e-04 5.1130276896870755e-04
0068 3.4440989369168961e-04 5.1073176427941661e-04
0069 3.4423304550282465e-04 5.1017213709047844e-04
0070 3.4405632395514442e-04 5.0962315376384016e-04
0071 3.4387972888144555e-04 5.0908413350480306e-04
0072 3.4370326011572215e-04 5.0855444399694862e-04
0073 3.4352691749310295e-04 5.0803349779950015e-04
0074 3.4335070084982162e-04 5.0752074913648019e-04
0075 3.4317461002315121e-04 5.0701569034585891e-04
0076 3.4299864485140043e-04 5.0651784968420760e-04
0077 3.4282280517386308e-04 5.0602678786210132e-04
0078 3.4264709083074279e-04 5.0554209625699737e-04
0079 3.4247150166321385e-04 5.0506339426848509e-04
0080 3.4229603751327592e-04 5.0459032730830857e-04
0081 3.4212069822382772e-04 5.0412256515200231e-04
0082 3.4194548363856449e-04 5.0365979973177380e-04
0083 3.4177039360198545e-04 5.0320174368465725e-04
0084 3.4159542795937382e-04 5.0274812908165619e-04
0085 3.4142058655673774e-04 5.0229870561613462e-04
0086 3.4124586924081518e-04 5.0185323954932853e-04
0087 3.4107127585905877e-04 5.0141151265565480e-04
0088 3.4089680625957910e-04 5.0097332073500912e-04
0089 3.4072246029115519e-04 5.0053847295223057e-04
0090 3.4054823780322821e-04 5.0010679079041541e-04
0091 3.4037413864582047e-04 4.9967810707664761e-04
0092 3.4020016266958540e-04 4.9925226524789889e-04
0093 3.4002630972575118e-04 4.9882911889956500e-04
0094 3.3985257966614627e-04 4.9840853043007572e-04
0095 3.3967897234310766e-04 4.9799037116045732e-04
0096 3.3950548760956588e-04 4.9757452018191184e-04
0097 3.3933212531894117e-04 4.9716086408118732e-04
0098 3.3915888532519265e-04 4.9674929643091562e-04
0099 3.3898576748275956e-04 4.9633971726706046e-04
0100 3.3881277164661620e-04 4.9593203259565961e-04
0101 3.3863989767218128e-04 4.9552615415676086e-04
0102 3.3846714541533815e-04 4.9512199884825926e-04
0103 3.3829451473247279e-04 4.9471948859831569e-04
0104 3.3812200548036676e-04 4.9431854986080337e-04
0105 3.3794961751627795e-04 4.9391911344827876e-04
0106 3.3777735069789367e-04 4.9352111421926970e-04
0107 3.3760520488330497e-04 4.9312449064998543e-04
0108 3.3743317993103968e-04 4.9272918491996467e-04
0109 3.3726127570001967e-04 4.9233514248191667e-04
0110 3.3708949204957117e-04 4.9194231187699687e-04
0111 3.3691782883941653e-04 4.9155064449786729e-04
0112 3.3674628592965459e-04 4.9116009458182342e-04
0113 3.3657486318077243e-04 4.9077061882273174e-04
0114 3.3640356045363639e-04 4.9038217634875237e-04
0115 3.3623237760945949e-04 4.8999472860090411e-04
0116 3.3606131450983882e-04 4.8960823917158368e-04
0117 3.3589037101671695e-04 4.8922267355466873e-04
0118 3.3571954699238422e-04 4.8883799913873930e-04
0119 3.3554884229949677e-04 4.8845418511154462e-04
0120 3.3537825680101578e-04 4.8807120239594844e-04
0121 3.3520779036026938e-04 4.8768902339981434e-04
0122 3.3503744284092062e-04 4.8730762203348866e-04
0123 3.3486721410695328e-04 4.8692697354825047e-04
0124 3.3469710402263947e-04 4.8654705457201356e-04
0125 3.3452711245263807e-04 4.8616784300112834e-04
0126 3.3435723926186740e-04 4.8578931782036153e-04
0127 3.3418748431559008e-04 4.8541145914524547e-04
0128 3.3401784747937702e-04 4.8503424820641795e-04
0129 3.3384832861907220e-04 4.8465766704694100e-04
0130 3.3367892760086809e-04 4.8428169880803095e-04
0131 3.3350964429122943e-04 4.8390632743617354e-04
0132 3.3334047855691887e-04 4.8353153769621713e-04
0133 3.3317143026499637e-04 4.8315731515846384e-04
0134 3.3300249928281729e-04 4.8278364619319463e-04
0135 3.3283368547801592e-04 4.8241051767316791e-04
0136 3.3266498871852278e-04 4.8203791739448210e-04
0137 3.3249640887253115e-04 4.8166583355004381e-04
0138 3.3232794580853413e-04 4.8129425509029779e-04
0139 3.3215959939529973e-04 4.8092317138731424e-04
0140 3.3199136950186564e-04 4.8055257247604343e-04
0141 3.3182325599755028e-04 4.8018244877720659e-04
0142 3.3165525875192465e-04 4.7981279134553568e-04
0143 3.3148737763485020e-04 4.7944359146960590e-04
0144 3.3131961251644886e-04 4.7907484094913603e-04
0145 3.3115196326710450e-04 4.7870653210740780e-04
0146 3.3098442975746219e-04 4.7833865755593838e-04
0147 3.3081701185844371e-04 4.7797121017101757e-04
0148 3.3064970944120877e-04 4.7760418335880000e-04
0149 3.3048252237718735e-04 4.7723757074325071e-04
0150 3.3031545053806066e-04 4.7687136619031643e-04
0151 3.3014849379577093e-04 4.7650556397344125e-04
0152 3.2998165202250399e-04 4.7614015861752716e-04
0153 3.2981492509070402e-04 4.7577514494409070e-04
0154 3.2964831287306468e-04 4.7541051780625594e-04
0155 3.2948181524251462e-04 4.7504627269402173e-04
0156 3.2931543207225173e-04 4.7468240488817857e-04
0157 3.2914916323570348e-04 4.7431891013126657e-04
0158 3.2898300860654243e-04 4.7395578433317200e-04
0159 3.2881696805868584e-04 4.7359302356003903e-04
0160 3.2865104146629959e-04 4.7323062407973531e-04
0161 3.2848522870377765e-04 4.7286858228543296e-04
0162 3.2831952964575595e-04 4.7250689475090545e-04
0163 3.2815394416710352e-04 4.7214555822146015e-04
0164 3.2798847214294603e-04 4.7178456968207332e-04
0165 3.2782311344862087e-04 4.7142392603976945e-04
0166 3.2765786795971731e-04 4.7106362442652885e-04
0167 3.2749273555203148e-04 4.7070366220240808e-04
0168 3.2732771610162795e-04 4.7034403671777144e-04
0169 3.2716280948475124e-04 4.6998474552698510e-04
0170 3.2699801557793082e-04 4.6962578615997787e-04
0171 3.2683333425790841e-04 4.6926715636022305e-04
0172 3.2666876540162024e-04 4.6890885396134497e-04
0173 3.2650430888626924e-04 4.6855087679908020e-04
0174 3.2633996458925621e-04 4.6819322291072579e-04
0175 3.2617573238822982e-04 4.6783589030039303e-04
0176 3.2601161216104919e-04 4.6747887720924162e-04
0177 3.2584760378579392e-04 4.6712218169414968e-04
0178 3.2568370714076668e-04 4.6676580214716044e-04
0179 3.2551992210449809e-04 4.6640973695561105e-04
0180 3.2535624855573709e-04 4.6605398440709752e-04
0181 3.2519268637344140e-04 4.6569854293700819e-04
0182 3.2502923543680374e-04 4.6534341125633769e-04
0183 3.2486589562521714e-04 4.6498858782915493e-04
0184 3.2470266681830853e-04 4.6463407130089792e-04
0185 3.2453954889590187e-04 4.6427986028630194e-04
0186 3.2437654173805537e-04 4.6392595358779143e-04
0187 3.2421364522503302e-04 4.6357235003869978e-04
0188 3.2405085923729101e-04 4.6321904823687214e-04
0189 3.2388818365554112e-04 4.6286604719300610e-04
0190 3.2372561836068386e-04 4.6251334576629782e-04
0191 3.2356316323382762e-04 4.6216094287796470e-04
0192 3.2340081815629190e-04 4.6180883745432509e-04
0193 3.2323858300961129e-04 4.6145702852253370e-04
0194 3.2307645767553473e-04 4.6110551508305445e-04
0195 3.2291444203599851e-04 4.6075429614903321e-04
0196 3.2275253597317740e-04 4.6040337090567538e-04
0197 3.2259073936942586e-04 4.6005273827732401e-04
0198 3.2242905210733212e-04 4.5970239755880032e-04
0199 3.2226747406965419e-04 4.5935234776961286e-04
0200 3.2210600513938751e-04 4.5900258816101297e-04
0201 3.2194464519970704e-04 4.5865311803707561e-04
0202 3.2178339413402497e-04 4.5830393640546876e-04
0203 3.2162225182591822e-04 4.5795504261059514e-04
0204 3.2146121815919133e-04 4.5760643593908631e-04
0205 3.2130029301784469e-04 4.5725811552943302e-04
0206 3.2113947628606686e-04 4.5691008081823534e-04
0207 3.2097876784827224e-04 4.5656233110794676e-04
0208 3.2081816758905126e-04 4.5621486569921975e-04
0209 3.2065767539322292e-04 4.5586768389677509e-04
0210 3.2049729114576298e-04 4.5552078506370735e-04
0211 3.2033701473189921e-04 4.5517416860378732e-04
0212 3.2017684603699993e-04 4.5482783393044362e-04
0213 3.2001678494667516e-04 4.5448178026405894e-04
0214 3.1985683134669432e-04 4.5413600725301135e-04
0215 3.1969698512307015e-04 4.5379051414489482e-04
0216 3.1953724616196993e-04 4.5344530042869079e-04
0217 3.1937761434977269e-04 4.5310036557411136e-04
0218 3.1921808957305413e-04 4.5275570900353204e-04
0219 3.1905867171857540e-04 4.5241133019117963e-04
0220 3.1889936067328587e-04 4.5206722850373525e-04
0221 3.1874015632435692e-04 4.5172340356752598e-04
0222 3.1858105855912458e-04 4.5137985488190595e-04
0223 3.1842206726511704e-04 4.5103658188001551e-04
0224 3.1826318233007725e-04 4.5069358404671594e-04
0225 3.1810440364190580e-04 4.5035086088973783e-04
0226 3.1794573108872545e-04 4.5000841199572687e-04
0227 3.1778716455882223e-04 4.4966623681721838e-04
0228 3.1762870394069710e-04 4.4932433497376029e-04
0229 3.1747034912301943e-04 4.4898270594324213e-04
0230 3.1731209999466374e-04 4.4864134928780609e-04
0231 3.1715395644466075e-04 4.4830026460294269e-04
0232 3.1699591836227233e-04 4.4795945138924179e-04
0233 3.1683798563692428e-04 4.4761890923440808e-04
0234 3.1668015815822112e-04 4.4727863771113830e-04
0235 3.1652243581596173e-04 4.4693863643667053e-04
0236 3.1636481850013965e-04 4.4659890492607291e-04
0237 3.1620730610092574e-04 4.4625944284481676e-04
0238 3.1604989850866769e-04 4.4592024967808435e-04
0239 3.1589259561391514e-04 4.4558132511203605e-04
0240 3.1573539730738072e-04 4.4524266872770607e-04
0241 3.1557830347997206e-04 4.4490428012920291e-04
0242 3.1542131402278171e-04 4.4456615888767637e-04
0243 3.1526442882708121e-04 4.4422830469917834e-04
0244 3.1510764778432023e-04 4.4389071712548959e-04
0245 3.1495097078612899e-04 4.4355339574208370e-04
0246 3.1479439772433309e-04 4.4321634031243580e-04
0247 3.1463792849092487e-04 4.4287955036888889e-04
0248 3.1448156297807223e-04 4.4254302549663014e-04
0249 3.1432530107814409e-04 4.4220676541652427e-04
0250 3.1416914268366945e-04 4.4187076975180860e-04
0251 3.1401308768735751e-04 4.4153503816807960e-04
0252 3.1385713598209940e-04 4.4119957029838293e-04
0253 3.1370128746097489e-04 4.4086436572953787e-04
0254 3.1354554201722893e-04 4.4052942417742371e-04
0255 3.1338989954428283e-04 4.4019474529985420e-04
0256 3.1323435993573884e-04 4.3986032867863247e-04
0257 3.1307892308536954e-04 4.3952617404635939e-04
0258 3.1292358888713670e-04 4.3919228104165114e-04
0259 3.1276835723516327e-04 4.3885864935203756e-04
0260 3.1261322802375802e-04 4.3852527864019061e-04
0261 3.1245820114739805e-04 4.3819216853074969e-04
0262 3.1230327650073848e-04 4.3785931876801992e-04
0263 3.1214845397860465e-04 4.3752672894799380e-04
0264 3.1199373347598480e-04 4.3719439879932111e-04
0265 3.1183911488807730e-04 4.3686232800221859e-04
0266 3.1168459811020194e-04 4.3653051621288973e-04
0267 3.1153018303789628e-04 4.3619896306655543e-04
0268 3.1137586956683354e-04 4.3586766839704533e-04
0269 3.1122165759288524e-04 4.3553663172871690e-04
0270 3.1106754701207886e-04 4.3520585287860019e-04
0271 3.1091353772062081e-04 4.3487533139732694e-04
0272 3.1075962961488337e-04 4.3454506712488567e-04
0273 3.1060582259141494e-04 4.3421505964122165e-04
0274 3.1045211654691341e-04 4.3388530865317497e-04
0275 3.1029851137827840e-04 4.3355581397023677e-04
0276 3.1014500698254275e-04 4.3322657521338776e-04
0277 3.0999160325693954e-04 4.3289759201250392e-04
0278 3.0983830009884974e-04 4.3256886419099869e-04
0279 3.0968509740582193e-04 4.3224039135159617e-04
0280 3.0953199507558301e-04 4.3191217328689049e-04
0281 3.0937899300602676e-04 4.3158420959254150e-04
0282 3.0922609109519590e-04 4.3125650007217364e-04
0283 3.0907328924130987e-04 4.3092904445714910e-04
0284 3.0892058734277599e-04 4.3060184238028621e-04
0285 3.0876798529811935e-04 4.3027489356230051e-04
0286 3.0861548300607745e-04 4.2994819774985781e-04
0287 3.0846308036552113e-04 4.2962175461118602e-04
0288 3.0831077727549479e-04 4.2929556389409976e-04
0289 3.0815857363521409e-04 4.2896962526852561e-04
0290 3.0800646934405276e-04 4.2864393854124107e-04
0291 3.0785446430153790e-04 4.2831850342361645e-04
0292 3.0770255840737278e-04 4.2799331950257771e-04
0293 3.0755075156142504e-04 4.2766838662236344e-04
0294 3.0739904366370712e-04 4.2734370447139903e-04
0295 3.0724743461441138e-04 4.2701927274016623e-04
0296 3.0709592431388255e-04 4.2669509123727299e-04
0297 3.0694451266262917e-04 4.2637115960425097e-04
0298 3.0679319956130956e-04 4.2604747757598764e-04
0299 3.0664198491077161e-04 4.2572404486935182e-04
0300 3.0649086861198646e-04 4.2540086128307306e-04
0301 3.0633985056611383e-04 4.2507792646896789e-04
0302 3.0618893067444852e-04 4.2475524022023587e-04
0303 3.0603810883846988e-04 4.2443280224023879e-04
0304 3.0588738495978721e-04 4.2411061221891646e-04
0305 3.0573675894019354e-04 4.2378866993320763e-04
0306 3.0558623068162842e-04 4.2346697512590103e-04
0307 3.0543580008618660e-04 4.2314552747520283e-04
0308 3.0528546705613197e-04 4.2282432677076109e-04
0309 3.0513523149386921e-04 4.2250337273552963e-04
0310 3.0498509330196654e-04 4.2218266504271941e-04
0311 3.0483505238314881e-04 4.2186220352591916e-04
0312 3.0468510864030987e-04 4.2154198793825637e-04
0313 3.0453526197646080e-04 4.2122201777796385e-04
0314 3.0438551229480907e-04 4.2090229308905646e-04
0315 3.0423585949871415e-04 4.2058281347745463e-04
0316 3.0408630349164860e-04 4.2026357865454847e-04
0317 3.0393684417728313e-04 4.1994458842770110e-04
0318 3.0378748145941820e-04 4.1962584245665199e-04
0319 3.0363821524203118e-04 4.1930734059508675e-04
0320 3.0348904542921653e-04 4.1898908247229048e-04
0321 3.0333997192525910e-04 4.1867106794113326e-04
0322 3.0319099463457138e-04 4.1835329663260595e-04
0323 3.0304211346172716e-04 4.1803576834786713e-04
0324 3.0289332831145662e-04 4.1771848282443189e-04
0325 3.0274463908862997e-04 4.1740143986176113e-04
0326 3.0259604569827104e-04 4.1708463908550708e-04
0327 3.0244754804556207e-04 4.1676808038411937e-04
0328 3.0229914603583161e-04 4.1645176336206510e-04
0329 3.0215083957457203e-04 4.1613568796257784e-04
0330 3.0200262856739686e-04 4.1581985373611647e-04
0331 3.0185451292007826e-04 4.1550426045961793e-04
0332 3.0170649253856126e-04 4.1518890798681679e-04
0333 3.0155856732890944e-04 4.1487379603953665e-04
0334 3.0141073719735844e-04 4.1455892427981505e-04
0335 3.0126300205027495e-04 4.1424429247055166e-04
0336 3.0111536179419239e-04 4.1392990053973783e-04
0337 3.0096781633575807e-04 4.1361574809011252e-04
0338 3.0082036558180624e-04 4.1330183485270387e-04
0339 3.0067300943930280e-04 4.1298816064239515e-04
0340 3.0052574781535239e-04 4.1267472518203261e-04
0341 3.0037858061720760e-04 4.1236152821042731e-04
0342 3.0023150775227304e-04 4.1204856956646770e-04
0343 3.0008452912811258e-04 4.1173584895932432e-04
0344 2.9993764465240574e-04 4.1142336612827126e-04
0345 2.9979085423299730e-04 4.1111112083189942e-04
0346 2.9964415777786473e-04 4.1079911283241794e-04
0347 2.9949755519515376e-04 4.1048734187056974e-04
0348 2.9935104639312806e-04 4.1017580773698438e-04
0349 2.9920463128020830e-04 4.0986451018361120e-04
0350 2.9905830976494416e-04 4.0955344895113170e-04
0351 2.9891208175606912e-04 4.0924262380705704e-04
0352 2.9876594716240113e-04 4.0893203448781102e-04
0353 2.9861990589294716e-04 4.0862168084386687e-04
0354 2.9847395785683172e-04 4.0831156246666804e-04
0355 2.9832810296333918e-04 4.0800167930118975e-04
0356 2.9818234112188982e-04 4.0769203099088285e-04
0357 2.9803667224203049e-04 4.0738261739737630e-04
0358 2.9789109623347550e-04 4.0707343808975115e-04
0359 2.9774561300605117e-04 4.0676449299758503e-04
0360 2.9760022246974903e-04 4.0645578189017875e-04
0361 2.9745492453469479e-04 4.0614730449564104e-04
0362 2.9730971911113988e-04 4.0583906053445415e-04
0363 2.9716460610949548e-04 4.0553104977137213e-04
0364 2.9701958544031681e-04 4.0522327202883736e-04
0365 2.9687465701425960e-04 4.0491572706817194e-04
0366 2.9672982074215628e-04 4.0460841461730098e-04
0367 2.9658507653496492e-04 4.0430133444712817e-04
0368 2.9644042430378717e-04 4.0399448634649001e-04
0369 2.9629586395985583e-04 4.0368787002006761e-04
0370 2.9615139541454917e-04 4.0338148532692656e-04
0371 2.9600701857936590e-04 4.0307533203999568e-04
0372 2.9586273336596901e-04 4.0276940980742002e-04
0373 2.9571853968614169e-04 4.0246371846858214e-04
0374 2.9557443745178655e-04 4.0215825777506617e-04
0375 2.9543042657499354e-04 4.0185302756161009e-04
0376 2.9528650696793781e-04 4.0154802748161225e-04
0377 2.9514267854294988e-04 4.0124325743144776e-04
0378 2.9499894121249741e-04 4.0093871705174365e-04
0379 2.9485529488918865e-04 4.0063440624523447e-04
0380 2.9471173948576046e-04 4.0033032467006217e-04
0381 2.9456827491507024e-04 4.0002647213128556e-04
0382 2.9442490109013632e-04 3.9972284846345090e-04
0383 2.9428161792409424e-04 3.9941945329893304e-04
0384 2.9413842533021906e-04 3.9911628653452086e-04
0385 2.9399532322191469e-04 3.9881334790703839e-04
0386 2.9385231151272094e-04 3.9851063721599457e-04
0387 2.9370939011632289e-04 3.9820815415934018e-04
0388 2.9356655894651710e-04 3.9790589860476058e-04
0389 2.9342381791724252e-04 3.9760387023756534e-04
0390 2.9328116694256985e-04 3.9730206890317547e-04
0391 2.9313860593670839e-04 3.9700049429010163e-04
0392 2.9299613481398833e-04 3.9669914625375919e-04
0393 2.9285375348888417e-04 3.9639802449078869e-04
0394 2.9271146187598242e-04 3.9609712887631309e-04
0395 2.9256925989001496e-04 3.9579645907896269e-04
0396 2.9242714744584747e-04 3.9549601500088347e-04
0397 2.9228512445845503e-04 3.9519579627258572e-04
0398 2.9214319084297583e-04 3.9489580285975815e-04
0399 2.9200134651463991e-04 3.9459603431785632e-04
0400 2.9185959138885173e-04 3.9429649056650743e-04
