0.2650243862557405
0.1595478892688052
0.007761598349234494
0.0011004315114276349
0.0003779047424407214
0.00020437134231287497
0.0001363592533164874
0.00010080431174595486
7.893842460787429e-05
6.409500324734067e-05
5.337734746007932e-05
4.531442440930726e-05
3.900871227339077e-05
3.394536725116578e-05
2.9858631666565785e-05
2.6512417579802147e-05
2.3739265062159485e-05
2.141714448668326e-05
1.9455023009532253e-05
1.778358749639567e-05
1.6349134113241385e-05
1.5109448993231848e-05
1.4030962782174938e-05
1.3086733942179596e-05
1.225498472147039e-05
1.1517992801926288e-05
1.0861279207870183e-05
1.0272956896268177e-05
9.743227557711723e-06
9.26398183168932e-06
8.828478882028503e-06
8.431089858872846e-06
8.067091321221136e-06
7.732497208668853e-06
7.423921442880341e-06
7.13847480275256e-06
6.8736759014531276e-06
6.627381313372224e-06
6.397729353922498e-06
6.1830950082527875e-06
5.982053300373654e-06
5.791065714698828e-06
5.608990527141182e-06
5.4373877490851075e-06
5.275368381735457e-06
5.122140016375717e-06
4.976994935857249e-06
4.839299520681193e-06
4.708485211322572e-06
4.584040636123752e-06
4.465504818634308e-06
4.352461114202706e-06
4.2445321002274975e-06
4.1413750635517316e-06
4.042678055906324e-06
3.948156462207136e-06
3.857549724053181e-06
3.770619709510521e-06
3.6871474443345848e-06
3.6069314671485463e-06
3.5297867202304977e-06
3.4555418671723277e-06
3.3840374578873394e-06
3.315126474328054e-06
3.2486724617308106e-06
3.1845485542286984e-06
3.122636947316332e-06
3.062828058785871e-06
3.005018402601985e-06
2.9491118912112342e-06
2.895018569067316e-06
2.84265410761015e-06
2.7919393562921835e-06
2.7427999309498502e-06
2.695165846263381e-06
2.648971176688717e-06
2.6041537552154357e-06
2.5606548949547425e-06
2.5184191391698076e-06
2.4773940362902385e-06
2.4375299318224493e-06
2.3987797756211723e-06
2.361098962016031e-06
2.324445163306863e-06
2.2887781186936616e-06
2.2540597098040503e-06
2.220253640594294e-06
2.187325385429866e-06
2.155242755652099e-06
2.1239743938577086e-06
2.0934899626713343e-06
2.0637614403588408e-06
2.0347621779817356e-06
2.0064656591868383e-06
1.978847292055695e-06
1.951883616007924e-06
1.925552242981473e-06
1.8998318005714956e-06
1.8747018744620387e-06
1.8501429655240267e-06
1.8261362786509891e-06
1.8026641486743264e-06
1.7797095553653676e-06
1.7572562000957518e-06
1.7352884823702378e-06
1.7137914632683664e-06
1.6927507886829429e-06
1.6721527494967055e-06
1.651984225519897e-06
1.6322325941877972e-06
1.6128861069597998e-06
1.5939333585432554e-06
1.5753625768385456e-06
1.5571630033382144e-06
1.5393242853979538e-06
1.5218364555454627e-06
1.5046899113975779e-06
1.4878753960438461e-06
1.4713839823496575e-06
1.4552076987743614e-06
1.439337639171912e-06
1.4237660926470502e-06
1.4084854554748062e-06
1.3934877069654369e-06
1.3787655809582159e-06
1.3643120345260424e-06
1.350120261321622e-06
1.3361836661908611e-06
1.3224958522107416e-06
1.309050616052575e-06
1.2958419430711929e-06
1.2828639964799652e-06
1.2701111108283546e-06
1.25757778630073e-06
1.24525857740754e-06
1.2331483890643954e-06
1.2212422002526354e-06
1.2095351158742738e-06
1.1980223493878743e-06
1.1866992676129717e-06
1.1755614155327993e-06
1.1646044233700432e-06
1.1538240421080332e-06
1.143216139814369e-06
1.1327766955940264e-06
1.1225018035833898e-06
1.1123876627910835e-06
1.1024309933757683e-06
1.0926278683309968e-06
1.0829747131616523e-06
1.0734681256995218e-06
1.0641047955422055e-06
1.054881481793674e-06
1.0457950616797753e-06
1.0368424944980585e-06
1.0280215205542847e-06
1.0193285786326553e-06
1.0107608417360226e-06
1.0023155767084337e-06
9.93990124001302e-07
9.857818807674215e-07
9.776883426894516e-07
9.697069976761365e-07
9.618354505237928e-07
9.540714517656964e-07
9.464127423846627e-07
9.38857123751442e-07
9.314024561811079e-07
9.2404665718474e-07
9.16787699849481e-07
9.096237171912952e-07
9.025529664860236e-07
8.955733043860185e-07
8.886829123785301e-07
8.818800048215493e-07
8.751628354955466e-07
8.685297471870529e-07
8.619791233444879e-07
8.555093753804159e-07
8.491189550140835e-07
8.428063544659638e-07
8.365701053839777e-07
8.304087775942345e-07
8.243209779014029e-07
8.183053507595819e-07
8.123609174456255e-07
8.064863169060422e-07
8.00679962279832e-07
7.949407088575527e-07
7.892673663645838e-07
7.836587763557871e-07
7.781138092407141e-07
7.726313638675189e-07
7.672103668704218e-07
7.618497718926274e-07
7.565485588300955e-07
7.513057330928998e-07
7.461203222985999e-07
7.409913723705951e-07
7.359179719727078e-07
7.308992215435007e-07
7.259342435691224e-07
7.210221819274026e-07
7.161622012680553e-07
7.113534864074436e-07
7.065952415301716e-07
7.018866900353037e-07
6.972270661896657e-07
6.92615589811947e-07
6.880515858959508e-07
6.835343488793262e-07
6.790631894928683e-07
6.746374047860525e-07
6.702563573784761e-07
6.659194141116417e-07
6.616262928347655e-07
6.57376103475572e-07
6.531681854388515e-07
6.490022080978149e-07
6.44877662833929e-07
6.407936490863445e-07
6.367495487727617e-07
6.327449242171835e-07
6.287792505213501e-07
6.24852013877416e-07
6.209627110958311e-07
6.1711084840708e-07
6.132959454445504e-07
6.095175301340635e-07
6.057751400305525e-07
6.020683218161331e-07
5.983966321569077e-07
5.94759637297873e-07
5.911569009712845e-07
5.875880158897785e-07
5.840525744289744e-07
5.80550176054704e-07
5.770804281304145e-07
5.736429457093382e-07
5.702373513461084e-07
5.668632322595043e-07
5.635202558857636e-07
5.602080788846464e-07
5.569263520945766e-07
5.536747329497275e-07
5.504531592160948e-07
5.472611261018949e-07
5.440982188357121e-07
5.409640880456938e-07
5.378584528071298e-07
5.347810092312613e-07
5.317318764086068e-07
5.287104454391445e-07
5.257163293457822e-07
5.227492434438356e-07
5.19808831637841e-07
5.168948699186929e-07
5.140071147402377e-07
5.111453006148892e-07
5.083091665779152e-07
5.054984560913397e-07
5.02712916951793e-07
4.999523010530884e-07
4.972163647078393e-07
4.945048681427405e-07
4.918175755325386e-07
4.89154254915346e-07
4.865146780887145e-07
4.838986205109836e-07
4.81305861209782e-07
4.78736182695637e-07
4.7618936403497674e-07
4.7366519873394153e-07
4.711634819044825e-07
4.686840092157989e-07
4.662265794202008e-07
4.6379099428080985e-07
4.6137712166193984e-07
4.5898500671852206e-07
4.566141658065296e-07
4.5426441249955987e-07
4.519355631134274e-07
4.4962740060208524e-07
4.47340083936875e-07
4.4507329685805353e-07
4.4282671107006533e-07
4.406001451258679e-07
4.383934269949444e-07
4.3620640344518526e-07
4.3403890974296076e-07
4.3189078322119473e-07
4.297618632458911e-07
4.276519912899345e-07
4.255610106217771e-07
4.234887665270995e-07
4.2143510621957416e-07
4.1939987878967875e-07
4.173829135833998e-07
4.153840347394713e-07
4.134031477781028e-07
4.11440109012382e-07
4.0949477632450696e-07
4.075670091144418e-07
4.05656668457832e-07
4.037636171226349e-07
4.0188771907004686e-07
4.000288385407586e-07
3.981868441555505e-07
3.9636160461551913e-07
3.945529851567407e-07
3.927608595897358e-07
3.9098510289166915e-07
3.892255890758296e-07
3.8748219344797327e-07
3.857551903318977e-07
3.8404411003317253e-07
3.8234878725629107e-07
3.8066910233009706e-07
3.7900493678682124e-07
3.7735614377219343e-07
3.757226355139919e-07
3.741042983144667e-07
3.7250101801632494e-07
3.709126815007232e-07
3.6933916845557894e-07
3.677803681225368e-07
3.6623617884767614e-07
3.6470649170746396e-07
3.6319119876057393e-07
3.616901930692116e-07
3.60203368681618e-07
3.587306206147768e-07
3.572718448375613e-07
3.558269108405799e-07
3.5439571623349434e-07
3.5297818821228543e-07
3.5157442338787494e-07
3.5018430867966266e-07
3.488075687686603e-07
3.474441058630209e-07
3.460938230675163e-07
3.44756624302694e-07
3.434324142627188e-07
3.421210983966882e-07
3.4082258290252965e-07
3.395367747265234e-07
3.382637933458071e-07
3.3700352355201723e-07
3.3575569125966427e-07
3.345202064573314e-07
3.332969798937228e-07
3.3208592299005296e-07
3.308869477959603e-07
3.296999677076357e-07
3.285248954909032e-07
3.2736164478802283e-07
3.262101127797457e-07
3.2507022697938e-07
3.2394190832413125e-07
3.22825073152871e-07
3.217196383936987e-07
3.2062552155517804e-07
3.195426360060988e-07
3.1847089696280196e-07
3.1741023208227954e-07
3.1636056115012386e-07
3.1532180444870546e-07
3.142938826025267e-07
3.1327671713730644e-07
3.1227022990071097e-07
3.1127434320962873e-07
3.102889798663233e-07
3.093140631510092e-07
3.083495168149791e-07
3.073955202534008e-07
3.064518177039244e-07
3.0551825963425513e-07
3.0459477734462475e-07
3.0368165244634363e-07
3.027784735326772e-07
3.0188515368824143e-07
3.0100162016642086e-07
3.001278006017761e-07
2.9926362296692083e-07
2.984090155614708e-07
2.975639041495143e-07
2.967282199060474e-07
2.9590189286673073e-07
2.9508485347203933e-07
2.9427703119421755e-07
2.934783564641183e-07
2.9268876016758617e-07
2.919081735792864e-07
2.911365283599261e-07
2.903737565517823e-07
2.896197905731232e-07
2.8887456321243205e-07
2.881380076227743e-07
2.87410057316807e-07
2.866906461625146e-07
2.85979749450071e-07
2.852775492420973e-07
2.845836965122483e-07
2.8389812650408103e-07
2.832207748976101e-07
2.8255157772612217e-07
2.818904713325299e-07
2.812373923524168e-07
2.8059227771337507e-07
2.799550784339263e-07
2.793260439351701e-07
2.787047810382641e-07
2.780912358975207e-07
2.7748534807385576e-07
2.768870564816061e-07
2.7629630034254794e-07
2.757130191648259e-07
2.751371527390567e-07
2.745686411441459e-07
2.7400742475757587e-07
2.734534442665223e-07
2.729066406778156e-07
2.7236695532543505e-07
2.718343298754663e-07
2.7130870632834933e-07
2.707900251207074e-07
2.7027823034973757e-07
2.6977326551258437e-07
2.6927507394958255e-07
2.687835993221864e-07
2.6829878561154924e-07
2.678207099394389e-07
2.67349365971143e-07
2.668845115800123e-07
2.6642610137273704e-07
2.659740810430958e-07
2.6552839658682684e-07
2.6508899426988e-07
2.6465582061712525e-07
2.6422882241373927e-07
2.638079467128449e-07
2.6339333606411384e-07
2.629848568115964e-07
2.625823452024543e-07
2.6218575008361394e-07
2.6179501996931683e-07
2.6141010367680734e-07
2.6103095029222404e-07
2.6065750915446315e-07
2.6028972985098825e-07
2.599275622206895e-07
2.5957095635996805e-07
2.592198626294943e-07
2.5887423165987195e-07
2.5853401435538715e-07
2.58199161895742e-07
2.578696257358564e-07
2.575453576041841e-07
2.572263094999102e-07
2.569124336894778e-07
2.5660368270289205e-07
2.563000069151351e-07
2.5600136139336864e-07
2.5570769993255577e-07
2.5541897607511095e-07
2.55135143611555e-07
2.548561565775674e-07
2.545819679802747e-07
2.5431253352941e-07
2.540478080859503e-07
2.537877466461674e-07
2.53532304437028e-07
2.532815271041139e-07
2.5303557068971465e-07
2.527942854346049e-07
2.525574476272132e-07
2.5232501352363084e-07
2.5209693969759193e-07
2.5187317951389715e-07
2.5165369162558206e-07
2.51438435065408e-07
2.5122736707696733e-07
2.510204450576274e-07
2.5081762657338136e-07
2.5061886937411897e-07
2.5042412963969245e-07
2.5023336659545767e-07
2.500465393354296e-07
2.498636065070062e-07
2.496845269079221e-07
2.495092595509627e-07
2.4933776366109896e-07
2.4916999867219295e-07
2.4900592422422843e-07
2.4884550016058076e-07
2.4868868652635637e-07
2.4853544356698846e-07
2.483857317275281e-07
2.4823950991860455e-07
2.4809684499111277e-07
2.479579806700529e-07
2.4782252557594853e-07
2.4769041171446183e-07
2.475616224928859e-07
2.4743630593922437e-07
2.473142186097328e-07
2.4719532273446546e-07
2.470795807746592e-07
2.469669553615174e-07
2.4685742766594806e-07
2.467510357729541e-07
2.4664780345744223e-07
2.465475594408034e-07
2.464502473462287e-07
2.4635583370190996e-07
2.462642838949135e-07
2.4617556231906195e-07
2.4608963354208197e-07
2.460064623117745e-07
2.4592601361155373e-07
2.458482525724111e-07
2.457731445073928e-07
2.4570065498414103e-07
2.4563074979441846e-07
2.4556339495787686e-07
2.454985567249545e-07
2.4543620157847966e-07
2.4537649443076483e-07
2.453192470507199e-07
2.452643859159612e-07
2.45211878475729e-07
2.4516169243650636e-07
2.45113795734403e-07
2.450681565228152e-07
2.450247431707748e-07
2.4498352374157627e-07
2.449444673764e-07
2.449076850771507e-07
2.4487307908364773e-07
2.4484054671504053e-07
2.448100579138687e-07
2.447815828969209e-07
2.4475509213116555e-07
2.44730556322927e-07
2.447079464166671e-07
2.4468723359902167e-07
2.446683893053593e-07
2.4465138522651244e-07
2.44636193315465e-07
2.446227857924053e-07
2.4461113514888156e-07
2.446012141500613e-07
2.445929958368598e-07
2.4458645352658275e-07
2.445815608134429e-07
2.4457829156856137e-07
2.445766199400623e-07
2.4457652035313017e-07
2.445779669774454e-07
2.4458093411678476e-07
2.445853982989718e-07
2.4459133505429436e-07
2.445987201909245e-07
2.4460752979480177e-07
2.4461787181173013e-07
2.446296019882886e-07
2.446426881290326e-07
2.446571076113294e-07
2.4467283808622664e-07
2.4468985746592293e-07
2.447081439174084e-07
2.4472767585824214e-07
2.4474843193451207e-07
2.4477039104126557e-07
2.447935323924636e-07
2.448178354105448e-07
2.4484342764586813e-07
2.4487019984230505e-07
2.448980755626912e-07
2.4492703568421093e-07
2.449570608893686e-07
2.449881320780227e-07
2.450202305385794e-07
2.450533377847602e-07
2.450874355557907e-07
2.4512250581888916e-07
2.451585307718849e-07
2.451954928450586e-07
2.452333747018388e-07
2.452721592377744e-07
2.4531182957864175e-07
2.453523690766724e-07
2.4539376130634867e-07
2.4543599005926067e-07
2.4547903933925364e-07
2.4552289335640346e-07
2.455675365218784e-07
2.4561295344223877e-07
2.45659128914467e-07
2.457060479201701e-07
2.4575369562078203e-07
2.458020573520131e-07
2.4585111861916274e-07
2.459008910311614e-07
2.4595136471150596e-07
2.4600249555525726e-07
2.460542698668362e-07
2.4610667410059753e-07
2.461596948038357e-07
2.4621331862054533e-07
2.462675322927092e-07
2.4632232275342146e-07
2.4637767690751433e-07
2.464335817324294e-07
2.464900243668519e-07
2.465469920433034e-07
2.4660447208453825e-07
2.4666245189943195e-07
2.4672091897810814e-07
2.467799498206168e-07
2.4683954695496596e-07
2.4689959600763773e-07
2.469600848945313e-07
2.4702100125343335e-07
2.4708233295708074e-07
2.471440678985192e-07
2.472061939823523e-07
2.472686991213416e-07
2.4733157123601034e-07
2.473947982552498e-07
2.474583681177866e-07
2.4752226877235445e-07
2.4758648817711e-07
2.476510142984298e-07
2.477158351083615e-07
2.4778093858135077e-07
2.4784631269135523e-07
2.4791194540761323e-07
2.479778246919312e-07
2.480439384949416e-07
2.481102747536431e-07
2.4817682138910306e-07
2.482435663937038e-07
2.483104977179254e-07
2.4837760207373114e-07
2.484448678130199e-07
2.4851228328013785e-07
2.485798362755779e-07
2.486475141323167e-07
2.487153049716288e-07
2.4878319647678916e-07
2.488511749162936e-07
2.489192423789398e-07
2.4898748983235117e-07
2.490557925283039e-07
2.4912431731916227e-07
2.4919287167111067e-07
2.4926144270884676e-07
2.493300170718208e-07
2.4939858341737315e-07
2.4946713850582925e-07
2.495356756698619e-07
2.4960416604564643e-07
2.496725973719976e-07
2.497409574584084e-07
2.498092341410513e-07
2.498774153030126e-07
2.499454888884816e-07
2.5001344290740156e-07
2.5008126543726695e-07
2.5014895472061086e-07
2.5021654320500657e-07
2.5028396310611996e-07
2.5035120422105685e-07
2.504182552481184e-07
2.504851045730894e-07
2.505517409145476e-07
2.506181530183654e-07
2.506843297848961e-07
2.507502602486213e-07
2.5081593346005534e-07
2.508813710382563e-07
2.509465947912279e-07
2.51011549585249e-07
2.510762596286109e-07
2.5114068647480814e-07
2.512049456007081e-07
2.5126887933420787e-07
2.513324782146995e-07
2.5139573294616843e-07
2.5145863438488306e-07
2.5152117368652617e-07
2.515833418943777e-07
2.5164513060806655e-07
2.517065314433956e-07
2.5176753620929003e-07
2.518281369169041e-07
2.5188832578890746e-07
2.519480952670291e-07
2.5200743795499043e-07
2.520663468230234e-07
2.5212481509112873e-07
2.521828360063069e-07
2.522404031549331e-07
2.52297510353663e-07
2.5235415209775695e-07
2.5241032221056246e-07
2.5246602275562163e-07
2.525212399493874e-07
2.525759679999839e-07
2.526302030926255e-07
2.526839406886204e-07
2.527372510505241e-07
2.527901478827927e-07
2.528425357334508e-07
2.52894410857852e-07
2.529457697261447e-07
2.529966089991521e-07
2.530469255109664e-07
2.5309671625807914e-07
2.5314597839347294e-07
2.5319470922292355e-07
2.5324290619979513e-07
2.532905669320935e-07
2.5333768917693295e-07
2.533842708345004e-07
2.5343030994687756e-07
2.534758046941569e-07
2.5352075338910855e-07
2.5356515447139894e-07
2.5360900650136436e-07
2.53652308153632e-07
2.536950582106514e-07
2.5373725545312074e-07
2.5377889890816073e-07
2.538199876969673e-07
2.538605209684392e-07
2.5390049818396054e-07
2.539399197215743e-07
2.539787835832546e-07
2.540170891915272e-07
2.540548360222294e-07
2.540920235988814e-07
2.54128652100365e-07
2.5416472061873895e-07
2.5420022880568034e-07
2.542351761984036e-07
2.5426956248530913e-07
2.5430338737420433e-07
2.5433676533695e-07
2.5436962332983836e-07
2.5440191979654436e-07
2.5443365449048025e-07
2.544648271699942e-07
2.5449543758209843e-07
2.5452548395416225e-07
2.5455496207051455e-07
2.5458387671929183e-07
2.54612227646634e-07
2.546400212037545e-07
2.5466728629960915e-07
2.5469398488395274e-07
2.54720117053494e-07
2.5474568230578454e-07
2.547706805567826e-07
2.5479511161718895e-07
2.5481897525235323e-07
2.548422711752671e-07
2.5486499904491664e-07
2.5488715846816516e-07
2.5490874900206476e-07
2.549297701585037e-07
2.5495022140835575e-07
2.5497010218645383e-07
2.549894118956822e-07
2.5500814991116384e-07
2.550263155841033e-07
2.5504390824485915e-07
2.550609272061612e-07
2.5507737176576233e-07
2.5509324120926165e-07
2.55108534812239e-07
2.551232518431503e-07
2.5513739156547497e-07
2.5515095324074965e-07
2.551639361305546e-07
2.551763395000131e-07
2.551881626201073e-07
2.551994047704258e-07
2.552100652416248e-07
2.552201433095752e-07
2.552296383296137e-07
2.552385496454483e-07
2.5524687662355676e-07
2.5525461865629297e-07
2.5526184031964305e-07
2.5526854472494055e-07
2.5527466261453644e-07
2.552801935107514e-07
2.5528513697955257e-07
2.5528949277493357e-07
2.55293260797005e-07
2.5529644024931046e-07
2.5529903080494975e-07
2.553010321695836e-07
2.553024440868449e-07
2.5530326634286237e-07
2.553034937605672e-07
2.553031311305399e-07
2.553021786653274e-07
2.553006363578051e-07
2.5529850425664176e-07
2.552957827928578e-07
2.552924721634296e-07
2.5528857222387066e-07
2.552840832506887e-07
2.5527900557462047e-07
2.5527333957957083e-07
2.552670857005838e-07
2.552602444227186e-07
2.5525281630520716e-07
2.552448024148658e-07
2.552362028623271e-07
2.552270183180832e-07
2.55217249495793e-07
2.552068971504125e-07
2.551959620758657e-07
2.5518444510355636e-07
2.551723471003357e-07
2.5515966896612454e-07
2.551464116324783e-07
2.5513257605939507e-07
2.5511816323364994e-07
2.551031738398756e-07
2.55087603031457e-07
2.550715666578449e-07
2.550549654579131e-07
2.5503779202433846e-07
2.550200474104836e-07
2.550017326854582e-07
2.5498284892024865e-07
2.549633971795086e-07
2.54943378516446e-07
2.549227939699458e-07
2.54901644563548e-07
2.5487993130489055e-07
2.548576551854967e-07
2.548348171804646e-07
2.548114182479174e-07
2.547874593274043e-07
2.5476294133820703e-07
2.5473786517720093e-07
2.547122317158821e-07
2.5468604179768264e-07
2.546592962351174e-07
2.546320046789979e-07
2.546042367161186e-07
2.54575914668865e-07
2.5454708207203334e-07
2.5451778187920763e-07
2.544879299499847e-07
2.5445752685807735e-07
2.544265729663625e-07
2.5439506850510433e-07
2.543630136658709e-07
2.543304087203313e-07
2.542972538594508e-07
2.5426354919651785e-07
2.542292947711791e-07
2.541944909583605e-07
2.5415913732415965e-07
2.54123233643041e-07
2.54086779698613e-07
2.540497752153353e-07
2.5401221985919617e-07
2.539741132372447e-07
2.5393545489787836e-07
2.538962443300723e-07
2.538564809634407e-07
