0.0028200376636447764
0.0008346008656708
2.6797853680021155e-05
3.6219121356396484e-06
1.5613782230740282e-06
9.971672552130926e-07
7.238258615972952e-07
5.564952864487053e-07
4.428863506617993e-07
3.6118016754318786e-07
3.0021892438896757e-07
2.5349447696401017e-07
2.1658064058788683e-07
1.8679770582897954e-07
1.627014935935257e-07
1.429615128993441e-07
1.2661389731705393e-07
1.1294543412129731e-07
1.0141834020249182e-07
9.16204271226855e-08
8.32313847651422e-08
7.59994327939646e-08
6.97247573659142e-08
6.424748994470884e-08
5.943881001782432e-08
5.5194220479662365e-08
5.14284729940386e-08
4.807160390408109e-08
4.506587374222681e-08
4.236336504121718e-08
3.992408748579449e-08
3.771447772548629e-08
3.570620929914113e-08
3.387523955595229e-08
3.220104268821415e-08
3.066601092222337e-08
2.925495951495595e-08
2.795473037883992e-08
2.675387043239516e-08
2.5642369636418487e-08
2.461144573938737e-08
2.3644129307649614e-08
2.2733691003978263e-08
2.1884426873436218e-08
2.109084623332853e-08
2.0348062821732958e-08
1.9651716460546582e-08
1.8997906642874104e-08
1.8383135820402106e-08
1.780426071093714e-08
1.7258450647036262e-08
1.6743150521060885e-08
1.6256049627986597e-08
1.579505428106933e-08
1.535826376364485e-08
1.4943949312318304e-08
1.4550534316085547e-08
1.4176583099704256e-08
1.3820781699971806e-08
1.348192708447614e-08
1.3158917127666734e-08
1.2850738792873455e-08
1.2556458557134671e-08
1.2275217673141418e-08
1.2006223803834988e-08
1.1748744752920611e-08
1.1502103340608433e-08
1.1265673399409565e-08
1.1038871144617567e-08
1.0821155511896663e-08
1.0612023158319282e-08
1.04110052500824e-08
1.0217664575027497e-08
1.003159294408456e-08
9.852408837763802e-09
9.67975531464436e-09
9.51329809937467e-09
9.352723852062884e-09
9.197738604135051e-09
9.048066344587537e-09
8.903447725547274e-09
8.763638887516092e-09
8.628410379031762e-09
8.497546176381969e-09
8.370842442892473e-09
8.248107708369129e-09
8.129161125685619e-09
8.013832051924158e-09
7.90196042970992e-09
7.793394061283972e-09
7.6879884115757e-09
7.58560821252046e-09
7.486125753399538e-09
7.389418350477443e-09
7.295371033402564e-09
7.203874950375609e-09
7.11482699810787e-09
7.028129471363624e-09
6.943689724598871e-09
6.861419888055321e-09
6.781235933524225e-09
6.703059294956365e-09
6.626814808215951e-09
6.552430991382972e-09
6.479839871012078e-09
6.408976774093186e-09
6.339779942018688e-09
6.272190777141985e-09
6.206153577187263e-09
6.141615047214129e-09
6.078524825484578e-09
6.016834695154309e-09
5.956497571785064e-09
5.8974691734337675e-09
5.839707158344561e-09
5.783171021346378e-09
5.727821994405973e-09
5.673622957350313e-09
5.620538335204751e-09
5.568534680225387e-09
5.51757870174953e-09
5.467639474623454e-09
5.418687159532546e-09
5.3706920973245174e-09
5.323626495590033e-09
5.277463573017611e-09
5.232177676494567e-09
5.187744123459623e-09
5.144139127853625e-09
5.101339791294023e-09
5.059324053965855e-09
5.018070665380311e-09
4.977559144648106e-09
4.937769746162928e-09
4.898683020590943e-09
4.86028094420902e-09
4.822545853426132e-09
4.785460635249351e-09
4.749008643331356e-09
4.7131738802227185e-09
4.677941095282529e-09
4.643295388584377e-09
4.6092223583444275e-09
4.575708079879774e-09
4.542739077768689e-09
4.510302333536519e-09
4.478385244348216e-09
4.446975968944175e-09
4.4160624241367494e-09
4.3856331154352655e-09
4.3556769712839245e-09
4.326183268006415e-09
4.297141499733171e-09
4.2685416658673015e-09
4.240374058081823e-09
4.212630243642556e-09
4.185300074475668e-09
4.158374625432692e-09
4.131845263706334e-09
4.1057036127320115e-09
4.079941456104704e-09
4.054550988868153e-09
4.029524343723355e-09
4.004854057087657e-09
3.980533134369588e-09
3.956554553178153e-09
3.9329114890790804e-09
3.909597309698917e-09
3.8866055674276974e-09
3.863929992741771e-09
3.841564574253742e-09
3.819503528860805e-09
3.797740863698625e-09
3.776270963536367e-09
3.755088303777783e-09
3.734187476104822e-09
3.7135632887972047e-09
3.6932108554737864e-09
3.673125263459023e-09
3.65330172240568e-09
3.633735563408338e-09
3.614422235030211e-09
3.5953572997422603e-09
3.5765364304875164e-09
3.5579554049063806e-09
3.5396105702414964e-09
3.5214977189576735e-09
3.5036124219683115e-09
3.485951106141811e-09
3.4685100307204685e-09
3.4512855461865123e-09
3.4342740858187424e-09
3.41747216416788e-09
3.400876374919126e-09
3.384483388462742e-09
3.368289949550068e-09
3.3522928750346836e-09
3.336489038922899e-09
3.3208753557498577e-09
3.3054489002820447e-09
3.2902067567283758e-09
3.275146071178228e-09
3.2602640497621836e-09
3.245557956893263e-09
3.231025113585966e-09
3.216662896069805e-09
3.202468733788784e-09
3.1884400792390527e-09
3.174574318171731e-09
3.160869208540656e-09
3.147322379348353e-09
3.133931505778558e-09
3.1206942030244494e-09
3.1076083091385413e-09
3.0946716659088662e-09
3.0818824103870542e-09
3.0692382057368428e-09
3.0567369305289044e-09
3.04437687592043e-09
3.0321561327769573e-09
3.020072269539944e-09
3.008123168551158e-09
2.996307220910695e-09
2.984622572383786e-09
2.9730674015483696e-09
2.9616399191893652e-09
2.9503383672895537e-09
2.9391610185890334e-09
2.9281061756641695e-09
2.9171721700570694e-09
2.9063573620206125e-09
2.8956601402234783e-09
2.8850789200408767e-09
2.874612097009799e-09
2.864258182662909e-09
2.8540156751248297e-09
2.8438830927000356e-09
2.833858977897279e-09
2.8239418968660023e-09
2.814130439062079e-09
2.8044230781269357e-09
2.7948185480113797e-09
2.785315546170768e-09
2.7759127498846987e-09
2.766608857218896e-09
2.7574028137861354e-09
2.7482932146435623e-09
2.739278741854516e-09
2.730358066151487e-09
2.72153008527536e-09
2.7127936192880925e-09
2.7041480034659465e-09
2.6955917124003207e-09
2.687123494855401e-09
2.67874223280184e-09
2.6704466162903918e-09
2.6622356992134612e-09
2.6541084841123684e-09
2.6460639158976854e-09
2.638100954427255e-09
2.6302185742088998e-09
2.6224157641115553e-09
2.614691527135644e-09
2.607044879962309e-09
2.5994748527941018e-09
2.5919804890998313e-09
2.5845608453272785e-09
2.5772149906312548e-09
2.5699420066119145e-09
2.5627409870711704e-09
2.555611037774408e-09
2.548551248615883e-09
2.5415607664962383e-09
2.5346387425685526e-09
2.527784328310865e-09
2.5209966861051177e-09
2.5142749890485665e-09
2.507618474720793e-09
2.5010265410451823e-09
2.4944981422925915e-09
2.4880324930931247e-09
2.48162881808848e-09
2.475286249717123e-09
2.4690044641081355e-09
2.462782572972882e-09
2.4566196627697873e-09
2.450514973689395e-09
2.4444677773685424e-09
2.438477406069425e-09
2.432543157891717e-09
2.426664339468268e-09
2.420840265870342e-09
2.415070260782535e-09
2.4093536556459197e-09
2.403689790262957e-09
2.3980780125550146e-09
2.3925176784203505e-09
2.387008097972173e-09
2.3815485724255268e-09
2.3761386085835424e-09
2.37077759318962e-09
2.3654649205769814e-09
2.3601999931614338e-09
2.35498222004413e-09
2.3498110165705325e-09
2.344685806065276e-09
2.3396060188911177e-09
2.3345710924525506e-09
2.329580470905345e-09
2.324633588000187e-09
2.319729910988982e-09
2.3148689128467175e-09
2.31005006456835e-09
2.3052728436442634e-09
2.3005371611449906e-09
2.2958421363242503e-09
2.291187218204482e-09
2.286571909669993e-09
2.281995719793739e-09
2.277458081230744e-09
2.2729585952706597e-09
2.26849679308867e-09
2.26407220742406e-09
2.2596843767821535e-09
2.25533282108192e-09
2.2510170919024397e-09
2.246736769167193e-09
2.242491413934456e-09
2.238280592832236e-09
2.2341038779423455e-09
2.2299608467289965e-09
2.2258510819717343e-09
2.2217741717026632e-09
2.2177296415537173e-09
2.213717089762351e-09
2.209736190410869e-09
2.2057867250701924e-09
2.201868297077356e-09
2.197980370108783e-09
2.1941225671472935e-09
2.1902945160039796e-09
2.186495849175032e-09
2.182726203745919e-09
2.1789852213277787e-09
2.1752725480099892e-09
2.1715878343146303e-09
2.1679309501018717e-09
2.1643015220302824e-09
2.160699038572055e-09
2.1571231676126955e-09
2.153573581274244e-09
2.1500499557677083e-09
2.1465519712999202e-09
2.143079313931643e-09
2.139631670339829e-09
2.1362087317889348e-09
2.1328101452960247e-09
2.129435645746808e-09
2.126084951219391e-09
2.1227577686490453e-09
2.11945380860171e-09
2.116172785225116e-09
2.1129144033380655e-09
2.1096783748953377e-09
2.106464447935218e-09
2.103272350555659e-09
2.1001018142871375e-09
2.0969525738210665e-09
2.093824366549559e-09
2.0907169334589494e-09
2.087630018728453e-09
2.0845633696312102e-09
2.081516736489713e-09
2.078489872636509e-09
2.0754827613103457e-09
2.072494959764958e-09
2.0695261993569668e-09
2.066576259650954e-09
2.0636452558344404e-09
2.060732629737956e-09
2.057838141122575e-09
2.054961565874458e-09
2.052102682498011e-09
2.049261272035138e-09
2.0464371180182446e-09
2.0436299968448e-09
2.0408397046271107e-09
2.038066034608183e-09
2.0353087814761063e-09
2.032567739741909e-09
2.0298427074306806e-09
2.027133485062376e-09
2.024439875494609e-09
2.021761683890644e-09
2.01909871768832e-09
2.0164507865625356e-09
2.0138177023978552e-09
2.0111992792502277e-09
2.008595333320575e-09
2.0060056829211205e-09
2.003430182493608e-09
2.0008688590127316e-09
1.9983213043672355e-09
1.9957873449917475e-09
1.993266809415592e-09
1.9907595281373762e-09
1.9882653335457472e-09
1.985784059878044e-09
1.9833155431964663e-09
1.9808596343187488e-09
1.978416466243827e-09
1.9759855572799675e-09
1.973566770255509e-09
1.971159952677051e-09
1.968764951366739e-09
1.966381614845681e-09
1.964009793286025e-09
1.961649338487421e-09
1.95930010386703e-09
1.956961944452312e-09
1.9546347168756047e-09
1.9523182793705366e-09
1.950012491762452e-09
1.947717215459227e-09
1.945432313434479e-09
1.9431576447144075e-09
1.9408930796588326e-09
1.9386384872934364e-09
1.9363937367024353e-09
1.934158698447112e-09
1.9319332445492625e-09
1.9297173614465652e-09
1.9275109624448454e-09
1.925313756773897e-09
1.92312564313564e-09
1.920946500781443e-09
1.918776210323327e-09
1.9166146536866235e-09
1.914461714082861e-09
1.912317276002878e-09
1.9101812252138478e-09
1.9080536256408385e-09
1.9059342860659564e-09
1.90382300102815e-09
1.901719663025859e-09
1.8996241641865e-09
1.8975363978879843e-09
1.8954562587091423e-09
1.893383642403298e-09
1.8913184458836097e-09
1.889260567217202e-09
1.8872099056224365e-09
1.885166361469139e-09
1.883129836275969e-09
1.8811002327058307e-09
1.879077454559134e-09
1.8770614067658032e-09
1.8750519953746404e-09
1.873049127542341e-09
1.8710527115201213e-09
1.8690626566430484e-09
1.867078867235974e-09
1.8651012599008847e-09
1.8631297484163258e-09
1.8611642463162406e-09
1.8592046681620372e-09
1.8572509295349406e-09
1.855302943788542e-09
1.8533606316218996e-09
1.8514239118624036e-09
1.8494927040584546e-09
1.8475669287202848e-09
1.8456465864478522e-09
1.8437317722903205e-09
1.8418223145332456e-09
1.8399179868186079e-09
1.8380187142163047e-09
1.8361244228216193e-09
1.8342350321465869e-09
1.8323504738009468e-09
1.8304706806839013e-09
1.8285955822357896e-09
1.826725108702046e-09
1.824859191146477e-09
1.822997761457987e-09
1.8211407484366975e-09
1.819288088074729e-09
1.8174397167597583e-09
1.8155955694724601e-09
1.8137555822594491e-09
1.8119196919840417e-09
1.8100878363173059e-09
1.8082599537264208e-09
1.806435983467394e-09
1.804615865572946e-09
1.802799540847471e-09
1.800986950857888e-09
1.7991780379260613e-09
1.7973727409108846e-09
1.7955710930029536e-09
1.7937732761846586e-09
1.7919789434588856e-09
1.7901880160995484e-09
1.7884004580404767e-09
1.7866163641685964e-09
1.7848355201588887e-09
1.7830578748706567e-09
1.7812833778774718e-09
1.7795119793965795e-09
1.777743643842528e-09
1.7759783781770676e-09
1.7742161801976588e-09
1.7724569025819991e-09
1.7707004790237097e-09
1.7689468693411935e-09
1.7671960310525228e-09
1.7654479197443691e-09
1.7637024915989924e-09
1.7619597033952924e-09
1.7602195125659168e-09
1.7584818770869718e-09
1.7567467555155038e-09
1.7550141070719138e-09
1.753283891594274e-09
1.751556069534653e-09
1.749830601957717e-09
1.7481074505324951e-09
1.7463867355015438e-09
1.7446682964606534e-09
1.7429520644803627e-09
1.7412380036417183e-09
1.739526078617907e-09
1.7378162546420126e-09
1.7361084974880488e-09
1.7344027734647451e-09
1.7326990483786265e-09
1.7309972902623693e-09
1.7292975761264836e-09
1.7275998244036295e-09
1.7259039477548594e-09
1.7242099158483921e-09
1.7225176989158754e-09
1.7208272677169544e-09
1.719138593515254e-09
1.7174516480702675e-09
1.7157664036358927e-09
1.7140828329625543e-09
1.712400909296693e-09
1.7107206063848403e-09
1.7090418984714607e-09
1.7073647602997664e-09
1.7056891671045258e-09
1.7040150946121646e-09
1.7023425190333493e-09
1.7006714170580197e-09
1.699001765848887e-09
1.6973335430361617e-09
1.6956667267125033e-09
1.694001294327851e-09
1.6923372235047667e-09
1.6906744963364103e-09
1.6890130926992358e-09
1.687352992906194e-09
1.6856941777014088e-09
1.6840367257548886e-09
1.6823805293092333e-09
1.6807255637458631e-09
1.6790718117006404e-09
1.677419256185131e-09
1.6757678805771888e-09
1.6741176686208378e-09
1.6724686044173207e-09
1.6708206723926848e-09
1.6691738573251884e-09
1.6675281444398776e-09
1.6658835192418242e-09
1.6642400800039235e-09
1.6625977454412343e-09
1.660956459150626e-09
1.6593162089599313e-09
1.6576769817762566e-09
1.6560387647683007e-09
1.6544015458476752e-09
1.652765313215162e-09
1.6511300553559253e-09
1.6494957610398292e-09
1.6478624193214434e-09
1.6462300195388417e-09
1.6445985513125986e-09
1.6429680045410224e-09
1.6413383693982323e-09
1.6397096363256668e-09
1.638081796025947e-09
1.6364548394539116e-09
1.634828757812242e-09
1.6332035425394138e-09
1.6315791853046062e-09
1.6299556779984233e-09
1.6283330127285027e-09
1.626711181808408e-09
1.6250901777540847e-09
1.6234699932741487e-09
1.62185062126715e-09
1.6202320696977929e-09
1.6186143344486298e-09
1.6169973916362522e-09
1.6153812349114334e-09
1.6137658581863325e-09
1.6121512554658058e-09
1.6105374208596954e-09
1.6089243485820615e-09
1.6073120332854413e-09
1.6057004692536122e-09
1.6040896507862845e-09
1.6024795725376116e-09
1.6008702292613774e-09
1.5992616158070197e-09
1.5976537271169063e-09
1.5960465582223718e-09
1.5944401715730182e-09
1.5928345738316322e-09
1.59122968314549e-09
1.5896254949868486e-09
1.5880220046346416e-09
1.5864192075582168e-09
1.5848170992493105e-09
1.583215675215955e-09
1.5816149309813711e-09
1.5800148620853893e-09
1.5784154640844992e-09
1.5768167325573596e-09
1.5752186631039273e-09
1.5736212513457048e-09
1.5720244929262696e-09
1.5704283835090029e-09
1.568832918772312e-09
1.5672380944106356e-09
1.565643906126436e-09
1.5640503496322085e-09
1.5624574206438078e-09
1.5608651148804621e-09
1.5592734280631598e-09
1.557682356210918e-09
1.5560918952506697e-09
1.5545020383212888e-09
1.5529127822326518e-09
1.5513241237945084e-09
1.5497360587187683e-09
1.5481485802346525e-09
1.5465616865037757e-09
1.5449753730444031e-09
1.5433896327417278e-09
1.541804469047048e-09
1.5402199535753921e-09
1.5386360053208004e-09
1.5370527561983154e-09
1.5354700652239288e-09
1.5338879265323992e-09
1.532306331711666e-09
1.5307252821146579e-09
1.529144768471213e-09
1.5275647836996063e-09
1.525985330844445e-09
1.5244064057367e-09
1.5228280044381422e-09
1.521250123066081e-09
1.5196727578096066e-09
1.5180959049444139e-09
1.5165195608362998e-09
1.5149437219417841e-09
1.5133683888332952e-09
1.5117935682643798e-09
1.5102192398667816e-09
1.5086454036359164e-09
1.5070720567792564e-09
1.5054991960778838e-09
1.5039268188247748e-09
1.5023549221244292e-09
1.5007835033654616e-09
1.4992125600755103e-09
1.497642089455395e-09
1.4960721107656374e-09
1.494502643710433e-09
1.492933657152743e-09
1.491365171427669e-09
1.489797169219618e-09
1.4882297431997135e-09
1.486662781168801e-09
1.4850962822318188e-09
1.4835302455077757e-09
1.4819646701826057e-09
1.4803995554842697e-09
1.4788349004722331e-09
1.4772707058676173e-09
1.4757069716185704e-09
1.4741436978406214e-09
1.4725808848213937e-09
1.471018533029511e-09
1.4694566431214936e-09
1.467895215844391e-09
1.4663342524136985e-09
1.4647737542410123e-09
1.4632137224792166e-09
1.461654158737536e-09
1.4600950648121078e-09
1.4585364433017413e-09
1.456978295727848e-09
1.4554206074445663e-09
1.4538633939387898e-09
1.452306659853182e-09
1.4507504098377886e-09
1.4491946469510977e-09
1.4476394302524306e-09
1.4460847764639096e-09
1.4445306205927724e-09
1.442976966277414e-09
1.4414238173036042e-09
1.439871177581844e-09
1.438319051127621e-09
1.436767442049238e-09
1.4352163545434388e-09
1.433665792889547e-09
1.432115761445293e-09
1.430566264654966e-09
1.429017307043057e-09
1.4274688932080368e-09
1.425921027820613e-09
1.424373715621786e-09
1.4228269614163568e-09
1.4212807700670486e-09
1.4197351464882798e-09
1.4181900956403242e-09
1.4166456225233624e-09
1.4151017319936594e-09
1.413558429199032e-09
1.4120157193149501e-09
1.4104736074366634e-09
1.408932098984217e-09
1.4073912004996554e-09
1.4058509152585706e-09
1.4043112483721117e-09
1.4027722049407924e-09
1.401233790049256e-09
1.3996960096282345e-09
1.3981588680444197e-09
1.3966223703865606e-09
1.395086521305421e-09
1.3935513257465444e-09
1.3920167886146026e-09
1.3904830006674767e-09
1.3889499123547661e-09
1.3874174975663343e-09
1.3858857610173374e-09
1.3843547073752901e-09
1.3828243412444968e-09
1.3812946641058615e-09
1.3797656725047794e-09
1.3782373818462565e-09
1.3767097964987563e-09
1.3751829231048625e-09
1.3736567764356925e-09
1.3721313466889138e-09
1.3706066382749399e-09
1.369082654966575e-09
1.367559401029633e-09
1.3660368805306903e-09
1.3645150974476836e-09
1.3629940556585566e-09
1.3614737589392282e-09
1.3599542109676557e-09
1.3584354153236405e-09
1.3569173754965841e-09
1.3554000948884537e-09
1.353883576821558e-09
1.3523678245414335e-09
1.3508528412222898e-09
1.3493386299714529e-09
1.3478251938316304e-09
1.3463125357848237e-09
1.344800658754461e-09
1.3432895656086948e-09
1.3417792591608117e-09
1.3402697421733458e-09
1.3387610173581541e-09
1.3372530873810403e-09
1.3357459548604788e-09
1.3342396223736751e-09
1.3327340924565794e-09
1.3312293676057218e-09
1.3297254502814113e-09
1.3282223428735736e-09
1.3267200478190159e-09
1.3252185674855644e-09
1.3237179042131047e-09
1.3222180603177863e-09
1.3207190865268817e-09
1.3192209878708476e-09
1.3177237155800275e-09
1.3162272719058807e-09
1.3147316590902364e-09
1.3132368794837947e-09
1.3117429355092544e-09
1.3102498289392672e-09
1.308757561904019e-09
1.3072661365111244e-09
1.305775554852621e-09
1.3042858190069701e-09
1.302796923736404e-09
1.3013088783133373e-09
1.2998216851971293e-09
1.2983353464438482e-09
1.2968498641104068e-09
1.2953652405448795e-09
1.2938814778299974e-09
1.2923985776953388e-09
1.2909165422030705e-09
1.2894353734124392e-09
1.2879550733804652e-09
1.2864756441586841e-09
1.2849970877929989e-09
1.2835194063487877e-09
1.282042602377507e-09
1.2805666773376923e-09
1.2790916332400871e-09
1.2776174720856595e-09
1.2761441958639472e-09
1.2746718065494714e-09
1.2732003061024693e-09
1.2717296964671826e-09
1.2702599795691343e-09
1.268791157317253e-09
1.2673232315982871e-09
1.2658562042787233e-09
1.2643900764538376e-09
1.2629248365583487e-09
1.261460581766406e-09
1.259997239090553e-09
1.2585348039386487e-09
1.2570732779859087e-09
1.2556126628814942e-09
1.2541529602354272e-09
1.25269417161329e-09
1.251236298532757e-09
1.2497793424617594e-09
1.2483233048195258e-09
1.246868186977419e-09
1.2454139902596457e-09
1.2439607159446976e-09
1.2425083652670016e-09
1.2410569394155523e-09
1.2396064395342416e-09
1.2381568667216718e-09
1.2367082220285857e-09
1.2352605064573388e-09
1.2338137209610157e-09
1.232367872428759e-09
1.230923008207479e-09
1.2294790764122778e-09
1.2280361102437228e-09
1.2265941424014352e-09
1.2251531094557938e-09
1.2237130120107707e-09
1.2222738504505245e-09
1.220835625062885e-09
1.2193983360939045e-09
1.2179619838491515e-09
1.2165265685549285e-09
1.2150920903628022e-09
1.2136585493531155e-09
1.2122259458755735e-09
1.2107942795996458e-09
1.2093635503666568e-09
1.207933758023315e-09
1.206504902363875e-09
1.2050769831326154e-09
1.2036500000230098e-09
1.2022239526804434e-09
1.2007988407007726e-09
1.1993746636316387e-09
