625243.5006796634
1856.772204673193
231705.50685270046
51234.6423107165
5933.878335964262
621.7597033061936
75.90358083267859
11.324630655496478
2.3322899676885926
0.7171688514485927
0.31798322311452537
0.18178899899561488
0.12039347518333854
0.08648991464214865
0.06526667736655854
0.05075357723280417
0.04032949648343073
0.03260480812018047
0.026754761611906482
0.02224870969513309
0.018726663524168047
0.015936259409666913
0.013696975345190751
0.011877941411746981
0.010383289271567404
0.009142103188652492
0.008101379891798302
0.007221056331534324
0.006470486571268616
0.005825939586701168
0.0052688171438816074
0.004784377723501319
0.004360815029020389
0.003988586396904696
0.003659914932966847
0.0033684154652878803
0.003108810254249008
0.002876710476458909
0.0026684456929237893
0.0024809278184254255
0.002311547215127879
0.0021558322039279096
0.002014273957023153
0.0018872238752499625
0.0017705172449512985
0.0016634664688375716
0.0015651876357563764
0.0014748148693692303
0.0013915595275850194
0.0013147184696371407
0.0012436687409956052
0.001177858855666585
0.001116800029207128
0.0010600580772494514
0.0010072465391237667
0.0009580206076886665
0.0009120719241160666
0.0008691241309053907
0.0008289289716423122
0.0007912630187425754
0.0007559246894755026
0.0007227318231410975
0.0006915194934662208
0.0006621380667361115
0.0006344516050942639
0.0006083363405896973
0.0005836794535265665
0.0005603778691676907
0.0005383374801654491
0.0005174718521523886
0.0004977018183956756
0.000478954659833377
0.0004611634830269715
0.0004442666900729945
0.0004282075048173811
0.0004129334272161004
0.00039839597385510394
0.0003845502764626856
0.0003713547614643308
0.00035877086910093484
0.00034676279668918893
0.00033529726500218385
0.00032434332732311625
0.0003138721415677308
0.00030385682350739967
0.000294272348810729
0.00028509525771102393
0.0002763036742862949
0.0002678771293345349
0.0002597964729171944
0.00025204376778342345
0.0002446021783152348
0.00023745591358584082
0.0002305901625029349
0.00022399099220632952
0.00021764530877028954
0.0002115407920234404
0.0002056658536351458
0.00020000959701021943
0.00019456168045542532
0.000189312411893227
0.00018425262761863988
0.00017937365793950133
0.00017466732499420376
0.0001701259053376144
0.00016574209183974035
0.0001615089700123544
0.0001574199896866474
0.00015346894974051692
0.00014964996855036344
0.0001459574672831013
0.00014238615749486002
0.00013893102544663348
0.00013558729716355258
0.00013235044218559832
0.00012921615554304782
0.00012618034186163407
0.00012323910258897852
0.00012038874320598333
0.00011762570670964408
0.00011494667472431676
0.00011234840988807552
0.00010982785118247604
0.00010738209084899105
0.00010500834254344014
0.00010270395079371092
0.00010046638247497375
9.829321338578462e-05
9.618212448151382e-05
9.413089279120239e-05
9.213743635364106e-05
9.019969774693547e-05
8.831573695559063e-05
8.648369925792506e-05
8.470180884246214e-05
8.296835528862397e-05
8.12817030673136e-05
7.964028466763064e-05
7.804259559154983e-05
7.648719254685662e-05
7.497269127531366e-05
7.34977600025271e-05
7.206112045349135e-05
7.066154492908857e-05
6.929785229999113e-05
6.796890797377876e-05
6.66736199542602e-05
6.541093508384788e-05
6.417984976399886e-05
6.297938631475518e-05
6.180860983270556e-05
6.0666616555386103e-05
5.9552535820132894e-05
5.846553176978223e-05
5.7404796404801896e-05
5.6369545075172425e-05
5.535903948780782e-05
5.437254836286823e-05
5.3409372200454664e-05
5.2468836612736255e-05
5.1550289086558714e-05
5.065310289611508e-05
4.977666710545999e-05
4.892039336380075e-05
4.8083730738015616e-05
4.7266116371480816e-05
4.646702164900172e-05
4.568593388107237e-05
4.492235835516669e-05
4.417581588889472e-05
4.344584232040624e-05
4.273198860751913e-05
4.203382471699284e-05
4.135092662881296e-05
4.068288712121868e-05
4.0029312068859604e-05
3.9389816542617584e-05
3.8764041406546496e-05
3.815162069752458e-05
3.7552206655733686e-05
3.696546251316043e-05
3.639106227708008e-05
3.582868901370292e-05
3.527803598715466e-05
3.473880842995005e-05
3.421071199632116e-05
3.369346953839506e-05
3.318681156109698e-05
3.269047390222056e-05
3.220419841545803e-05
3.172773671260832e-05
3.1260847360424594e-05
3.080329617118641e-05
3.035485550538938e-05
2.9915304462467774e-05
2.9484428138107487e-05
2.9062018046750272e-05
2.8647871283471757e-05
2.8241790519260603e-05
2.7843585271845447e-05
2.745306874548385e-05
2.707005997930262e-05
2.6694383022739914e-05
2.6325866833294695e-05
2.5964344886909996e-05
2.5609654289638143e-05
2.5261639753419586e-05
2.492014927025815e-05
2.4585029646608433e-05
2.4256139064148986e-05
2.3933334707307937e-05
2.3616479086439352e-05
2.33054384920845e-05
2.3000083537173984e-05
2.2700287102633164e-05
2.240592373263927e-05
2.2116878058929652e-05
2.1833030726447373e-05
2.1554265104082564e-05
2.1280472231913898e-05
2.1011546461722826e-05
2.0747378979729343e-05
2.0487869155141416e-05
2.0232915387197132e-05
1.9982420179972382e-05
1.9736289050110086e-05
1.9494429611866362e-05
1.9256750499474382e-05
1.90231636406611e-05
1.8793583075586567e-05
1.8567925070440518e-05
1.8346107895861465e-05
1.8128052290262184e-05
1.791367950825722e-05
1.7702914748326536e-05
1.7495683414190928e-05
1.729191327177943e-05
1.7091533796127532e-05
1.6894476462816495e-05
1.6700673655575868e-05
1.6510059169557423e-05
1.6322570750178677e-05
1.6138145153174616e-05
1.5956721428868878e-05
1.577823954716577e-05
1.5602639582556253e-05
1.5429868510300615e-05
1.525986961333162e-05
1.5092586959531955e-05
1.4927968995846622e-05
1.4765963276796963e-05
1.460651617580432e-05
1.4449584179535978e-05
1.4295116780781346e-05
1.4143065830349876e-05
1.3993383957076194e-05
1.3846027949232666e-05
1.3700953340169949e-05
1.3558116349547385e-05
1.341747485427345e-05
1.3278987535902656e-05
1.3142613914178456e-05
1.3008314772518494e-05
1.2876050935473e-05
1.2745784845372905e-05
1.261747951774537e-05
1.2491098748829592e-05
1.236660701624075e-05
1.2243969497479179e-05
1.2123152724475758e-05
1.2004122785610762e-05
1.1886847384345536e-05
1.177129499711628e-05
1.1657434324539997e-05
1.1545234692659176e-05
1.1434666336355631e-05
1.1325699841630164e-05
1.1218306130687284e-05
1.1112456402995193e-05
1.1008126758888693e-05
1.0905287644310932e-05
1.0803912760481474e-05
1.070397571868184e-05
1.0605449918529763e-05
1.0508314221843469e-05
1.0412543796387827e-05
1.0318113141788647e-05
1.0224999175754592e-05
1.0133179462226197e-05
1.0042631217386877e-05
9.953332397511413e-06
9.86526166506877e-06
9.778397818996651e-06
9.692720155757432e-06
9.608208374530958e-06
9.524842620765225e-06
9.442603456002391e-06
9.361471544837383e-06
9.281427870988668e-06
9.20245530043869e-06
9.124535295363432e-06
9.047649782903948e-06
8.971781278145593e-06
8.896913589226337e-06
8.823030595431418e-06
8.750114391752885e-06
8.678148343248173e-06
8.60711941986015e-06
8.5370106378463e-06
8.467806337573208e-06
8.399492081925258e-06
8.33205324638276e-06
8.265475571439525e-06
8.199745033082854e-06
8.134845307535644e-06
8.070768486781796e-06
8.007498791722865e-06
7.94502270305811e-06
7.883327610187543e-06
7.822400487044719e-06
7.762230025471193e-06
7.70280379338158e-06
7.644109783569973e-06
7.586136557130948e-06
7.5288724110221245e-06
7.472306442493124e-06
7.4164282192357265e-06
7.361226393962422e-06
7.306690296189835e-06
7.252809581135206e-06
7.199574044925035e-06
7.146973806017057e-06
7.09499893994764e-06
7.043639229783337e-06
6.9928859670321636e-06
6.942730070041499e-06
6.893160732488276e-06
6.8441706865218225e-06
6.7957520771235405e-06
6.74789476677761e-06
6.7005902168469905e-06
6.6538301473265845e-06
6.6076063284771795e-06
6.561910727673668e-06
6.5167354112230115e-06
6.472072738241663e-06
6.427913351988126e-06
6.384251733328133e-06
6.341082056771708e-06
6.298395138486781e-06
6.2561837708323874e-06
6.21444110648601e-06
6.173160219601643e-06
6.132332861009789e-06
6.09195652077742e-06
6.052022631479862e-06
6.01252314356644e-06
5.973453139460336e-06
5.9348061640597025e-06
5.896575985998483e-06
5.8587566250021415e-06
5.82134236560571e-06
5.7843271512883094e-06
5.747705556411712e-06
5.711472079598964e-06
5.675621383489458e-06
5.640147685618388e-06
5.605046082903481e-06
5.570311341971189e-06
5.535938124868422e-06
5.501921290375278e-06
5.468256001730254e-06
5.43493740811706e-06
5.401960683257344e-06
5.3693192849923165e-06
5.3370112022799966e-06
5.3050325995442545e-06
5.273377509339487e-06
5.242038945361896e-06
5.211018008936422e-06
5.1803075676200825e-06
5.1499032485301846e-06
5.119800954447148e-06
5.0899966838698515e-06
5.060486377465162e-06
5.031265834406355e-06
5.0023318533684295e-06
4.973680319087374e-06
4.945306057367923e-06
4.917209250042134e-06
4.889383869196243e-06
4.861825930374195e-06
4.834532095312641e-06
4.80749897038403e-06
4.780723145428773e-06
4.754201296068787e-06
4.7279302434487e-06
4.701906627188405e-06
4.676127334327938e-06
4.65058919608704e-06
4.62528883530246e-06
4.6002215074191236e-06
4.5753891708264676e-06
4.550785785499412e-06
4.5264085213143164e-06
4.502254495594696e-06
4.478320850430424e-06
4.454604921994517e-06
4.431103867244431e-06
4.4078149895022e-06
4.3847334242882765e-06
4.3618618438910815e-06
4.339194534521266e-06
4.316729085912174e-06
4.294462929979242e-06
4.272393623255262e-06
4.250518853055441e-06
4.2288360654538054e-06
4.2073431489246785e-06
4.186037578493048e-06
4.164917189647685e-06
4.143979688815171e-06
4.1232229552170125e-06
4.102644642077842e-06
4.082242707775473e-06
4.06201489993271e-06
4.041959372626802e-06
4.022074021287803e-06
4.002356770465231e-06
3.982805576284223e-06
3.963418495373506e-06
3.944192669649225e-06
3.925126997659606e-06
3.906221196574861e-06
3.887471874213355e-06
3.868877156017913e-06
3.850435274466183e-06
3.832144381236399e-06
3.8140028249801708e-06
3.796008829292324e-06
3.7781607365208706e-06
3.760455300712431e-06
3.7428931059937417e-06
3.72547311766267e-06
3.7081924217785324e-06
3.691049317029514e-06
3.6740423908223976e-06
3.657169977467768e-06
3.6404306038576065e-06
3.6238228423372957e-06
3.6073451063876176e-06
3.590996034411036e-06
3.5747741309997013e-06
3.5586779475068904e-06
3.5427062471610937e-06
3.5268574141228854e-06
3.5111303080042373e-06
3.495523479788692e-06
3.4800355643964033e-06
3.4646653201714514e-06
3.4494114782511223e-06
3.4342728113420133e-06
3.4192479187765426e-06
3.4043355925723517e-06
3.3895346180552447e-06
3.37484379210595e-06
3.3602619872448744e-06
3.345787822424922e-06
3.33142047920064e-06
3.3171586391764325e-06
3.3030011912141085e-06
3.288947002565001e-06
3.2749942681017845e-06
3.261141191561205e-06
3.247389413431049e-06
3.233738314213147e-06
3.2201850061062075e-06
3.206728467385034e-06
3.1933677521206456e-06
3.1801018154467457e-06
3.166929726317263e-06
3.1538504974997747e-06
3.1408631919114344e-06
3.1279668027923566e-06
3.1151605214625576e-06
3.1024432412089255e-06
3.0898142090647347e-06
3.0772720780820503e-06
3.0648173336247003e-06
3.0524479676400734e-06
3.0401632453182444e-06
3.0279622879110912e-06
3.015844329849596e-06
3.003808424163214e-06
2.991853901329949e-06
2.9799798596319647e-06
2.968185536835504e-06
2.956470131788837e-06
2.9448327868063418e-06
2.9332721093209703e-06
2.9217858566608285e-06
2.910379037156112e-06
2.8990475264074435e-06
2.8877900792183344e-06
2.876604868414001e-06
2.865494472281818e-06
2.854456191217773e-06
2.843489346600653e-06
2.832593227607121e-06
2.8217669778707374e-06
2.811009525138285e-06
2.800320831648965e-06
2.789701693116983e-06
2.7791499531785406e-06
2.7686650871066316e-06
2.7582463904003828e-06
2.747893270664739e-06
2.7376051372516507e-06
2.727381271485244e-06
2.717220994268598e-06
2.707124038924159e-06
2.6970899834492736e-06
2.687117864716387e-06
2.677207178536334e-06
2.667357305841942e-06
2.6575677982467556e-06
2.6478380213006137e-06
2.6381658984290368e-06
2.6285540793522498e-06
2.6190007743141716e-06
2.6095051003649175e-06
2.600066417715766e-06
2.5906843450982506e-06
2.5813583380195002e-06
2.5720878777930633e-06
2.562872488649829e-06
2.553711667516824e-06
2.5446037767254565e-06
2.5355505303198115e-06
2.5265510627432534e-06
2.517604321022191e-06
2.508709683975505e-06
2.4998667892435157e-06
2.49107525692702e-06
2.4823345180804885e-06
2.4736442702906557e-06
2.465003915919435e-06
2.456413201931191e-06
2.4478716263278383e-06
2.4393787369785673e-06
2.43093418978597e-06
2.422537517511628e-06
2.414188353283097e-06
2.405886272503154e-06
2.397630860397073e-06
2.3894217939884926e-06
2.38125859287484e-06
2.373140958651489e-06
2.365068380817634e-06
2.3570405434764e-06
2.349057221787832e-06
2.3411178923302056e-06
2.333222250662527e-06
2.3253699079020376e-06
2.3175591828318236e-06
2.3097926823901898e-06
2.302068456328743e-06
2.2943860900246556e-06
2.2867451678271972e-06
2.2791454829189663e-06
2.271586586157185e-06
2.264068284325446e-06
2.2565901204580664e-06
2.2491518475640082e-06
2.2417531429357037e-06
2.234393759823866e-06
2.227072017396434e-06
2.2197899506991872e-06
2.2125468052954797e-06
2.20534090626567e-06
2.198173580692172e-06
2.191044063265485e-06
2.183951513453786e-06
2.1768955779018057e-06
2.1698762046410433e-06
2.1628929441815762e-06
2.155945580431919e-06
2.149033960766164e-06
2.1421576400296204e-06
2.135316503772243e-06
2.1285102055787332e-06
2.1217384769717617e-06
2.115001121938035e-06
2.108297811110151e-06
2.1016283400683486e-06
2.094992416750144e-06
2.088389789124566e-06
2.081820233471269e-06
2.0752834686044936e-06
2.068779235628333e-06
2.0623073425945497e-06
2.0558675187866e-06
2.049459492683589e-06
2.043082656408231e-06
2.036736969075909e-06
2.030423220646964e-06
2.024140726165052e-06
2.017888752536993e-06
2.0116671080502835e-06
2.005475585500968e-06
1.9993140009868137e-06
1.993181856102816e-06
1.9870794798640763e-06
1.981006590849315e-06
1.974962799655945e-06
1.9689477861159535e-06
1.9629614774041376e-06
1.9570035622486318e-06
1.9510739216113045e-06
1.9451715393848954e-06
1.939296999092578e-06
1.9334511748982407e-06
1.9276324696730468e-06
1.9218416035794817e-06
1.9160777021483967e-06
1.910340623530272e-06
1.9046301365998228e-06
1.8989461197233528e-06
1.8932883344345291e-06
1.8876567017782394e-06
1.88205092260935e-06
1.8764709142678766e-06
1.8709164190407892e-06
1.865387345169782e-06
1.8598835019336905e-06
1.8544046289822883e-06
1.848950637057378e-06
1.8435213936434236e-06
1.8381165674997595e-06
1.8327361723994952e-06
1.827379933930118e-06
1.8220476636540417e-06
1.816739137336594e-06
1.8114542808347515e-06
1.806193302369953e-06
1.8009556835341261e-06
1.7957413219193078e-06
1.7905499534654286e-06
1.7853809693271036e-06
1.7802351675660324e-06
1.775111828810855e-06
1.7700108918913376e-06
1.7649318295824935e-06
1.7598741609846215e-06
1.7548400067255676e-06
1.7498260364289724e-06
1.744835640241952e-06
1.7398666177789114e-06
1.7349184192465036e-06
1.729992127562139e-06
1.725086150488502e-06
1.7202003170269937e-06
1.7153371952008781e-06
1.7104949453511934e-06
1.7056731221923154e-06
1.7008715934216673e-06
1.6960902773094217e-06
1.6913291172247215e-06
1.6865878811581102e-06
1.6818665296726557e-06
1.67716464371945e-06
1.6724803378692775e-06
1.6678182023166767e-06
1.663175418130496e-06
1.6585519476393879e-06
1.6539476883979432e-06
1.6493621697929481e-06
1.6447959493962568e-06
1.6402485114066735e-06
1.6357195857849834e-06
1.6312091463712076e-06
1.6267167318196086e-06
1.6222424709065207e-06
1.6177871431116214e-06
1.6133495578732524e-06
1.6089304630343796e-06
1.604528056580733e-06
1.6001450203798765e-06
1.59577936654189e-06
1.5914313392885322e-06
1.587100955439447e-06
1.582787591334793e-06
1.5784913801879073e-06
1.574212746675998e-06
1.5699511112788606e-06
1.56570629986434e-06
1.561478256714634e-06
1.557266957371736e-06
1.5530722450941674e-06
1.548894056940296e-06
1.5447323117326583e-06
1.5405869802312975e-06
1.5364579518787754e-06
1.5323450087609053e-06
1.528248166793105e-06
1.524166405139698e-06
1.5201018865136153e-06
1.5160516060035442e-06
1.512018355503779e-06
1.508000693138923e-06
1.5039986263816131e-06
1.5000118703453359e-06
1.4960396794555487e-06
1.4920826419335416e-06
1.4881418399837937e-06
1.4842160594703742e-06
1.4803051829252268e-06
1.47640920032436e-06
1.4725279742027913e-06
1.4686614997032078e-06
1.4648096630249355e-06
1.460972349573446e-06
1.4571495452368127e-06
1.4533411422125014e-06
1.4495470741837788e-06
1.4457672187677092e-06
1.4420015961789632e-06
1.4382500308154313e-06
1.4345124919298394e-06
1.430788888304913e-06
1.4270791550072757e-06
1.4233832353105977e-06
1.419701006821765e-06
1.4160323664563769e-06
1.412377343930092e-06
1.408735825364435e-06
1.4051077102024262e-06
1.4014930605622038e-06
1.397891983497868e-06
1.3943039538474433e-06
1.39072902258551e-06
1.3871670990788133e-06
1.3836181316093648e-06
1.380081738552245e-06
1.376558860322209e-06
1.3730485771838118e-06
1.3695513595549061e-06
1.3660666555024561e-06
1.3625944132027954e-06
1.3591334179874113e-06
1.35568578027595e-06
1.3522509988604884e-06
1.3488284195836664e-06
1.3454180549925675e-06
1.342019797189322e-06
1.3386334687480735e-06
1.335258736837273e-06
1.3318966124572907e-06
1.32854643155621e-06
1.3252077083066575e-06
1.3218794283891897e-06
1.318565078716465e-06
1.3152614206270246e-06
1.3119704344394568e-06
1.3086910068268258e-06
1.3054229420291466e-06
1.3021662022912328e-06
1.2989207975812587e-06
1.2956866389266866e-06
1.2924637092582894e-06
1.2892519462791336e-06
1.2860513055058569e-06
1.2828617492630136e-06
1.279683186201325e-06
1.2765156120082576e-06
1.2733589738318392e-06
1.2702131712062233e-06
1.2670781862069388e-06
1.2639539956634455e-06
1.2608404631440104e-06
1.257737621252124e-06
1.2546453649001936e-06
1.251563669987469e-06
1.248492474653065e-06
1.2454316876112988e-06
1.242381360008521e-06
1.2393413197748268e-06
1.236311621446278e-06
1.2332921133706567e-06
1.2302828588537785e-06
1.2272836697968736e-06
1.2242946681910402e-06
1.2213156103220882e-06
1.218346645514517e-06
1.2153875713880687e-06
1.2124376399520958e-06
1.2094976413098322e-06
1.2065683988212166e-06
1.2036488503883104e-06
1.200739014575386e-06
1.1978386777451074e-06
1.1949477758370536e-06
1.1920669638827003e-06
1.1891956121659377e-06
1.1863336694357286e-06
1.1834811245346393e-06
1.1806379483106188e-06
1.1778038889943276e-06
1.174979300428905e-06
1.172163995787466e-06
1.1693578810952842e-06
1.1665609043128601e-06
1.1637726065577163e-06
1.160993592648839e-06
1.1582243201794305e-06
1.155463959246154e-06
1.15271241543858e-06
1.1499697889961528e-06
1.1472359379551402e-06
1.1445109201041296e-06
1.1417946377446162e-06
1.1390867754981003e-06
1.1363881143384307e-06
1.1336980786810857e-06
1.1310166293446079e-06
1.1283437364489418e-06
1.1256793828554629e-06
1.1230235234419335e-06
1.120376097409056e-06
1.1177371264180193e-06
1.1151065430033075e-06
1.112484267545769e-06
1.109870359691137e-06
1.1072646763185373e-06
1.10466658681444e-06
1.1020763587574446e-06
1.0994956687084742e-06
1.0969231820460496e-06
1.094358724288033e-06
1.0918022459829718e-06
1.0892537526717535e-06
1.0867132192122509e-06
1.0841805815464602e-06
1.081655852913492e-06
1.07913896136631e-06
1.0766299200575778e-06
1.0741286532617786e-06
1.0716351440435138e-06
1.0691493707243531e-06
1.0666713000866849e-06
1.0642009042461497e-06
1.0617381005438935e-06
1.0592829185077078e-06
1.0568353115903547e-06
1.0543951884080754e-06
1.0519625196834717e-06
1.0495366182898758e-06
1.0471190474712437e-06
1.0447082925522872e-06
1.0423045494165772e-06
1.039909102948919e-06
1.0375210075544268e-06
1.0351398408665936e-06
1.032766399924057e-06
1.0304004317092987e-06
1.0280415081533606e-06
1.025689632059561e-06
1.0233447966332197e-06
1.0210070256582624e-06
1.018676133306e-06
1.01635237487928e-06
1.0140355606813001e-06
1.0117256942469861e-06
1.009422729288344e-06
1.00712664576864e-06
1.004837409459331e-06
1.00255501589638e-06
1.0002793849241078e-06
9.980105693890555e-07
