0.1243274732852131
0.01246098324907867
0.002761350757872495
0.0006391749813874616
0.0001538755255752308
4.591369700270404e-05
1.9100157461043827e-05
1.0524139836461293e-05
6.930130228720726e-06
5.061381168797687e-06
3.929048188527654e-06
3.1703711093140403e-06
2.6245776833907167e-06
2.2134486873451223e-06
1.8972200913646133e-06
1.6480721196356837e-06
1.4478766603165402e-06
1.2843234216167165e-06
1.1487738889208795e-06
1.0350043379882617e-06
9.384353194155158e-07
8.5563844382308e-07
7.840082854344776e-07
7.215375219678582e-07
6.666595710172212e-07
6.181367476689401e-07
5.749799765689177e-07
5.363903830625557e-07
5.017163589223718e-07
4.704216264302935e-07
4.420611930493349e-07
4.1626302687417084e-07
3.9271392932040836e-07
3.7114852619970065e-07
3.513406099667239e-07
3.3309627157019776e-07
3.1624840618577087e-07
3.006522905785097e-07
2.861819989803137e-07
2.7272747984226626e-07
2.6019215954458533e-07
2.4839398676780765e-07
2.3726071342230793e-07
2.2683496117089278e-07
2.1705631721541167e-07
2.0787075818840712e-07
1.9922989247495977e-07
1.910902783255228e-07
1.8341282702340395e-07
1.7616228508866803e-07
1.6930678630993657e-07
1.6281746347878514e-07
1.5666811028500106e-07
1.508348875083714e-07
1.452960672128737e-07
1.4003180832534722e-07
1.350239603159281e-07
1.3025588795835437e-07
1.2571232125878954e-07
1.2137921963460128e-07
1.1724365210782946e-07
1.1329369295625822e-07
1.0951832802441844e-07
1.0590736888674944e-07
1.0245137916864092e-07
9.91416070905471e-08
9.596992511247904e-08
9.292877716573745e-08
9.001113271997108e-08
8.72104384919866e-08
8.452058104082619e-08
8.193585112483069e-08
7.945091140800028e-08
7.706076728843332e-08
7.476074044874706e-08
7.254644455724201e-08
7.041376347689403e-08
6.83588308527846e-08
6.63780117497634e-08
6.446788632818338e-08
6.262523423454604e-08
6.084702054853094e-08
5.9130382900459534e-08
5.7472619579634965e-08
5.587117849071634e-08
5.432364755871406e-08
5.2827745004789604e-08
5.138131094935146e-08
4.998229837056356e-08
4.8628768408582e-08
4.7318882968831035e-08
4.605089600725428e-08
4.4823149233562494e-08
4.363406906228401e-08
4.248215800626339e-08
4.13659914689526e-08
4.028421339607588e-08
3.9235532266676635e-08
3.821871742471845e-08
3.723259546346686e-08
3.6276046980483804e-08
3.5348003575317196e-08
3.444744500511404e-08
3.357339651263905e-08
3.272492622287621e-08
3.190114294957102e-08
3.11011940680406e-08
3.0324263279863645e-08
2.9569568669405487e-08
2.883636115869506e-08
2.812392218712345e-08
2.743156289811925e-08
2.675862335858533e-08
2.610446928464693e-08
2.5468491643722416e-08
2.485010536942028e-08
2.424874823614345e-08
2.3663879689993764e-08
2.3094979781085406e-08
2.2541548232145465e-08
2.2003103977218118e-08
2.1479183027707426e-08
2.096933883513974e-08
2.0473142076907276e-08
1.999017825772359e-08
1.9520047644389996e-08
1.9062364952522234e-08
1.8616758496726355e-08
1.8182869547593e-08
1.7760351844184803e-08
1.7348871079850567e-08
1.6948104391128545e-08
1.655773987752518e-08
1.6177476160141574e-08
1.5807021768444573e-08
1.5446095296517673e-08
1.5094424474688046e-08
1.4751745932693161e-08
1.4417804729978095e-08
1.4092354287395362e-08
1.3775156223417474e-08
1.3465979528960342e-08
1.3164600584395308e-08
1.2870802834896842e-08
1.2584376451781476e-08
1.23051182751855e-08
1.2032831410428317e-08
1.1767324861367259e-08
1.1508413877042377e-08
1.1255919182561414e-08
1.1009666921620768e-08
1.0769488505175868e-08
1.0535220187429459e-08
1.0306703515824035e-08
1.0083784729643856e-08
9.866313643959944e-09
9.654146301316448e-09
9.447142100902774e-09
9.24516454538817e-09
9.04808112482554e-09
8.855762916257397e-09
8.668085283902401e-09
8.484926748674622e-09
8.306169464171955e-09
8.131699154037577e-09
7.961404619278636e-09
7.795177792321989e-09
7.63291371151753e-09
7.47451038172366e-09
7.3198686647177705e-09
7.168892156078202e-09
7.0214871327165825e-09
6.877562704916631e-09
6.7370303288171725e-09
6.599803834595735e-09
6.465799392712388e-09
6.334935343640914e-09
6.2071330082223515e-09
6.082315379314592e-09
5.960407542164854e-09
5.841336621897064e-09
5.7250317198442856e-09
5.611423853004159e-09
5.5004458996066395e-09
5.392032541342691e-09
5.286119798895974e-09
5.182645742373084e-09
5.081550479880573e-09
4.982775618405066e-09
4.8862640559821285e-09
4.791960257274277e-09
4.699810135380045e-09
4.609761022664161e-09
4.521761635867516e-09
4.435762036263875e-09
4.351713591214967e-09
4.269568937207493e-09
4.18928190663776e-09
4.110807475204194e-09
4.034102026106433e-09
3.9591229197533265e-09
3.885828618698802e-09
3.814178655972154e-09
3.744133604478811e-09
3.675655047937584e-09
3.608705552977962e-09
3.543248641575387e-09
3.4792487357280966e-09
3.4166710310190098e-09
3.3554819352921363e-09
3.2956485586553084e-09
3.2371388204263078e-09
3.1799213074562825e-09
3.12396564679896e-09
3.069242170590751e-09
3.0157216853910765e-09
2.9633761908577176e-09
2.912178179252341e-09
2.862100491687238e-09
2.8131168949621484e-09
2.7652021973001137e-09
2.7183313733874454e-09
2.672480277166567e-09
2.627625208868257e-09
2.58374305482897e-09
2.5408112714403263e-09
2.498807869339611e-09
2.457711400585179e-09
2.417500942448582e-09
2.3781560721674825e-09
2.33965686863453e-09
2.3019839252162105e-09
2.265118289119037e-09
2.2290413452508017e-09
2.1937351751649506e-09
2.159182180986313e-09
2.1253651778058576e-09
2.0922673957566725e-09
2.059872468408543e-09
2.02816442588039e-09
1.9971275372201528e-09
1.966746695746624e-09
1.9370070932342334e-09
1.9078942200842458e-09
1.8793939026052137e-09
1.8514921726715648e-09
1.8241757254614238e-09
1.797431465560433e-09
1.7712463400331812e-09
1.7456079846396462e-09
1.7205041527861652e-09
1.6959224382562323e-09
1.67185154952954e-09
1.648280185115224e-09
1.6251971948646682e-09
1.6025915124695782e-09
1.5804526355815534e-09
1.5587702482738445e-09
1.5375342125812598e-09
1.5167346283378978e-09
1.4963618270676707e-09
1.4764063661278615e-09
1.4568589814733624e-09
1.4377107039615857e-09
1.4189527402574847e-09
1.4005764960360137e-09
1.3825735758798586e-09
1.3649357784915769e-09
1.3476550917288227e-09
1.3307236886350133e-09
1.3141339224696244e-09
1.2978782172808662e-09
1.2819493517143119e-09
1.26634023734038e-09
1.251043903436805e-09
1.236053539842553e-09
1.221362492674958e-09
1.2069642313183809e-09
1.1928523055729734e-09
1.1790206955811802e-09
1.1654633201526828e-09
1.1521742405056988e-09
1.1391475706294638e-09
1.1263773876392137e-09
1.1138583829427607e-09
1.1015853248534479e-09
1.089552845840084e-09
1.0777557530101542e-09
1.066189088143124e-09
1.0548479074877722e-09
1.043727379748058e-09
1.0328227833146622e-09
1.022129489454825e-09
1.0116430000323768e-09
1.0013589093378434e-09
9.912729088017556e-10
9.813807868609745e-10
9.716783874595403e-10
9.621616366391635e-10
9.528266993420184e-10
9.436697276048147e-10
9.346869596955495e-10
9.258747185096238e-10
9.172294082021023e-10
9.087475119843986e-10
9.004255921732843e-10
8.922602874607736e-10
8.8424831086432e-10
8.763864475245946e-10
8.686714800698522e-10
8.611003827279879e-10
8.536701885344735e-10
8.463779553380419e-10
8.392208063923002e-10
8.321956155936731e-10
8.252999659077671e-10
8.185311987902064e-10
8.118866739300534e-10
8.053638099937048e-10
7.989599812151555e-10
7.926728275872413e-10
7.864999377397316e-10
7.804389480668952e-10
7.744875470397438e-10
7.686434096468888e-10
7.629043314947074e-10
7.572682188535532e-10
7.517329542716482e-10
7.462964658958164e-10
7.409567264154933e-10
7.357117520076356e-10
7.305596013095827e-10
7.254983744135426e-10
7.205261218030891e-10
7.15641029066421e-10
7.108414156053044e-10
7.061253466008006e-10
7.014911648481828e-10
6.969373967656244e-10
6.924623938887529e-10
6.880645452164527e-10
6.837422753897209e-10
6.794940433658744e-10
6.753183413406706e-10
6.712136938060185e-10
6.671786566924626e-10
6.632116586856673e-10
6.593112943046931e-10
6.5547645166901e-10
6.517057949159522e-10
6.479980184727075e-10
6.443518453925542e-10
6.407660262357761e-10
6.372393376872688e-10
6.337705829490039e-10
6.303585905069206e-10
6.270020869523874e-10
6.237000511519376e-10
6.204514231049824e-10
6.17255123321664e-10
6.14110095528499e-10
6.110153058340556e-10
6.07969704650511e-10
6.049722758863098e-10
6.020221222756367e-10
5.991182925015821e-10
5.962598544539762e-10
5.934458957927949e-10
5.906755221389896e-10
5.879478576419083e-10
5.852620443421822e-10
5.826172417550903e-10
5.800126265053565e-10
5.774473919691702e-10
5.74920434905425e-10
5.724310740707001e-10
5.69978811733471e-10
5.675629278317884e-10
5.651824513954944e-10
5.628369340782571e-10
5.605256736310292e-10
5.582479737985362e-10
5.5600315434038e-10
5.537905502078112e-10
5.516095109776078e-10
5.494593174095078e-10
5.473394200971828e-10
5.452492304078683e-10
5.431881500317008e-10
5.411555953085521e-10
5.391509947277667e-10
5.371737889586893e-10
5.352234305112182e-10
5.332993833809308e-10
5.314011227329208e-10
5.295281346145814e-10
5.276799156914046e-10
5.258559730008943e-10
5.240558237214701e-10
5.222789949530904e-10
5.205249760008025e-10
5.187930236724878e-10
5.170831012811986e-10
5.153947606192438e-10
5.137275657269447e-10
5.120810915040876e-10
5.10454922893307e-10
5.088486543297401e-10
5.072618893279996e-10
5.056942313264514e-10
5.041451034011655e-10
5.026143887154063e-10
5.011017203579223e-10
4.996067366232201e-10
4.981290844078323e-10
4.966684188550801e-10
4.952244029217525e-10
4.937967070752202e-10
4.923850090509494e-10
4.909889936382915e-10
4.896083524843231e-10
4.88242783905747e-10
4.8689199271011e-10
4.855556900230054e-10
4.842335931242968e-10
4.829253719672026e-10
4.816308019118071e-10
4.803496320374152e-10
4.790816016527128e-10
4.778264558930898e-10
4.765839454325133e-10
4.753537497016664e-10
4.741356187041229e-10
4.729294453389289e-10
4.717350023611066e-10
4.705520586764023e-10
4.693803892306653e-10
4.682197744882117e-10
4.670700000995452e-10
4.659308566588252e-10
4.6480213950706106e-10
4.636835259627538e-10
4.6257484312525243e-10
4.614760350271019e-10
4.6038691755637967e-10
4.593073024494006e-10
4.5823700604876504e-10
4.57175849048945e-10
4.5612365631646696e-10
4.5508025673837495e-10
4.5404548308230955e-10
4.5301917186274315e-10
4.520011632116882e-10
4.5099130075394583e-10
4.499894314888932e-10
4.489954056761597e-10
4.4800907673057434e-10
4.4703030112111536e-10
4.460589382776925e-10
4.450948505045134e-10
4.441379028978129e-10
4.4318798525117036e-10
4.4224495215163697e-10
4.413086717497418e-10
4.4037901930245814e-10
4.3945587261627685e-10
4.385391119305589e-10
4.376285818181195e-10
4.367242073574039e-10
4.3582587805654554e-10
4.349334825110838e-10
4.3404691167508495e-10
4.331659995455122e-10
4.322905077947408e-10
4.314204301940196e-10
4.3055583318401406e-10
4.296966067430569e-10
4.288426449316977e-10
4.2799383957684214e-10
4.271500963363698e-10
4.2631132218557133e-10
4.254774223867792e-10
4.246483046042464e-10
4.2382387878965977e-10
4.2300405707553446e-10
4.221887289166025e-10
4.2137782730679867e-10
4.2057128208621246e-10
4.1976901290948944e-10
4.1897094104981824e-10
4.181769894020906e-10
4.173870824251441e-10
4.1660114608901975e-10
4.1581910782649876e-10
4.150408964910757e-10
4.14266442318062e-10
4.134956768914497e-10
4.1272853311352943e-10
4.1196492427588895e-10
4.1120473827813547e-10
4.1044774563226217e-10
4.096941709994123e-10
4.089439656726798e-10
4.0819705548221074e-10
4.074533369861324e-10
4.0671281447612125e-10
4.0597542141039123e-10
4.0524109430822085e-10
4.0450977227482205e-10
4.037813944925334e-10
4.030558979720071e-10
4.0233323223721296e-10
4.016133719265833e-10
4.0089622289206573e-10
4.0018176099424544e-10
3.994699533599811e-10
3.987607501211972e-10
3.9805410344698667e-10
3.9734996726085313e-10
3.966482965322108e-10
3.9594904819883057e-10
3.9525218080953085e-10
3.945576537426286e-10
3.9386542751376853e-10
3.931754637363141e-10
3.924877250904028e-10
3.9180217529705395e-10
3.9111867184958604e-10
3.9043729367812215e-10
3.8975803025890967e-10
3.890808443584315e-10
3.8840570082888634e-10
3.877325662214149e-10
3.8706140856470885e-10
3.8639219722545014e-10
3.8572489439102103e-10
3.8505947773326763e-10
3.843958713133358e-10
3.8373411299311265e-10
3.8307419194001316e-10
3.8241607938506806e-10
3.817597487347082e-10
3.8110517510972737e-10
3.804523350612319e-10
3.7980120638341756e-10
3.7915176798533354e-10
3.7850399979760805e-10
3.778578827034529e-10
3.772133984849222e-10
3.7657052977910246e-10
3.759292600420505e-10
3.7528957351643774e-10
3.746514552035671e-10
3.7401489083716344e-10
3.733798668596326e-10
3.7274637039938766e-10
3.721143892496969e-10
3.7148391184860276e-10
3.70854919735042e-10
3.7022739341625694e-10
3.6960134264529705e-10
3.6897675806283306e-10
3.6835363086480447e-10
3.677319527856536e-10
3.67111676818312e-10
3.6649284784063345e-10
3.6587545888429886e-10
3.6525950071367296e-10
3.6464496551113076e-10
3.640318465198182e-10
3.634201378164489e-10
3.628098341569912e-10
3.6220093008398205e-10
3.615934207158275e-10
3.6098730424288236e-10
3.6038257722938435e-10
3.597792139908777e-10
3.5917724071257583e-10
3.5857666645461024e-10
3.5797748656149754e-10
3.573796969594599e-10
3.567832942705154e-10
3.561882758110365e-10
3.5559463934129416e-10
3.550023830054287e-10
3.544115052858834e-10
3.5382200496498003e-10
3.532338810901232e-10
3.526471329418788e-10
3.520617600037291e-10
3.5147776193259713e-10
3.508951385307318e-10
3.503138897191223e-10
3.4973401551184364e-10
3.49155515992939e-10
3.485783912938119e-10
3.4800264157321146e-10
3.4742826699816425e-10
3.468552677270778e-10
3.462836438932163e-10
3.4571339559002557e-10
3.45144522856871e-10
3.4457702566709283e-10
3.440109117215903e-10
3.4344618062443495e-10
3.428828213062436e-10
3.4232083423273405e-10
3.417602194273618e-10
3.412009766612195e-10
3.406431054948919e-10
3.4008660528698513e-10
3.395314772466724e-10
3.389777197375363e-10
3.3842532997224315e-10
3.378743065052374e-10
3.3732464769667186e-10
3.3677635171012377e-10
3.3622941651223936e-10
3.35683839873387e-10
3.351395811247913e-10
3.345966416486131e-10
3.340550722534552e-10
3.3351486717578427e-10
3.329760211035657e-10
3.324385289025362e-10
3.3190238548820984e-10
3.313675857855076e-10
3.308341247076115e-10
3.303019971434861e-10
3.2977119794732697e-10
3.292417219292545e-10
3.2871356384583557e-10
3.2818671838964577e-10
3.2766118017934875e-10
3.271369437502684e-10
3.2661400354561975e-10
3.260923539092592e-10
3.2557198907949606e-10
3.250529031861123e-10
3.2453509024729717e-10
3.2401854417009333e-10
3.235032587519731e-10
3.2298922835298245e-10
3.2247644702401386e-10
3.2196488696038893e-10
3.214545529144961e-10
3.209454496214517e-10
3.204375701719259e-10
3.1993086211924687e-10
3.194253656908924e-10
3.1892105844966856e-10
3.184179397057756e-10
3.179159693638163e-10
3.174150526657785e-10
3.169153420944435e-10
3.16416719289649e-10
3.159193038165797e-10
3.1542307298841703e-10
3.149279858907246e-10
3.14434075532181e-10
3.139413727987141e-10
3.1344989079668036e-10
3.1295953907759186e-10
3.124703107267907e-10
3.1198219860545095e-10
3.114951957681298e-10
3.110092954585562e-10
3.1052449096977194e-10
3.100407756691707e-10
3.095581430307435e-10
3.090765950684502e-10
3.085961397646192e-10
3.081167479389065e-10
3.0763841723231336e-10
3.0716113960031446e-10
3.066849087960809e-10
3.0620971885063126e-10
3.0573556445335005e-10
3.052624404282129e-10
3.047903417825873e-10
3.043192455345918e-10
3.038491370069838e-10
3.0338000483343675e-10
3.029118728394144e-10
3.0244470940982854e-10
3.0197854934893806e-10
3.015133156158972e-10
3.0104910936184755e-10
3.0058592209418853e-10
3.001237465302427e-10
2.9966257612277306e-10
2.992023964963202e-10
2.9874319235921205e-10
2.982849802431063e-10
2.9782775583940337e-10
2.973715151903701e-10
2.969162546806581e-10
2.964619710213976e-10
2.9600866123140824e-10
2.955563212746111e-10
2.951049492054236e-10
2.946545442198969e-10
2.9420510406389616e-10
2.9375662699324113e-10
2.933091114501839e-10
2.9286255602725044e-10
2.924169594964658e-10
2.9197233654220596e-10
2.9152865909146933e-10
2.9108592562464277e-10
2.906441498566805e-10
2.902033300212718e-10
2.8976343312271147e-10
2.89324460157545e-10
2.8888645896313207e-10
2.8844942625307765e-10
2.8801335955590766e-10
2.875782569354679e-10
2.871441168483774e-10
2.867109380672303e-10
2.8627871963768347e-10
2.858474608502482e-10
2.854171611569675e-10
2.849878203191047e-10
2.845594382983504e-10
2.8413201518114083e-10
2.8370555121821156e-10
2.832800468119277e-10
2.828555025031136e-10
2.8243191895995324e-10
2.820092969685216e-10
2.815876374252715e-10
2.811669413309633e-10
2.8074720402134767e-10
2.803284300517914e-10
2.799106240255971e-10
2.7949378718188846e-10
2.790779212632295e-10
2.786630294277218e-10
2.7824911093666946e-10
2.7783616757407726e-10
2.774242012124068e-10
2.770132138171761e-10
2.7660320785802954e-10
2.761941853423604e-10
2.7578614854119916e-10
2.753790994399298e-10
2.7497304050799186e-10
2.7456797431239246e-10
2.741638552729985e-10
2.7376072905408215e-10
2.7335861864810567e-10
2.729575252404762e-10
2.725574503674938e-10
2.7215839585060787e-10
2.717603685980675e-10
2.7136338332172996e-10
2.7096742262132883e-10
2.705724886005462e-10
2.701786055416399e-10
2.6978586969910345e-10
2.6939414942993247e-10
2.690034500092982e-10
2.6861378219838287e-10
2.68225154100806e-10
2.6783757105771214e-10
2.6745103803873375e-10
2.670655597880661e-10
2.666811409055641e-10
2.6629778589269844e-10
2.65915499177363e-10
2.655342851272767e-10
2.6515414805539324e-10
2.647750922203731e-10
2.6439712182347585e-10
2.640202410030917e-10
2.6364445382873937e-10
2.632697642925866e-10
2.6289617630174717e-10
2.6252369366961524e-10
2.621523201074207e-10
2.617820592151896e-10
2.61412914473892e-10
2.610448892366611e-10
2.606779867213726e-10
2.603122100018342e-10
2.5994756200176013e-10
2.5958404548614193e-10
2.5922166305509896e-10
2.5886041711179124e-10
2.5850030894910826e-10
2.581413417052533e-10
2.577835172482214e-10
2.574268372505497e-10
2.5707130318322754e-10
2.567168685956852e-10
2.5636353981382474e-10
2.5601137537837046e-10
2.5566037387993716e-10
2.5531053423693966e-10
2.5496185524506385e-10
2.5461433552768906e-10
2.5426797431713683e-10
2.539227701432833e-10
2.535787213826892e-10
2.5323582625370736e-10
2.528940828124094e-10
2.525534871152172e-10
2.522140371409151e-10
2.5187573069412785e-10
2.515385653758946e-10
2.5120253855236854e-10
2.5086764740803845e-10
2.5053388881422767e-10
2.5020125925618053e-10
2.49869754990535e-10
2.495393720089369e-10
2.4921010604079335e-10
2.488819525546604e-10
2.4855490675891455e-10
2.482289636121881e-10
2.4790411799110817e-10
2.475803642214598e-10
2.472576964484966e-10
2.4693610856682105e-10
2.4661559421936215e-10
2.4629614679565645e-10
2.459777594328885e-10
2.456604250174329e-10
2.453441361862308e-10
2.450288853305908e-10
2.447146645988779e-10
2.4440146590027863e-10
2.440892797092778e-10
2.4377807558054453e-10
2.4346776198650463e-10
2.431584460210859e-10
2.428501255837204e-10
2.4254278901810683e-10
2.422364248404684e-10
2.419310216391799e-10
2.416265680350917e-10
2.4132305265991087e-10
2.4102046414107107e-10
2.4071879108872303e-10
2.4041802208341743e-10
2.401181456666588e-10
2.3981915033269126e-10
2.395210245234282e-10
2.392237566249693e-10
2.38927334966516e-10
2.3863174782030383e-10
2.383369834024033e-10
2.3804302987522295e-10
2.377498753503042e-10
2.374575108785565e-10
2.3716594830678545e-10
2.368751504410584e-10
2.3658507584653994e-10
2.362956892556391e-10
2.3600704282590896e-10
2.3571912281319204e-10
2.354319155248631e-10
2.3514540793045665e-10
2.34859587196981e-10
2.3457444056852897e-10
2.3428995547727756e-10
2.340061195046998e-10
2.337229203511652e-10
2.3344034579717816e-10
2.3315838381665924e-10
2.328770223651284e-10
2.3259624945933172e-10
2.323160531944163e-10
2.3203642174604692e-10
2.3175734337284042e-10
2.3147880642098053e-10
2.312007993280459e-10
2.3092331062705964e-10
