804.3820939272409
219.00788690700006
618.2872038637515
271.5432240706505
90.774871729344
28.547323764872246
8.899153600769795
2.8240453514314114
0.9454717683086853
0.35589426475572605
0.16354189689685183
0.09529702112634332
0.06709422753220985
0.052740311155983675
0.04385290792451577
0.03756188395491576
0.03275975572817438
0.028948436950065305
0.025854915638866615
0.023306747584642726
0.021180472359777082
0.01937527716887865
0.017813504187220778
0.016477355273146494
0.015317039772326702
0.014297577718486157
0.013389509815196397
0.012576983562182524
0.011847251826707457
0.011191043361289274
0.010599546158681554
0.01006356373666137
0.009574014895201315
0.009125063222393372
0.008712496478895047
0.008332379618812703
0.00798161454039832
0.007657088620777373
0.007354810947164924
0.0070718067053685985
0.00680639938220927
0.006557139542254093
0.006322399090231324
0.006101709606458726
0.005893839350093567
0.005697468707367289
0.0055115402329770245
0.0043390159230068176
0.004211941139895108
0.0040967324427350115
0.003990280502736546
0.003891047953888271
0.0037980092412493722
0.0037103865799297314
0.0036274155946504428
0.003548365353552573
0.0034727096074124927
0.003399954407124147
0.0033296849633726025
0.003261700114832572
0.003195793111247106
0.0031317818529352647
0.00306962443334636
0.003009296158750281
0.002950706633214549
0.002893697409841768
0.002838170790513565
0.0027840085861205186
0.0027310957055178514
0.0026794146261391602
0.0026289661919323007
0.0025797138903361837
0.0025316420254125733
0.002484725835599034
0.0024389206508469933
0.0023941282834879897
0.0023502526188907665
0.0023072310586193245
0.0022650101120025618
0.0022235234690761918
0.0021827371066287394
0.002142635113254573
0.0021032051549937235
0.0020644120492254872
0.00202623539891084
0.001988670202225872
0.0019517061355487642
0.001915316670627751
0.001879460198742329
0.0018441116301884995
0.001809264806753575
0.0017749344381402911
0.0017411464853974003
0.001707921144407174
0.0016752741836709322
0.0016432199167692996
0.0016117777015673806
0.001580974003567669
0.0015508322032626186
0.0015213823690385325
0.0014926435150911087
0.0014646164990645047
0.0014372971443854592
0.0014106866612704975
0.0013847895749759327
0.0013596105700889427
0.001335151763916894
0.0013114072583406923
0.0012883721615159212
0.0012660410326617868
0.0012444042570652315
0.0012234590799345356
0.0012032049545343498
0.0011836380883639076
0.0011647530806542733
0.001146539101730465
0.001128985012974058
0.001112075101660464
0.0010957910371325564
0.0010801178230328116
0.00106504299967431
0.001050546954625438
0.0010366076866983843
0.0010232037094018767
0.0010103138789970363
0.0009979171881821984
0.0009859922524995005
0.000974515569295478
0.0009634626268480259
0.0009528089384592574
0.0009425298926677077
0.0009325972530401946
0.0009229858823849344
0.0009136724540151871
0.0009046321466115736
0.0008958409523093123
0.0008872756388972968
0.0008789112731337511
0.0008707226669256714
0.0008626828688235278
0.0008547670359342394
0.0008469512689856635
0.0008392156567454574
0.0008315413730101988
0.0008239136479009721
0.000816319603262356
0.0008087466475405271
0.0008011838458042163
0.0007936207486214708
0.0007860470857899374
0.0007784529600061402
0.0007708295036340187
0.0007631701283038677
0.0007554695991919537
0.0007477242316139107
0.0007399330415135367
0.0007320964046748931
0.0007242155510691535
0.0007162927403139697
0.0007083315615175179
0.0007003366003733164
0.0006923123914959824
0.0006842638775987874
0.0006761963971838923
0.0006681157682218191
0.0006600281508561318
0.0006519405257606889
0.000643860815696101
0.0006357983207383409
0.0006277641339221876
0.000619767972520602
0.0006118196720583518
0.0006039290746533517
0.0005961065763718939
0.0005883616834219299
0.0005807028218383441
0.0005731383796470649
0.0005656765440895158
0.0005583257381601899
0.000551093999367727
0.0005439884395390278
0.0005370157527342265
0.0005301816256523222
0.0005234915399920595
0.0005169503196427933
0.000510562134169684
0.0005043306661727604
0.0004982585503151318
0.0004923472594546331
0.00048659728868376544
0.00048100861762256886
0.00047558086557059195
0.0004703125599330346
0.00046520167801721496
0.0004602452552195472
0.0004554397415750906
0.00045078134125289013
0.0004462657507529697
0.0004418888442878535
0.00043764631923024687
