0.3352174755188516
0.10206234995459389
0.03121378132730285
0.009788675995362185
0.0034888620992656744
0.001790567401201866
0.0013013527810298196
0.0010711105328615226
0.0009171256958193304
0.0008025732137334684
0.0007140619764362227
0.0006439353304789517
0.0005871555623695172
0.000540289070100194
0.0005009463669602838
0.00046743190551299844
0.00043851688624123937
0.00041329078541366767
0.00039106627990441017
0.0003713148982458349
0.0003536248894944417
0.00033765988716204465
0.00032293687620863105
0.00030952806116787187
0.00029725281094557325
0.0002859638641142188
0.00027554068265937045
0.000265880970678867
0.0002568979303924837
0.00024851768902963236
0.00024067700790841355
0.00023332128823588317
0.00022640350220832773
0.0002198826266206738
0.0002137226512195234
0.0002078918937891454
0.00020236231391311464
0.00019710922779041928
0.00019211095919046035
0.0001873482337144936
0.0001828037628543152
0.000178461998148338
0.00017430898090814415
0.00017033198727283206
0.00016651961925704024
0.00016286156517392948
0.00015934842205412688
0.0001562600757843173
0.00015327643841658254
0.00015039222785754854
0.00014760250809022496
0.0001449026665649603
0.00014228837460162995
0.00013975554777771753
0.00013730035569565197
0.0001349192165531033
0.00013260877434693
0.0001303659180979162
0.0001281877723241799
0.00012607164425462294
0.00012401502844536997
0.00012201561312329018
0.0001200712505473868
0.00011817994101448977
0.00011633983348651822
0.00011454920599759282
0.00011280644266278902
0.0001111100093175139
0.00010945845453222071
0.00010785038722664031
0.00010628447145091161
0.00010475942568262854
0.00010327400649201953
0.00010182701199298626
0.00010041729128378465
9.904375290710692e-05
9.770536007426297e-05
9.640112116444833e-05
9.513009050624039e-05
9.389136883717794e-05
9.26840916722931e-05
9.150742256390436e-05
9.036055311008778e-05
8.924270452685916e-05
8.815312121803567e-05
8.709106964650145e-05
8.60558377707757e-05
8.504673456505897e-05
8.406309022848417e-05
8.310425259604343e-05
8.216958363045456e-05
8.125845478840488e-05
8.037024375400821e-05
7.950433327856984e-05
7.866010641538416e-05
7.783694701161091e-05
7.70342355155333e-05
7.625135068577175e-05
7.548767248513999e-05
7.474258088876138e-05
7.401545992522195e-05
7.3305702180026e-05
7.261271034129334e-05
7.19358996086605e-05
7.127469534591882e-05
7.062853242471027e-05
6.999685573694963e-05
6.937912173090133e-05
6.877479985919816e-05
6.818337311019853e-05
6.760433998362933e-05
6.703721249724173e-05
6.648151420620847e-05
6.593678160026429e-05
6.540256432978667e-05
6.487842536941677e-05
6.436394117245858e-05
6.385870164177376e-05
6.336231114382581e-05
6.287438857971019e-05
6.239456681288715e-05
6.192249527694117e-05
6.145784064678912e-05
6.100028649474489e-05
6.054953305153328e-05
6.010529660122753e-05
5.9667310350567954e-05
5.92353249532723e-05
5.880910895377213e-05
5.838844777105128e-05
5.7973143630186136e-05
5.7563016179585935e-05
5.715790094327701e-05
5.675764817264812e-05
5.636212267756274e-05
5.597120323976928e-05
5.5584781484604386e-05
5.5202761992609694e-05
5.482506158598102e-05
5.445160908441995e-05
5.408234451557911e-05
5.371721767857995e-05
5.335618811756922e-05
5.2999224374515406e-05
5.264630247001624e-05
5.229740525341107e-05
5.195252193020667e-05
5.161164668436225e-05
5.127477899079671e-05
5.094192341022026e-05
5.06130882711252e-05
5.0288285337898834e-05
4.99675285317536e-05
4.965083309265427e-05
4.9338214153313675e-05
4.9029685914579096e-05
4.872526061908945e-05
4.842494826056347e-05
4.812875655139162e-05
4.783669089004007e-05
4.7548753170446935e-05
4.7264941667445985e-05
4.698525030806454e-05
4.670966842111989e-05
4.643818003373271e-05
4.61707641335558e-05
4.590739470261656e-05
4.564804132781745e-05
4.539266861513959e-05
4.514123599222491e-05
4.489369818542562e-05
4.4650005247652276e-05
4.441010286933215e-05
4.4173931950858084e-05
4.3941429221920964e-05
4.3712527622536364e-05
4.348715671298041e-05
4.326524351159072e-05
4.304671257823676e-05
4.2831486440813123e-05
4.261948591900212e-05
4.241063028823884e-05
4.2204838153071386e-05
4.2002027323109184e-05
4.180211494167913e-05
4.160501796942405e-05
4.14106537156499e-05
4.121894001022595e-05
4.1029795222014746e-05
4.084313869099414e-05
4.065889106420678e-05
4.047697434574956e-05
4.0297312557802906e-05
4.0119831953473974e-05
3.99444613702224e-05
3.9771132539740775e-05
3.959977955791873e-05
3.9430339294770516e-05
3.9262751282527296e-05
3.90969577851478e-05
