4.854162040986608e-08
2.9051062253607024e-08
2.8907982363614195e-08
2.876681346315627e-08
2.86274027939404e-08
2.8489670160931316e-08
2.8353527618434423e-08
2.8218909074333643e-08
2.8085728853279087e-08
2.795393636695671e-08
2.7823462015123593e-08
2.769428202598305e-08
2.7566395525375984e-08
2.743977607729442e-08
2.7314408856287735e-08
2.7190301966036345e-08
2.7067496782349077e-08
2.6946044408104024e-08
2.6825979805826887e-08
2.670732767825272e-08
1.681821124608019e-08
1.6791951149305333e-08
1.6766132443436778e-08
1.6740717269709634e-08
1.671568002767622e-08
1.6691007169743122e-08
1.6666661997731716e-08
1.6642616980464895e-08
1.6618841350993645e-08
1.659530912506153e-08
1.6571990030446673e-08
1.6548871075554346e-08
1.6525945592702157e-08
1.65032205023735e-08
1.648070760116798e-08
1.6458402124167863e-08
1.6436306097890708e-08
1.6414423655362815e-08
1.6392760594951323e-08
1.637132474330297e-08
1.635011531992696e-08
1.6329139379226145e-08
1.6308376012061607e-08
1.6287783886631926e-08
1.626734663513853e-08
1.6247062624490422e-08
1.622692708308471e-08
1.6206954334559177e-08
1.6187166536557134e-08
1.616759354198824e-08
1.6148249208043547e-08
1.6129145029442546e-08
1.611029472005101e-08
1.6091713766938608e-08
1.6073424842140234e-08
1.6055430731175577e-08
1.60377357067606e-08
1.602033197589075e-08
1.6003223548527578e-08
1.5986403887502925e-08
1.596988238377195e-08
1.595366485878397e-08
1.5937753006114136e-08
1.5922138379107006e-08
1.5906818101087856e-08
1.5891779560577105e-08
1.5877009191183178e-08
1.5862507048967252e-08
1.5848288100033522e-08
1.5834360344882567e-08
1.5820735372484384e-08
1.580739735957189e-08
1.5794339206041457e-08
1.578154257848168e-08
1.5768982730018583e-08
1.5756654008807937e-08
1.574456024674551e-08
1.57326970436746e-08
1.572105321070007e-08
1.5709615250243903e-08
1.5698368708870264e-08
1.5687272744307545e-08
1.5676310910258286e-08
1.5665476045139922e-08
1.5654776365339328e-08
1.564421265837413e-08
1.5633644283018757e-08
1.5622784534441782e-08
1.5612073026160104e-08
1.5601533823108214e-08
1.5591192838947543e-08
1.558103211141037e-08
1.5571054850330276e-08
1.5561271266189014e-08
1.5551693384482576e-08
1.554229371736161e-08
1.5533077931264837e-08
1.5524049998846586e-08
1.5515209454535847e-08
1.5506574253938566e-08
1.5498133508691682e-08
1.548991083153809e-08
1.548189984404726e-08
1.5474088709894268e-08
1.5466463586202836e-08
1.54590247928399e-08
1.545174858894249e-08
1.5444625170601614e-08
1.5437658526886114e-08
1.5430843013602757e-08
1.5424180737524972e-08
1.541767022806905e-08
1.541128845011292e-08
1.5405024811662985e-08
1.5398881983427684e-08
1.5392858799692933e-08
1.538696737215735e-08
1.5381214556266176e-08
1.5375602047806894e-08
1.537013058359763e-08
1.5364799710815793e-08
1.5359606793437953e-08
1.5354546625307834e-08
1.5349622421912055e-08
1.53448222467571e-08
1.5340155862797107e-08
1.5335606739941178e-08
1.5331173875057812e-08
1.532687056277789e-08
1.5322701412826476e-08
1.5318687267681118e-08
1.531482757159472e-08
1.5311137028724384e-08
1.5307629204075027e-08
1.5304321116872976e-08
1.530123453773974e-08
1.529837643502137e-08
1.52957404519833e-08
1.529331558151073e-08
1.5291102414855427e-08
1.5289098850487303e-08
1.5287307785206843e-08
1.5285740117915058e-08
1.528440959186531e-08
1.528331090254316e-08
1.5282436091876993e-08
1.5281789488596063e-08
1.528135079491936e-08
1.5281115602634577e-08
1.5281086926865754e-08
1.528127076264706e-08
1.5281675663567864e-08
1.5282306661696152e-08
1.5283163788801594e-08
1.5284259485630028e-08
1.528557862013282e-08
1.5287109839856896e-08
1.5288831868966456e-08
1.529072888324447e-08
1.5292789469694065e-08
1.529500566692e-08
1.5297377639552937e-08
1.5299888917132963e-08
1.530252256891621e-08
1.530527876240545e-08
1.5308152763480356e-08
1.5311149106997333e-08
1.5314256069714007e-08
1.5317484010527838e-08
1.5320835753849558e-08
1.5324297084041812e-08
1.5327853348418863e-08
1.5331500898499566e-08
1.5335233953131142e-08
1.533905577614183e-08
1.5342947006152043e-08
1.534688645251454e-08
1.535086588358002e-08
1.5354868781953492e-08
1.535889133225771e-08
1.5362921290267098e-08
1.5366953891988327e-08
1.5370965835572722e-08
1.5374963389025307e-08
1.5378947444301482e-08
1.5382914968513945e-08
1.538685377212087e-08
1.5390756377937846e-08
1.5394618253139936e-08
1.5398453344842097e-08
1.540224743064363e-08
1.540598848025001e-08
1.5409682721625006e-08
1.541332442201687e-08
1.5416911387316376e-08
1.5420440258952365e-08
1.5423903433416213e-08
1.5427311667958466e-08
1.5430641652508276e-08
1.543389627055043e-08
1.5437075916394327e-08
1.5440182638794523e-08
1.544321681893508e-08
1.5446178122516515e-08
1.544907516201618e-08
1.5451937725920042e-08
1.5454752225740364e-08
1.545752508326279e-08
1.546026216683787e-08
1.546300019818562e-08
1.5465786880133e-08
1.5468626190448947e-08
1.5471528449436813e-08
1.547450497663679e-08
1.5477562094035918e-08
1.548071701746974e-08
1.548394878427888e-08
1.548724709512478e-08
1.549058848067673e-08
1.549394492766508e-08
1.549731870079282e-08
1.5500702807880956e-08
1.5504110128375648e-08
1.5507540352652732e-08
1.55110045707195e-08
1.5514523587941527e-08
1.5518129083493972e-08
1.5521853236451134e-08
1.552572323772431e-08
1.5529735316210597e-08
1.5533877845654314e-08
1.5538143820768986e-08
1.554251979497968e-08
1.5546993785265486e-08
1.555156596788997e-08
1.5556244330021416e-08
1.5561038255144358e-08
1.5565930156610482e-08
1.5570891160206153e-08
1.557590425328076e-08
1.5580968145262106e-08
1.5586091772272635e-08
1.559127401730816e-08
1.559647459813932e-08
1.5601692324008854e-08
1.5606915290860825e-08
1.561213216570285e-08
1.5617351096555618e-08
1.5622548660665418e-08
1.562772814863379e-08
1.563294985151747e-08
1.5638159192832674e-08
1.5643390389798304e-08
1.5648644489775248e-08
1.5653939317355286e-08
1.5659258214061906e-08
1.5664667735050782e-08
1.5670103862570235e-08
1.5675595834508792e-08
1.5681159332622894e-08
1.568681267416218e-08
1.569257449273132e-08
1.569845018656037e-08
1.5704437540286146e-08
1.5710517658865583e-08
1.5716598535000285e-08
1.5722588984693684e-08
1.5728379144395786e-08
1.5733917328320344e-08
1.5739166914035863e-08
1.5744139166352645e-08
1.5748866677937395e-08
1.575341801333677e-08
1.5757762928540057e-08
1.5761919302179265e-08
1.5765919258526404e-08
1.5769837347924404e-08
1.5773675116853243e-08
1.5777461866422684e-08
1.5781192537105765e-08
1.5784926355866915e-08
1.5788704170487246e-08
1.5792533267723617e-08
1.5796445988331775e-08
1.580048670567665e-08
1.5804664575724923e-08
1.5808961334847778e-08
1.581336250443451e-08
1.581788054233223e-08
1.5822568800677054e-08
1.5827352379817226e-08
1.5832213046704855e-08
1.5837135070375595e-08
1.584214244451877e-08
1.584725380280133e-08
1.5852456059655953e-08
1.5857778583669712e-08
1.586321122879439e-08
1.5868705574704106e-08
1.5874246528931732e-08
1.5879787324469085e-08
1.5885289122131443e-08
1.5890722356476516e-08
1.5896031748229663e-08
1.5901198352636583e-08
1.59062527517587e-08
1.5911239695880285e-08
1.5916144225887002e-08
1.592092555949315e-08
1.5925528229971822e-08
1.592989479506975e-08
1.5934001123271067e-08
1.5937884075358685e-08
1.5941638660109765e-08
1.5945295130034946e-08
1.594887856750837e-08
1.5952400276721688e-08
1.595585216427197e-08
1.5959252435324396e-08
1.59626135304201e-08
1.5965990019819865e-08
1.5969439416013333e-08
1.5972980708627873e-08
1.5976555827470548e-08
1.5980092644190732e-08
1.5983554470994364e-08
1.598694863597923e-08
1.599028308408494e-08
1.599345938440072e-08
1.599642777461172e-08
1.599918608801161e-08
1.600180314734117e-08
1.6004379678757498e-08
1.6006965170381463e-08
1.6009596942607377e-08
1.6012283711054773e-08
1.60149691301258e-08
1.6017652424364383e-08
1.6020395316866943e-08
1.6023233366709735e-08
1.602616387434282e-08
1.6029192099652095e-08
1.6032272641433872e-08
1.6035388146454292e-08
1.603854830114192e-08
1.604179069976633e-08
1.6045150316064174e-08
1.6048677540596137e-08
1.605236619648286e-08
1.6056216581279938e-08
1.6060232507844706e-08
1.6064373338233766e-08
1.606863298259204e-08
1.6072973806538214e-08
1.6077415932041375e-08
1.608200327222032e-08
1.608682845628869e-08
1.6092000079865988e-08
1.6097599395646496e-08
1.610370037534787e-08
1.6110376278217415e-08
1.6117675196411328e-08
1.6125609005198164e-08
1.6134113361158544e-08
1.614309952258276e-08
1.615248088940793e-08
1.6162208184505186e-08
1.617225455369e-08
1.6182605044869274e-08
1.619325194233506e-08
1.6204173661408396e-08
1.621536930681567e-08
1.6226823069934213e-08
1.6238468101610714e-08
1.6250242930474525e-08
1.6262117408825e-08
1.627398482408488e-08
1.6285107245142423e-08
1.6294779617499804e-08
1.6304358946017922e-08
1.631382024298486e-08
1.6323160104584562e-08
1.6332368650493085e-08
1.6341454396063702e-08
1.6350454064386773e-08
1.635941920317573e-08
1.6368409840273852e-08
1.6377411092275604e-08
1.6386414414091765e-08
1.6395370680711336e-08
1.6404203901086415e-08
1.6412845996029914e-08
1.642121414770877e-08
1.642927109675872e-08
1.643701672708533e-08
1.644444656692316e-08
1.645151922924143e-08
1.6458261512052597e-08
1.6464689766256688e-08
1.6470835952319704e-08
1.6476702092674388e-08
1.648222938607988e-08
1.648734593529655e-08
1.649203230440844e-08
1.649623572357229e-08
1.6499862868526982e-08
1.6502873149232787e-08
1.650528417471869e-08
1.650714037300057e-08
1.6508484419915733e-08
1.650937463870874e-08
1.6509838275283145e-08
1.650992461334643e-08
1.6509693463170928e-08
1.6509279055927655e-08
1.6508799462869748e-08
1.6508313682412685e-08
1.650776055837159e-08
1.650703081899014e-08
1.6506029195686308e-08
1.6504772152991152e-08
1.650329040897531e-08
1.6501661621185557e-08
1.6499995461953473e-08
1.649832168331464e-08
1.6496710170361645e-08
1.6495235658142944e-08
1.6493986128482872e-08
1.6492999235690544e-08
1.6492262942360322e-08
1.649177804432629e-08
1.649156670777397e-08
1.6491659248038174e-08
1.6492101993719663e-08
1.6492822130710525e-08
1.6493743878340962e-08
1.649480353542276e-08
1.6495986398380258e-08
1.649728987959154e-08
1.6498733800132288e-08
1.650032632066831e-08
1.6502111587930386e-08
1.6504010267782574e-08
1.6505948404834297e-08
1.6507875587804742e-08
1.650975653191048e-08
1.651152647511557e-08
1.6513126426717184e-08
1.6514553819894633e-08
1.6515793974036512e-08
1.6516876123303703e-08
1.6517828945724846e-08
1.651865044530769e-08
1.6519372263185386e-08
1.652008291880156e-08
1.6520813507243374e-08
1.6521637571519028e-08
1.6522601034987014e-08
1.6523681071925155e-08
1.65249790450911e-08
1.6526463076544644e-08
1.6528089319678575e-08
1.6529875513357625e-08
1.65317553510178e-08
1.6533774722122354e-08
1.653590027188906e-08
1.653813948662876e-08
1.6540521893268156e-08
1.6543036521620603e-08
1.65456273348307e-08
1.6548295825814658e-08
1.6550981980701408e-08
1.6553631294528548e-08
1.655627799683683e-08
1.655891749239221e-08
1.6561554759189678e-08
1.6564114324150375e-08
1.6566588399655532e-08
1.6569031253804093e-08
1.657140204105303e-08
1.6573719761026658e-08
1.6576048239654242e-08
1.6578384809579954e-08
1.658082205073561e-08
1.6583407519450827e-08
1.6586158654127617e-08
1.658902773725402e-08
1.65919933854506e-08
1.6594969007061936e-08
1.6597948343533238e-08
1.660093787243649e-08
1.660393431469549e-08
1.660698807243217e-08
1.6610169077775414e-08
1.6613487388550303e-08
1.6616919967644817e-08
1.6620418961760873e-08
1.662393769918571e-08
1.662742919599286e-08
1.663089132376291e-08
1.6634252611938724e-08
1.663751454431019e-08
1.664065007218504e-08
1.6643709818426388e-08
1.6646734766759997e-08
1.6649721357609095e-08
1.6652690143468277e-08
1.665567417729056e-08
1.6658685855129778e-08
1.6661677300678452e-08
1.6664658117887525e-08
1.666761522568256e-08
1.6670516517053858e-08
1.667335572548791e-08
1.6676116704284953e-08
1.667881896646507e-08
1.6681492487074425e-08
1.6684121424310227e-08
1.6686731810079708e-08
1.6689303644448318e-08
1.6691848375818112e-08
1.6694438119079787e-08
1.669711442203134e-08
1.6699865444197495e-08
1.6702709801644277e-08
1.670558428021216e-08
1.6708417663190597e-08
1.6711210985214333e-08
1.6713977341779117e-08
1.671673157519034e-08
1.6719520265572264e-08
1.6722329864951312e-08
1.6725220943753287e-08
1.6728271911724522e-08
1.673159967435649e-08
1.6735292147222004e-08
1.673941376027524e-08
1.6743952057719163e-08
1.67488795447418e-08
1.6754152925643863e-08
1.675974869972332e-08
1.6765627554098e-08
1.677177599732055e-08
1.6778203332932793e-08
1.678488702650147e-08
1.679170037423772e-08
1.6798542371287476e-08
1.6805335785565637e-08
1.6812002466871695e-08
1.6818513655065295e-08
1.6824786451372682e-08
1.683076906344202e-08
1.6836426669211158e-08
1.684175640250015e-08
1.6846733297056783e-08
1.685135572084778e-08
1.6855653896154457e-08
1.6859623269541613e-08
1.6863271057019165e-08
1.6866641924975383e-08
1.686973437772833e-08
1.6872485994108743e-08
1.6874903839380054e-08
1.6876951271007957e-08
1.6878653286577428e-08
1.688003084420655e-08
1.688110496804143e-08
1.688195879401215e-08
1.688269760582304e-08
1.6883375059243625e-08
1.6884007900370423e-08
1.688459981286293e-08
1.6885173551326603e-08
1.6885737844982478e-08
1.6886298911907458e-08
1.6886847623205654e-08
1.6887389879021546e-08
1.6887920573191718e-08
1.6888428558588456e-08
1.688890837414243e-08
1.6889352987530514e-08
1.6889783000529404e-08
1.6890205998475596e-08
1.6890633091063398e-08
1.6891076368008614e-08
1.6891532973813024e-08
1.689201072548753e-08
1.6892513912784017e-08
1.6893057409477895e-08
1.6893667770207766e-08
1.689437344978464e-08
1.6895212122888733e-08
1.689619658119025e-08
1.6897322777172994e-08
1.6898565307214004e-08
1.6899892429058866e-08
1.6901287645663896e-08
1.6902732338067217e-08
1.69042140022991e-08
1.6905738115151325e-08
1.6907312005481167e-08
1.690892752412541e-08
1.6910558949713467e-08
1.6912139143257257e-08
1.691359909224835e-08
1.691485978952933e-08
1.691586868229664e-08
1.6916615653783176e-08
1.6917113868590407e-08
1.6917373427809993e-08
1.691740321605641e-08
1.6917221804700328e-08
1.691686393157948e-08
1.6916348000258847e-08
1.6915705047949085e-08
1.691496395733852e-08
1.6914138486038748e-08
1.6913243202426212e-08
1.6912311008392842e-08
1.6911357709355136e-08
1.691041169840542e-08
1.6909517443638544e-08
1.6908740675669555e-08
1.6908128056489037e-08
1.6907702885262e-08
1.69074848704046e-08
1.6907469921632463e-08
1.690764500579306e-08
1.690798781052014e-08
1.690847061060802e-08
1.6909056125389444e-08
1.6909700362822256e-08
1.6910370388009653e-08
1.6911038091025397e-08
1.691167780302301e-08
1.6912282464542352e-08
1.6912831858694754e-08
1.6913305919138564e-08
1.6913685188438815e-08
1.6913961988820988e-08
1.6914134907866233e-08
1.6914213313507054e-08
1.6914180254660336e-08
1.691404339818403e-08
1.6913815803204365e-08
1.6913494214967283e-08
1.691307638871777e-08
1.6912558557484755e-08
1.691194502780206e-08
1.691121632251211e-08
1.6910370797732165e-08
1.6909388147772134e-08
1.69082588311093e-08
1.69069733699722e-08
1.6905534648333394e-08
1.6903938773191636e-08
1.6902196997978213e-08
1.6900333773991274e-08
1.6898358388356068e-08
1.689629683760051e-08
1.6894150887666174e-08
1.689193199443552e-08
1.6889654641953737e-08
1.6887336687475507e-08
1.688497723548189e-08
1.6882582095022097e-08
1.6880152093639967e-08
1.6877693161752124e-08
1.687520572527593e-08
1.687268811650099e-08
1.6870138937769237e-08
1.6867555012572596e-08
1.6864929915516586e-08
1.6862258462769508e-08
1.685952311211747e-08
1.6856721219753983e-08
1.685386168460166e-08
1.6850944712279804e-08
1.6847960508986155e-08
1.684490471633509e-08
1.684179757939419e-08
1.6838652386139912e-08
1.6835483476400658e-08
1.6832295802307758e-08
1.6829096663009744e-08
1.682589705386647e-08
1.6822705776672484e-08
1.6819539805753478e-08
1.681641499677283e-08
1.6813331149975507e-08
1.6810292392682708e-08
1.6807288779129567e-08
1.6804315309008466e-08
1.680135969864691e-08
1.6798407459334853e-08
1.6795447940994434e-08
1.679246675721635e-08
1.6789446876656855e-08
1.6786394950520348e-08
1.6783300417369766e-08
1.6780168152438613e-08
1.677700602909522e-08
1.6773818234393654e-08
1.6770613645930356e-08
1.6767417083141576e-08
1.6764231403049396e-08
1.676107254281218e-08
1.6757933632018046e-08
1.6754822814791213e-08
1.6751735340772953e-08
1.6748660580357684e-08
1.6745589458633895e-08
1.674251420488581e-08
1.6739431641329613e-08
1.6736349136763628e-08
1.67332577492416e-08
1.6730160188968815e-08
1.6727063127006415e-08
1.6723975941380632e-08
1.6720908225973046e-08
1.671787153188428e-08
1.6714876382099886e-08
1.6711932880912914e-08
1.6709032848799776e-08
1.670618936754079e-08
1.6703386540049842e-08
1.6700615953023465e-08
1.6697874690354415e-08
1.6695167324103828e-08
1.6692500725761826e-08
1.6689886545499577e-08
1.6687357167989577e-08
1.6684938132004474e-08
1.6682651485706035e-08
1.6680510182307326e-08
1.6678532779998862e-08
1.667674121325129e-08
1.6675122374179906e-08
1.6673662380822958e-08
1.6672353784925043e-08
1.6671170077121988e-08
1.6670082670750987e-08
1.6669061644519686e-08
1.6668070259464125e-08
1.666707361431743e-08
1.6666021406631175e-08
1.6664888901527803e-08
1.666365326779414e-08
1.6662302062393417e-08
1.666082281064167e-08
1.6659210405366938e-08
1.6657456556880883e-08
1.6655554535528938e-08
1.6653503414044037e-08
1.665130343845509e-08
1.6648950759150817e-08
1.6646452343252516e-08
1.664380268395719e-08
1.664099734661586e-08
1.6638045933257643e-08
1.6634964576628596e-08
1.6631760412129945e-08
1.662844549607812e-08
1.6625036544469556e-08
1.6621549966460593e-08
1.661800264848241e-08
1.6614404043484745e-08
1.6610766253875793e-08
1.6607098993149104e-08
1.660340389514707e-08
1.6599681193848106e-08
1.6595925053395403e-08
1.659212824805896e-08
1.658828000620285e-08
1.6584371650681337e-08
1.6580398826607904e-08
1.6576357216800836e-08
1.6572239093563092e-08
1.6568040209640912e-08
1.656375223682621e-08
1.6559374798902116e-08
1.655491183847259e-08
1.6550365601976283e-08
1.654574008581891e-08
1.654104095246228e-08
1.6536274040593463e-08
1.6531445995450696e-08
1.6526562425009233e-08
1.652163129696273e-08
1.651666490326079e-08
1.6511679908226574e-08
1.6506690141072676e-08
1.6501713986125517e-08
1.6496766872829534e-08
1.6491863703843492e-08
1.6487021378499148e-08
1.6482261096489724e-08
1.6477596695560994e-08
1.6473044012784545e-08
1.6468623939131414e-08
1.646435191759897e-08
1.6460243286938315e-08
1.6456313643888982e-08
1.645257097993317e-08
1.644902751336821e-08
1.6445687040035426e-08
1.64425475206423e-08
1.6439606705182696e-08
1.643686183606389e-08
1.64343091655095e-08
1.6431942049093106e-08
1.642974399208014e-08
1.6427706073850654e-08
1.6425812083949773e-08
1.6424045340749228e-08
1.6422383412679553e-08
1.642080477383626e-08
1.641928980815089e-08
1.6417817784310177e-08
1.641637068858777e-08
1.6414926999144263e-08
1.6413467324857275e-08
1.6411973535178448e-08
1.6410427620969502e-08
1.6408817030591686e-08
1.6407127275654323e-08
1.6405343287224446e-08
1.6403452549133468e-08
1.640144073639024e-08
1.6399299360911735e-08
1.63970182487847e-08
1.639458722913951e-08
1.639200237454509e-08
1.638926193102538e-08
1.6386367082442014e-08
1.638332128811248e-08
1.6380132985153654e-08
1.6376809892192205e-08
1.6373364913166458e-08
1.6369814441371757e-08
1.6366166581203213e-08
1.63624312312601e-08
1.635861698911686e-08
1.635473452823774e-08
1.6350786132268046e-08
1.6346775637989046e-08
1.634270353604632e-08
1.633857215252135e-08
1.6334380175004724e-08
1.6330129932938082e-08
1.6325820978064794e-08
1.6321450340065943e-08
1.6317019034605428e-08
1.6312525941489922e-08
1.630796694838523e-08
1.630334100010829e-08
1.6298646088755076e-08
1.6293882132506293e-08
1.6289045263787053e-08
1.628413305253148e-08
1.6279141523819314e-08
1.6274067092645783e-08
1.6268905628773452e-08
1.6263660433581217e-08
1.6258325641876585e-08
1.6252905550010233e-08
1.6247399695309416e-08
1.624180874745551e-08
1.623613532660219e-08
1.623037940812896e-08
1.6224549032755962e-08
1.621864737860839e-08
1.6212676640552844e-08
1.6206641833582433e-08
1.6200541912873417e-08
1.6194383103391812e-08
1.6188169262518556e-08
1.6181906181865956e-08
1.6175595655734042e-08
1.6169240618093327e-08
1.6162845033122033e-08
1.6156418584808944e-08
1.6149968957124412e-08
1.6143498662844883e-08
1.613701126209585e-08
1.6130507639467668e-08
1.6123992118884634e-08
1.6117472513645686e-08
1.6110948032235144e-08
1.6104414469498904e-08
1.6097874664507623e-08
1.6091324866652076e-08
1.6084761870465804e-08
1.60781871727376e-08
1.6071599301326185e-08
1.6064996537097865e-08
1.6058380580308912e-08
1.6051744331858802e-08
1.604509027624952e-08
1.603842054004563e-08
1.6031735609651255e-08
1.6025032822024524e-08
1.6018310097742614e-08
1.601157096868888e-08
1.6004819371443398e-08
1.5998055636744243e-08
1.599127982186724e-08
1.5984493909171117e-08
1.597769807893932e-08
1.597089467630622e-08
1.5964084398595057e-08
1.595726861168678e-08
1.5950449352753917e-08
1.594362670337628e-08
1.5936803861356045e-08
1.5929979438719528e-08
1.5923155784375382e-08
1.5916334497304226e-08
1.5909513769670065e-08
1.5902692490867916e-08
1.5895872168320747e-08
1.5889050715067183e-08
1.5882227902679636e-08
1.5875406014817854e-08
1.5868583225354308e-08
1.5861759456652233e-08
1.5854929768337428e-08
1.584809282366566e-08
1.5841244849131817e-08
1.5834384804416762e-08
1.5827510576120848e-08
1.5820621020110675e-08
1.581371406187765e-08
1.5806784478232583e-08
1.579983018020822e-08
1.579284987165151e-08
1.578584474412719e-08
1.5778812117736304e-08
1.5771746342698558e-08
1.5764645639025417e-08
1.5757507358989086e-08
1.5750331056794577e-08
1.5743117022569588e-08
1.573586302766324e-08
1.57285679385094e-08
1.5721232611997742e-08
1.571385921843232e-08
1.5706446923884318e-08
1.5699001045856862e-08
1.5691520356117584e-08
1.568400296789212e-08
1.567644793014262e-08
1.5668856404778305e-08
1.5661224842195214e-08
1.56535483577276e-08
1.5645825628544836e-08
1.563805558682027e-08
1.5630231948507692e-08
1.5622352178762868e-08
1.5614409544761618e-08
1.5606397992243503e-08
1.5598313150619874e-08
1.5590148238359178e-08
1.5581902833658253e-08
1.5573579765373445e-08
1.5565173505325443e-08
1.555668191174259e-08
1.55481093975178e-08
1.5539459071882516e-08
1.5530732625289885e-08
1.5521936149485544e-08
1.5513074741410002e-08
1.5504152194478447e-08
1.5495175308904754e-08
1.5486147460812953e-08
1.5477077631572182e-08
1.5467970848949853e-08
1.5458831956734426e-08
1.5449667658448492e-08
1.5440478827759998e-08
1.5431269205405586e-08
1.5422044677090905e-08
1.5412807161704977e-08
1.5403556186933257e-08
1.5394298076457605e-08
1.538503561338622e-08
1.537577141824302e-08
1.5366505743284483e-08
1.53572378108889e-08
1.5347969984297048e-08
1.5338701414001875e-08
1.532943226500918e-08
1.5320159973929708e-08
1.531088820084366e-08
1.5301619041876053e-08
1.5292347539607974e-08
1.5283073543028937e-08
1.5273792239705707e-08
1.526450007242372e-08
1.525519728337309e-08
1.5245879813339357e-08
1.523654489698311e-08
1.5227187733954057e-08
1.5217808755643756e-08
1.5208404919640336e-08
1.5198971763672153e-08
1.5189510963098045e-08
1.5180019318962734e-08
1.5170496607402038e-08
1.51609428767763e-08
1.5151352053620214e-08
1.514172377397138e-08
1.5132060183105245e-08
1.5122360463745976e-08
1.5112622003892308e-08
1.5102841891012117e-08
1.5093020187650337e-08
1.5083158014342436e-08
1.5073255499500375e-08
1.506331302608083e-08
1.5053328306668445e-08
1.5043303296309438e-08
1.503323898603814e-08
1.5023137265981318e-08
1.501300192554921e-08
1.5002836798996305e-08
1.499263756178996e-08
1.498240751029758e-08
1.4972144775373596e-08
1.4961850957925502e-08
1.495152318567764e-08
1.4941163048474657e-08
1.4930771823728334e-08
1.4920348665825285e-08
1.490989262715316e-08
1.4899402115305362e-08
1.4888875866987196e-08
1.4878317679279775e-08
1.4867727350038894e-08
1.4857099844970419e-08
1.484643318266381e-08
1.4835728145614998e-08
1.4824986216343217e-08
1.4814205381180976e-08
1.4803388894288454e-08
1.4792537471932626e-08
1.4781652643293475e-08
1.4770737439069624e-08
1.47597910808842e-08
1.4748816015461843e-08
1.473781122052057e-08
1.4726777657575746e-08
1.4715713793551387e-08
1.4704617424419095e-08
1.4693485873353674e-08
1.468232274714116e-08
1.4671124275183843e-08
1.4659889907981118e-08
1.4648616559927663e-08
1.4637302945827003e-08
1.4625946579743787e-08
1.4614549374921638e-08
1.4603107916920772e-08
1.4591622961137523e-08
1.4580096278089474e-08
1.4568526604784624e-08
1.4556912801404443e-08
1.4545252984175777e-08
1.4533550311830251e-08
1.4521804830712541e-08
1.4510013749287143e-08
1.4498178295149314e-08
1.4486302333326315e-08
1.4474384118536604e-08
1.446242300372577e-08
1.445041943860451e-08
1.4438374667469857e-08
1.4426290812571075e-08
1.4414167305018835e-08
1.4402006134952173e-08
1.4389804890803941e-08
1.4377563658010456e-08
1.4365288419929512e-08
1.4352976840952492e-08
1.4340631136846981e-08
1.4328248889978913e-08
1.4315831143200275e-08
1.4303378280269826e-08
1.4290893571916169e-08
1.4278376055958224e-08
1.4265824409222765e-08
1.4253237368235533e-08
1.4240614923820664e-08
1.4227957461435169e-08
1.4215266073997123e-08
1.4202538412351894e-08
1.4189774129489754e-08
1.4176974182039528e-08
1.416414160645597e-08
1.4151277500977868e-08
1.41383806582119e-08
1.4125447615910638e-08
1.4112482285377516e-08
1.4099485978782179e-08
1.4086455630583419e-08
1.4073390120469756e-08
1.4060289100574187e-08
1.4047151828589525e-08
1.4033980516295475e-08
1.4020773006532211e-08
1.4007529764468848e-08
1.3994248482209879e-08
1.3980928877520143e-08
1.396757437825329e-08
1.3954181742501392e-08
1.3940752220710673e-08
1.3927284647026767e-08
1.3913779855980545e-08
1.3900240577929466e-08
1.3886668134820663e-08
1.3873061186780045e-08
1.3859418319620285e-08
1.3845739594718798e-08
1.3832023608921428e-08
1.3818276609369781e-08
1.3804498623178442e-08
1.37906871237944e-08
1.3776843432246134e-08
1.3762965888543416e-08
1.3749054156206814e-08
1.37351095226229e-08
1.3721129854658273e-08
1.3707120481739636e-08
1.3693083381820429e-08
1.3679016617948001e-08
1.3664922564834261e-08
1.3650800289432882e-08
1.3636650478561648e-08
1.3622469344147655e-08
1.3608263917972668e-08
1.3594032370082132e-08
1.3579775899241157e-08
1.3565495924883727e-08
1.3551190765991662e-08
1.3536862879955223e-08
1.3522508309020668e-08
1.3508125936435372e-08
1.3493719718359826e-08
1.3479290449343442e-08
1.3464836699873016e-08
1.3450357453986763e-08
1.3435852106909697e-08
1.342131836948182e-08
1.340675414702403e-08
1.3392161725926342e-08
1.3377539616653933e-08
1.3362890125921231e-08
1.3348212601831857e-08
1.3333505837550168e-08
1.3318769639485198e-08
1.3304003960693017e-08
1.3289210795182429e-08
1.3274391810204816e-08
1.3259548362396159e-08
1.3244679230961604e-08
1.322978884099216e-08
1.3214875019925963e-08
1.3199940681871051e-08
1.3184985662319621e-08
1.3170008072396102e-08
1.3155005085274638e-08
1.3139976615561452e-08
1.3124925127586895e-08
1.310984745766442e-08
1.3094743315959168e-08
1.307961088200876e-08
1.3064451207912074e-08
1.3049261658904626e-08
1.3034043535343298e-08
1.3018799409978339e-08
1.300352740899511e-08
1.2988225011973685e-08
1.2972889884519045e-08
1.2957524833367755e-08
1.2942126637450065e-08
1.2926696018634205e-08
1.2911230385240135e-08
1.2895733392871395e-08
1.2880201136866915e-08
1.2864636390948002e-08
1.2849037019780603e-08
1.2833404292423862e-08
1.2817739891742948e-08
1.2802044713176915e-08
1.2786322105818115e-08
1.277056817390305e-08
1.2754783493298248e-08
1.273896988922991e-08
1.2723122661366753e-08
1.2707243313071888e-08
1.2691334035695247e-08
1.2675396209137045e-08
1.2659430582864349e-08
1.2643435459637877e-08
1.2627411053792991e-08
1.2611360655996455e-08
1.2595282043001168e-08
1.2579178282089184e-08
1.2563049643236496e-08
1.254689645078016e-08
1.2530722857166668e-08
1.2514525877319678e-08
1.2498304954867633e-08
1.248206257073338e-08
1.2465801606576534e-08
1.2449527855846195e-08
1.2433236326030008e-08
1.241692737748099e-08
1.2400601924228476e-08
1.2384259778157175e-08
1.2367899784611075e-08
1.235152346827768e-08
1.2335126307513678e-08
1.2318712153246169e-08
1.2302277386891041e-08
1.2285824004684938e-08
1.2269350636436469e-08
1.2252853879835847e-08
1.2236334107953851e-08
1.2219789139945679e-08
1.2203221372827186e-08
1.21866301528478e-08
1.2170014291002257e-08
1.2153375238103208e-08
1.2136713005300313e-08
1.2120029281566128e-08
1.2103320088634421e-08
1.2086590339033263e-08
1.2069840541087593e-08
1.2053064861975369e-08
1.2036264160763205e-08
1.2019442112788957e-08
1.2002599993249624e-08
1.1985735593053728e-08
1.1968848882364636e-08
1.1951939531982433e-08
1.1935007923055062e-08
1.1918053801225963e-08
1.1901077476166647e-08
1.1884078942996611e-08
1.186705770856443e-08
1.1850010821911358e-08
1.1832941216060068e-08
1.1815852278644986e-08
1.1798742875281649e-08
1.1781612997168498e-08
1.1764462723297228e-08
1.1747293601975987e-08
1.1730106342680285e-08
1.1712903377778201e-08
1.1695687652278793e-08
1.167846040526622e-08
1.1661216901661044e-08
1.1643959498294374e-08
1.1626688764036826e-08
1.1609404178004025e-08
1.159210630068326e-08
1.157479804789947e-08
1.1557481079900206e-08
1.1540157580740746e-08
1.1522826427575056e-08
1.1505490964157105e-08
1.1488152807975115e-08
1.1470808910202342e-08
1.1453458227800907e-08
1.1436100868066628e-08
1.1418737602928294e-08
1.1401366329687764e-08
1.1383987105318284e-08
1.1366601287623645e-08
1.1349209293494928e-08
1.1331809747453294e-08
1.1314399756951006e-08
1.1296980707314962e-08
1.1279554959699969e-08
1.1262122756109927e-08
1.1244679655068106e-08
1.1227225841692187e-08
1.1209762513371217e-08
1.1192286932224079e-08
1.1174800674471193e-08
1.1157301032004808e-08
1.1139792322977649e-08
1.1122271481592191e-08
1.1104738960615475e-08
1.1087193226675247e-08
1.106963241916968e-08
1.1052057552491676e-08
1.1034470738616188e-08
1.101687211893254e-08
1.0999260340207228e-08
1.0981633528012072e-08
1.0963992926673245e-08
1.0946339417990065e-08
1.0928675129629074e-08
1.0910995296216512e-08
1.0893302099691988e-08
1.0875594030964832e-08
1.0857875679209706e-08
1.0840147111643843e-08
1.0822407133893368e-08
1.0804654571996676e-08
1.0786892104345535e-08
1.0769121333886416e-08
1.075134148889014e-08
1.0733550653981052e-08
1.0715748488271475e-08
1.0697938146245955e-08
1.0680120161960932e-08
1.066229250130378e-08
1.0644454892750163e-08
1.0626607861505966e-08
1.0608751113874766e-08
1.0590885805966567e-08
1.0573009221124296e-08
1.0555121433936603e-08
1.0537223762683466e-08
1.0519316275470968e-08
1.0501395901260292e-08
1.0483463141007794e-08
1.0465517561461871e-08
1.0447560438576962e-08
1.0429590940353925e-08
1.0411613280648487e-08
1.0393623060731952e-08
1.0375618172419309e-08
1.0357597348238156e-08
1.0339560619857069e-08
1.0321512945817316e-08
1.0303450355736979e-08
1.0285371303163506e-08
1.0267277872275815e-08
1.0249169024745309e-08
1.023104563796349e-08
1.0212907523508422e-08
1.0194758135959105e-08
1.0176592985364925e-08
1.0158411719267283e-08
1.0140215937602652e-08
1.0122003878092491e-08
1.0103776395089e-08
1.0085535262588612e-08
1.0067283959821513e-08
1.00490190002363e-08
1.0030740323455316e-08
1.0012448595523584e-08
9.994142724831867e-09
9.975826116436094e-09
9.957502262645793e-09
9.939170528027227e-09
9.920829810409178e-09
9.902484784413686e-09
9.884133224318545e-09
9.865775748974216e-09
9.847419332638645e-09
9.829058842875301e-09
9.810694836874919e-09
9.792330991045036e-09
9.773966201929271e-09
9.75560076846927e-09
9.737236984651542e-09
9.718874707056976e-09
9.700516466052655e-09
9.682160378646447e-09
9.663808035890948e-09
9.645460322987532e-09
6.824293561847892e-09
6.820756790662987e-09
6.817196627909877e-09
6.813614992139844e-09
6.810010261016134e-09
6.8063814722199356e-09
6.802729381375297e-09
6.7990542655983674e-09
6.795356748918074e-09
6.79163872902782e-09
6.787898537851303e-09
6.784136949181718e-09
6.7803548004680725e-09
6.7765518976298375e-09
6.7727247672052505e-09
6.768873964853007e-09
6.7650024769522555e-09
6.7611101207446315e-09
6.75719545865854e-09
6.753256971601979e-09
6.7492949694431345e-09
6.745311671852192e-09
6.7413037681216915e-09
6.737270777932076e-09
6.733212029012836e-09
6.729128226955116e-09
6.725018591931168e-09
6.7208831055844595e-09
6.716720831503688e-09
6.712533092939916e-09
6.708319241067433e-09
6.704079118237907e-09
6.6998117140189776e-09
6.6955161570825426e-09
6.6911928526958805e-09
6.6868431998819574e-09
6.682466808132975e-09
6.678062969020366e-09
6.673632760825516e-09
6.669179632166449e-09
6.664701021633379e-09
6.660196537887395e-09
6.655668328326679e-09
6.651114523037984e-09
6.646535217255435e-09
6.641931931379198e-09
6.637304711052714e-09
6.632653285516707e-09
6.627980621371337e-09
6.623285316657957e-09
6.618566615924906e-09
6.613825668972357e-09
6.60906218143981e-09
6.604279180083599e-09
6.599475795257925e-09
6.594652140575596e-09
6.589809213208328e-09
6.584948530740582e-09
6.5800703795759025e-09
6.575173089106616e-09
6.570258038352261e-09
6.565324269056882e-09
6.560373730178053e-09
6.555405080831065e-09
6.55041782964173e-09
6.545410575998721e-09
6.5403853371555e-09
6.5353425461098675e-09
6.530280374380951e-09
6.525198600997432e-09
6.520097957771815e-09
6.51497669401e-09
6.5098364739023665e-09
6.504677039908608e-09
6.499497431694191e-09
6.494296775517016e-09
6.489075098351725e-09
6.483833851871548e-09
6.478573740235509e-09
6.473291135923082e-09
6.467987635951175e-09
6.462663342885123e-09
6.4573182001192026e-09
6.4519510444702585e-09
6.4465619595843944e-09
6.44115081043649e-09
6.435720486870393e-09
6.430271037028572e-09
6.424802225585838e-09
6.419312660401453e-09
6.413802009532015e-09
6.408271310321599e-09
6.402719940807305e-09
6.397147763474861e-09
6.391555736256388e-09
6.385943728264311e-09
6.380311053766912e-09
6.374658374786624e-09
6.3689857465761525e-09
6.363293754488387e-09
6.357582043292283e-09
6.351851570491797e-09
6.346102103875252e-09
6.340332688246216e-09
6.334543981489635e-09
6.328737119912471e-09
6.322910544403508e-09
6.317065196367067e-09
6.311203771569235e-09
6.3053249256309194e-09
6.2994268606999405e-09
6.293510671115411e-09
6.287576579796048e-09
6.2816245146395945e-09
6.275654229294796e-09
6.269666762523975e-09
6.263660849269869e-09
6.2576379963425325e-09
6.251599573411031e-09
6.245548522354022e-09
6.239482820464199e-09
6.233401692131891e-09
6.2273045004673376e-09
6.221192586790589e-09
6.215065499410177e-09
6.208923466357931e-09
6.202767099445955e-09
6.1965966571706505e-09
6.190410259484731e-09
6.1842080311921085e-09
6.1779945547427756e-09
6.171767793193125e-09
6.165528049475222e-09
6.1592756632078676e-09
6.153008045522848e-09
6.146725632975477e-09
6.140429494140323e-09
6.134118218567306e-09
6.127792402677365e-09
6.121454664682061e-09
6.115103258378946e-09
6.108737186787455e-09
6.1023589895475804e-09
6.095968505780999e-09
6.089564284042533e-09
6.0831480430587625e-09
6.07672083635486e-09
6.070282169065715e-09
6.063831512944523e-09
6.057370426891799e-09
6.050898420454532e-09
6.044415103749057e-09
6.037922350800796e-09
6.031420803951766e-09
6.024908313324754e-09
6.018387763118121e-09
6.011861987821242e-09
6.00532746991476e-09
5.99878450653287e-09
5.99223204367626e-09
5.9856704076778696e-09
5.9790998060526895e-09
5.972519784329774e-09
5.965930712877636e-09
5.959333815322714e-09
5.9527281226482314e-09
5.946116103151287e-09
5.939497618447081e-09
5.932872746648087e-09
5.926240140165371e-09
5.919599230690906e-09
5.912949682530463e-09
5.90629115871153e-09
5.899624218233345e-09
5.892949418255996e-09
5.886266396954906e-09
5.879574738788929e-09
5.872873835119285e-09
5.866163184426258e-09
5.85944383695971e-09
5.852715666055014e-09
5.845979426318639e-09
5.839234105428887e-09
5.832480145276082e-09
5.825720594724463e-09
5.818955050211334e-09
5.81218224316393e-09
5.805400783072142e-09
5.798610518703861e-09
5.791813919878856e-09
5.785009867491921e-09
5.778197650141099e-09
5.771377722730149e-09
5.7645516188462655e-09
5.757718474928224e-09
5.750878736022395e-09
5.744031682900424e-09
5.7371788485958835e-09
5.730320165127361e-09
5.723455145738529e-09
5.716583841545807e-09
5.709708752124476e-09
5.702827950417464e-09
5.695939676598506e-09
5.689045562119597e-09
5.6821449360574405e-09
5.675237488166603e-09
5.6683230133327885e-09
5.661401298011446e-09
5.65447366122579e-09
5.64754012314958e-09
5.640600444320552e-09
5.633657482962484e-09
5.626711260780976e-09
5.619760317632282e-09
5.612802575739967e-09
5.605838426649486e-09
5.598869052070321e-09
5.591893874644187e-09
5.584911890036984e-09
5.5779254824201875e-09
5.570933572227746e-09
5.563936342995451e-09
5.556933826208857e-09
5.549928833908523e-09
5.542919334666816e-09
5.535903276356424e-09
5.52888177460254e-09
5.521857944854707e-09
5.514829120824046e-09
5.507794037894213e-09
5.500754216215361e-09
5.493710317303456e-09
5.48666159008249e-09
5.479610520664831e-09
5.4725551314050585e-09
5.465495669250527e-09
5.458431728793996e-09
5.451364225994975e-09
5.444292284575013e-09
5.437215500281181e-09
5.430134580359281e-09
5.4230507973137405e-09
5.4159623109557325e-09
5.408869363039806e-09
5.401771186745801e-09
5.394668749908887e-09
5.387563168629127e-09
5.380454633385626e-09
5.373343308247221e-09
5.366229713734704e-09
5.359112879116111e-09
5.351992499525909e-09
5.344868318761414e-09
5.337743679524066e-09
5.330616574906937e-09
5.323485406296111e-09
5.316352503795983e-09
5.3092174172115924e-09
5.302079817777985e-09
5.294941298709723e-09
5.287799484980949e-09
5.280655353944604e-09
5.273510187957825e-09
5.2663628612796214e-09
5.259212165226637e-09
5.252059955442059e-09
5.244909631913132e-09
5.237757763353176e-09
5.23060324493891e-09
5.223447472609427e-09
5.21629181625011e-09
5.209136035507258e-09
5.20197909616717e-09
5.194821057972687e-09
5.187663400745749e-09
5.180505079615175e-09
5.173344993790083e-09
5.166182664554479e-09
5.159020166788281e-09
5.151856034466608e-09
5.144690643492417e-09
5.1375244020094e-09
5.130357221200105e-09
5.123190213880036e-09
5.116022183494357e-09
5.1088526367538934e-09
5.101681316838279e-09
5.09450982284379e-09
5.0873361525139565e-09
5.080162494819458e-09
5.07298967267978e-09
5.065816881855198e-09
5.058643148700073e-09
5.051468234409931e-09
5.044290764844568e-09
5.037111801279829e-09
5.029932624158828e-09
5.022754404426724e-09
5.015574751090391e-09
5.0083926349605896e-09
5.001209916621526e-09
4.994027910696279e-09
4.9868443629232274e-09
4.979661177959523e-09
4.972476954000578e-09
4.96529119107307e-09
4.958104103548251e-09
4.950916152517423e-09
4.9437262752181915e-09
4.936536419951463e-09
4.929345557130229e-09
4.922153185854565e-09
4.914960853013465e-09
4.9077708296934e-09
4.9005806536717016e-09
4.8933901826935046e-09
4.886201269701035e-09
4.879013768008129e-09
4.871827520199344e-09
4.864642223500632e-09
4.857457421045066e-09
4.850272941348653e-09
4.843091866250834e-09
4.835913414353972e-09
4.8287362235846365e-09
4.8215607585246e-09
4.814386483437638e-09
4.8072133958727904e-09
4.8000434695970855e-09
4.79287786309807e-09
4.785713763674562e-09
4.778551941109541e-09
4.771393225656897e-09
4.764237597737708e-09
4.757085444947669e-09
4.749937038930249e-09
4.742791296746938e-09
4.735647618665509e-09
4.728506075015784e-09
4.721368012065824e-09
4.714232283314841e-09
4.707098914237291e-09
4.6999676109717265e-09
4.69283973889791e-09
4.685714871787883e-09
4.6785953397232984e-09
4.671479584909734e-09
4.664367665643673e-09
4.657260495196936e-09
4.650155937186517e-09
4.643053402319672e-09
4.63595193384569e-09
4.6288516745103975e-09
4.621753568458377e-09
4.6146577750492826e-09
4.607564158092825e-09
4.600473653577873e-09
4.59338756291193e-09
4.586304832654341e-09
4.579224635520322e-09
4.572147718543656e-09
4.565075010843513e-09
4.5580042126893425e-09
4.550935025319253e-09
4.543867636586965e-09
4.5368027879390684e-09
4.529742184126361e-09
4.522685290308299e-09
4.515631551511873e-09
4.50857922224552e-09
4.501528826938415e-09
4.494479964238047e-09
4.487432479119329e-09
4.48038696952944e-09
4.473344015580904e-09
4.466305159522043e-09
4.459270612840688e-09
4.452238794995888e-09
4.445209315078676e-09
4.438182325460296e-09
4.4311581504301935e-09
4.424136473968866e-09
4.4171171188920285e-09
4.410099055370027e-09
4.403084165889146e-09
4.39607201670073e-09
4.389063804318447e-09
4.382058027776367e-09
4.375055123583959e-09
4.368055080331195e-09
4.361058975591932e-09
4.354066241674045e-09
4.347075955708625e-09
4.340089727078335e-09
4.33310626755319e-09
4.3261261289035615e-09
4.319149537640407e-09
4.312177808157806e-09
4.305209681328228e-09
4.298244743681977e-09
4.2912839872844635e-09
4.284326855970698e-09
4.277374267572188e-09
4.270429466447184e-09
4.263489473399528e-09
4.256553802884642e-09
4.249623574458596e-09
4.242700479183846e-09
4.2357817134925365e-09
4.2288690621138556e-09
4.221960996170488e-09
4.215058678181502e-09
4.208163347523706e-09
4.201274840087303e-09
4.194391127205642e-09
4.1875130006306635e-09
4.180640787745134e-09
4.173774812316883e-09
4.16691499354022e-09
4.160060156029048e-09
4.15321069431571e-09
4.1463673367182934e-09
4.1395305979851215e-09
4.132699922223458e-09
4.125875444344168e-09
4.119057459077251e-09
4.112244694797247e-09
4.105437791009363e-09
4.09863746998484e-09
4.091844210600032e-09
4.08505642450344e-09
4.078274149860479e-09
4.071498926078096e-09
4.064730633186167e-09
4.057969877103343e-09
4.05121560893998e-09
4.044468157954366e-09
4.037729480867684e-09
4.030998922641212e-09
4.024277324528936e-09
4.017563246458904e-09
4.010857194617311e-09
4.0041582576481415e-09
3.997466009385134e-09
3.990781829376936e-09
3.9841049262609875e-09
3.977434215219772e-09
3.970771371465114e-09
3.96411991419382e-09
3.9574766816795815e-09
3.950841381061294e-09
3.944212217147582e-09
3.9375905429823995e-09
3.93097649230835e-09
3.924371451882022e-09
3.917773988441684e-09
3.911183191028579e-09
3.904600275434199e-09
3.898024451106505e-09
3.891456060808255e-09
3.8848935248807165e-09
3.878337826526978e-09
3.871789160078943e-09
3.865246859892955e-09
3.8587111487236774e-09
3.852180918089245e-09
3.845655814231378e-09
3.839137574881401e-09
3.8326244774487674e-09
3.826116518398508e-09
3.819615277233446e-09
3.813120413265056e-09
3.806630805788968e-09
3.800146567821895e-09
3.793668319570747e-09
3.7871960224439154e-09
3.780729723293028e-09
3.77427022040457e-09
3.767816367777986e-09
3.761366621307791e-09
3.7549211235147555e-09
3.748481876627191e-09
3.742047703035754e-09
3.735619608758556e-09
3.729197046470909e-09
3.722779369668793e-09
3.7163700633441704e-09
3.7099668122725135e-09
3.703568158409349e-09
3.697173410319814e-09
3.690783283126738e-09
3.6843992333709664e-09
3.6780205397159578e-09
3.67164622873433e-09
3.6652758065928523e-09
3.658909969958996e-09
3.6525497975993276e-09
3.646195726905184e-09
3.6398465789029464e-09
3.633503405637629e-09
3.6271665229222862e-09
3.620835159077061e-09
3.6145094333261097e-09
3.6081883708573476e-09
3.601872922146519e-09
3.5955628004730352e-09
3.5892578799030165e-09
3.582958958716314e-09
3.576666248569875e-09
3.5703789442454566e-09
3.5640966265734442e-09
3.5578198785489543e-09
3.551551289201736e-09
3.5452883884984434e-09
3.539031624365891e-09
3.5327805906044083e-09
3.5265370665023773e-09
3.5203009866232932e-09
3.5140707446143237e-09
3.5078462901857164e-09
3.501627813810848e-09
3.4954177767273355e-09
3.4892155195100005e-09
3.483021070640353e-09
3.4768326867855187e-09
3.4706502149179495e-09
3.4644739868785954e-09
3.4583050975469226e-09
3.4521442729552713e-09
3.4459893910203575e-09
3.4398405782549844e-09
3.433698486696238e-09
3.427564138032109e-09
3.4214383002963424e-09
3.4153204773580106e-09
3.4092119020305798e-09
3.403112841493057e-09
3.39702283518096e-09
3.3909400278961623e-09
3.38486511934672e-09
3.3787976935108194e-09
3.3727385278106994e-09
3.366689418651121e-09
3.3606500108806812e-09
3.3546186906151555e-09
3.348595677367317e-09
3.3425815172250216e-09
3.3365759790694842e-09
3.330579913501696e-09
3.324593008711458e-09
3.3186148189780456e-09
3.3126462018104094e-09
3.3066886369914565e-09
3.300740015721111e-09
3.2948004260960606e-09
3.288869810378438e-09
3.2829479820435346e-09
3.2770357335899484e-09
3.2711326442084222e-09
3.265239686086841e-09
3.2593557000680514e-09
3.2534807073191373e-09
3.2476144146563574e-09
3.241756693461624e-09
3.2359089042122857e-09
3.2300697262325373e-09
3.2242385452089153e-09
3.2184151605539075e-09
3.2126011118557094e-09
3.2067958816858412e-09
3.200998956193126e-09
3.195210053536423e-09
3.189429921015742e-09
3.183658009971938e-09
3.1778934953062e-09
3.1721367586777276e-09
3.1663884657330664e-09
3.1606484577034803e-09
3.154916360148059e-09
3.1491919206068696e-09
3.14347646259419e-09
3.137770176135827e-09
3.1320726913450384e-09
3.1263842015573377e-09
3.1207047216372226e-09
3.115033862374846e-09
3.1093716124314465e-09
3.103718480169897e-09
3.0980745565467863e-09
3.092440376747062e-09
3.086815924458084e-09
3.081200138128297e-09
3.0755935588603075e-09
3.0699962038184977e-09
3.064407956575557e-09
3.058828522431771e-09
3.0532579949756806e-09
3.0476971326364214e-09
3.0421472104995626e-09
3.036608145477772e-09
3.031079095418165e-09
3.025558661321303e-09
3.0200467573749264e-09
3.014543968320028e-09
3.0090505719588298e-09
3.003566690818514e-09
2.998091864366604e-09
2.992625140974363e-09
2.98716698638783e-09
2.9817168208610923e-09
2.976275563740566e-09
2.9708429557923783e-09
2.965420817779528e-09
2.9600077648709415e-09
2.9546028464442895e-09
2.9492063141338553e-09
2.943817907835627e-09
2.9384381175985354e-09
2.93306686592291e-09
2.927704398401298e-09
2.92234958497966e-09
2.9170027628253008e-09
2.911664367912764e-09
2.9063340474716942e-09
2.901011552024757e-09
2.895696878579826e-09
2.8903889050507144e-09
2.8850877016273675e-09
2.8797933859176503e-09
2.8745060474764968e-09
2.869225466380272e-09
2.863952151280326e-09
2.8586869809002996e-09
2.853429995059461e-09
2.8481815849262514e-09
2.8429403348233776e-09
2.837706053055044e-09
2.8324789406299944e-09
2.8272584786621035e-09
2.8220446019054487e-09
2.8168389152698385e-09
2.8116404096424996e-09
2.806448857357565e-09
2.801263669036061e-09
2.796084969180454e-09
2.790914495728013e-09
2.7857506603955895e-09
2.780593986307441e-09
2.775444572948885e-09
2.7703012953525174e-09
2.7651645438555128e-09
2.7600346035129805e-09
2.754911680294052e-09
2.749796339557558e-09
2.7446887874640695e-09
2.7395887604520723e-09
2.7344953509728725e-09
2.7294091992119224e-09
2.7243309858889412e-09
2.7192606381927414e-09
2.7141977978426684e-09
2.7091414760209477e-09
2.704091771390497e-09
2.6990483449384554e-09
2.69401172290763e-09
2.6889820695471805e-09
2.6839589600836447e-09
2.67894205354856e-09
2.6739323206541903e-09
2.6689292544481497e-09
2.6639333980647243e-09
2.6589441067314105e-09
2.6539618163517832e-09
2.648986311442741e-09
2.644017714058398e-09
2.6390559243687935e-09
2.6341018364552657e-09
2.6291556234776286e-09
2.624219657504302e-09
2.6192909886096893e-09
2.6143688609745745e-09
2.6094535636684034e-09
2.6045449708495598e-09
2.5996428632399708e-09
2.5947485728524397e-09
2.5898618491411977e-09
2.584982271995288e-09
2.5801096679826302e-09
2.575244420384172e-09
2.570387394734244e-09
2.5655378723116427e-09
2.5606961637390238e-09
2.555862474847059e-09
2.5510359643795616e-09
2.5462167232231545e-09
2.5414042958401625e-09
2.5365983543060554e-09
2.5317990852603152e-09
2.527006170494029e-09
2.522220015985451e-09
2.5174411815966536e-09
2.512669512655524e-09
2.5079040497634864e-09
2.5031452906548577e-09
2.498394508247929e-09
2.493651462015363e-09
2.4889175790917926e-09
2.484192380906761e-09
2.479474193015256e-09
2.474763384439738e-09
2.470059461633645e-09
2.465363240691176e-09
2.4606734939973515e-09
2.4559899813793384e-09
2.4513132398200678e-09
2.4466433532995147e-09
2.441980091201473e-09
2.4373251531370506e-09
2.432678935442943e-09
2.4280403437808255e-09
2.42340964561342e-09
2.4187870080694e-09
2.4141723573159378e-09
2.409566696464498e-09
2.4049693402239817e-09
2.4003792893098674e-09
2.395796741650314e-09
2.3912218726498427e-09
2.3866545710908896e-09
2.3820955635192043e-09
2.3775446570772157e-09
2.3730020633548957e-09
2.368468588749867e-09
2.36394515328528e-09
2.359430191728298e-09
2.3549240311688152e-09
2.3504258117623193e-09
2.3459362915073076e-09
2.341455769356541e-09
2.3369839525087105e-09
2.3325207326159213e-09
2.3280660235712823e-09
2.323620008929905e-09
2.3191824034350575e-09
2.3147538732379284e-09
2.3103339685194968e-09
2.3059231935267786e-09
2.301520524769835e-09
2.2971266889477186e-09
2.2927420097777917e-09
2.2883659655741144e-09
2.2839987102388925e-09
2.2796393499041e-09
2.2752879771577214e-09
2.2709452117874317e-09
2.2666103245680186e-09
2.26228447188097e-09
2.2579668901595907e-09
2.2536590853697334e-09
2.2493596179375026e-09
2.2450679933216917e-09
2.240784089039583e-09
2.2365078602810137e-09
2.232239489463284e-09
2.227979116756094e-09
2.2237272799347553e-09
2.21948350501741e-09
2.215247848586131e-09
2.2110217347038136e-09
2.206804345023437e-09
2.2025954451828447e-09
2.1983951315554286e-09
2.1942031275402393e-09
2.1900188890608457e-09
2.1858431598478016e-09
2.1816752118703396e-09
2.177515079675793e-09
2.1733635611626257e-09
2.169220416239094e-09
2.1650860798495676e-09
2.160960623239272e-09
2.15684309287469e-09
2.152733630812717e-09
2.1486339568642974e-09
2.1445432379829826e-09
2.140460513468949e-09
2.1363859240220643e-09
2.13231959314837e-09
2.128261263612348e-09
2.124210631481425e-09
2.120168066718206e-09
2.1161333799479484e-09
2.112106850882449e-09
2.108088582606158e-09
2.1040783569550768e-09
2.1000764407699653e-09
2.0960826151513764e-09
2.0920972562640136e-09
2.0881202334769346e-09
2.084151350237586e-09
2.0801900888382867e-09
2.076236167861438e-09
2.072289917034222e-09
2.068351323749121e-09
2.064420064918729e-09
2.060496830808095e-09
2.0565816693514905e-09
2.0526751057061533e-09
2.0487763753281038e-09
2.0448851052285777e-09
2.041001239931634e-09
2.0371248415270442e-09
2.033255317955052e-09
2.029393292646934e-09
2.0255385701249664e-09
2.0216916562307586e-09
2.0178518693691018e-09
2.0140209775199407e-09
2.010197651482776e-09
2.006381283664942e-09
2.002571834029583e-09
1.998769313856802e-09
1.9949735409707898e-09
1.99118552359229e-09
1.987404584496324e-09
1.9836313729572255e-09
1.9798651032529885e-09
1.9761053218959194e-09
1.9723521236706624e-09
1.96860622251402e-09
1.9648679241333825e-09
1.9611368386037337e-09
1.957413409486473e-09
1.9536965376332025e-09
1.9499862276738756e-09
1.9462827930925453e-09
1.94258620045613e-09
1.9388969104044033e-09
1.9352149843560123e-09
1.9315415292709645e-09
1.9278755083920926e-09
1.924217381858677e-09
1.9205664046256442e-09
1.916922964443358e-09
1.9132869213730702e-09
1.9096577466715856e-09
1.906035727250025e-09
1.902420665992235e-09
1.8988127381064787e-09
1.895212168235891e-09
1.8916188189273484e-09
1.888032976597798e-09
1.884454927986932e-09
1.880884510178581e-09
1.877321513206842e-09
1.8737650790763613e-09
1.870215728031768e-09
1.866673921019894e-09
1.8631392022909693e-09
1.8596116987205841e-09
1.856090958592651e-09
1.8525768240025085e-09
1.8490693285069173e-09
1.8455682835637131e-09
1.8420752726919428e-09
1.8385892636129305e-09
1.8351096710704578e-09
1.83163697425983e-09
1.8281707408519752e-09
1.8247123293978808e-09
1.8212621566770263e-09
1.81781884609675e-09
1.814382490434102e-09
1.8109531387516372e-09
1.8075306472665683e-09
1.8041149550469896e-09
1.800705818349835e-09
1.7973038628490412e-09
1.7939083787643697e-09
1.7905196240601274e-09
1.787138606881935e-09
1.7837644234437542e-09
1.7803975543114738e-09
1.7770383525170159e-09
1.7736858052729625e-09
1.7703401761076155e-09
1.7670008649677474e-09
1.7636685861078237e-09
1.7603435815111605e-09
1.7570257084343537e-09
1.7537147360062543e-09
1.750410097935858e-09
1.7471120034806825e-09
1.7438209780602409e-09
1.7405375438083562e-09
1.7372611247202655e-09
1.7339909566139308e-09
1.730727298316905e-09
1.7274704374505827e-09
1.7242200428126366e-09
1.7209767687072777e-09
1.717739909308342e-09
1.7145092416447486e-09
1.71128559237985e-09
1.7080693818638104e-09
1.704859417445144e-09
1.7016559266963018e-09
1.6984587703727527e-09
1.6952683827069516e-09
1.6920849682478512e-09
1.6889079700978755e-09
1.6857372311901763e-09
1.6825728060684151e-09
1.6794151924311416e-09
1.676263678591882e-09
1.673118499095625e-09
1.6699801243763547e-09
1.666848710752959e-09
1.6637233073171213e-09
1.6606047164593454e-09
1.6574927128634661e-09
1.6543869751764746e-09
1.651287553473818e-09
1.6481943495666285e-09
1.6451069228944078e-09
1.6420254986547191e-09
1.6389498779128472e-09
1.6358799128056924e-09
1.6328156287916365e-09
1.6297574091643458e-09
1.6267058241325346e-09
1.6236600518368343e-09
1.6206211471376812e-09
1.6175890264113218e-09
1.6145632285457466e-09
1.6115436419771934e-09
1.6085307365027559e-09
1.6055238821837845e-09
1.6025234446604789e-09
1.599529760985531e-09
1.5965431387858243e-09
1.593563493976831e-09
1.5905908745333248e-09
1.5876243899585664e-09
1.584664375068133e-09
1.5817109747064812e-09
1.578763261730436e-09
1.5758217419940032e-09
1.5728860888680708e-09
1.5699567030913752e-09
1.5670342071759142e-09
1.5641176063995784e-09
1.5612069365269764e-09
1.558302026238142e-09
1.555402767328302e-09
1.5525097240788043e-09
1.5496224781183177e-09
1.5467409225168057e-09
1.5438650625073365e-09
1.5409958609828987e-09
1.5381327750244885e-09
1.5352753481175086e-09
1.5324238303992967e-09
1.529579123460988e-09
1.5267413803902987e-09
1.523909629267565e-09
1.5210839643052966e-09
1.518264010900627e-09
1.5154495273873084e-09
1.5126405142420267e-09
1.5098373928562282e-09
1.5070398371328531e-09
1.504247732033088e-09
1.5014608765840066e-09
1.4986792599563874e-09
1.4959029751675302e-09
1.4931325789996941e-09
1.4903681844633415e-09
1.4876093752857992e-09
1.4848559419474831e-09
1.4821081099513872e-09
1.4793659380279645e-09
1.4766291285034768e-09
1.4738980171769133e-09
1.471172128493135e-09
1.4684521083759129e-09
1.4657374619764933e-09
1.463028067381944e-09
1.4603237165568562e-09
1.4576244815205328e-09
1.4549317595527087e-09
1.4522449116514896e-09
1.4495636075682485e-09
1.4468880498051605e-09
1.4442174567296513e-09
1.441551921207774e-09
1.4388918333639358e-09
1.4362374299474855e-09
1.4335889067147917e-09
1.4309457340731793e-09
1.4283079107200847e-09
1.4256759844220017e-09
1.4230501211292586e-09
1.420429816536867e-09
1.4178147446269782e-09
1.4152054366089988e-09
1.4126025503348012e-09
1.410005773413032e-09
1.4074147296789195e-09
1.4048291248064837e-09
1.402248838684708e-09
1.3996742094877346e-09
1.39710493023174e-09
1.3945408773784333e-09
1.391982699624793e-09
1.3894305176264328e-09
1.386884069138114e-09
1.3843436988025917e-09
1.3818090619776269e-09
1.3792802090746375e-09
1.376756678978707e-09
1.374239138524421e-09
1.37172717378769e-09
1.3692206944213349e-09
1.3667202488162854e-09
1.3642261648780991e-09
1.3617377208019089e-09
1.3592545583893905e-09
1.3567771085531826e-09
1.354305646794521e-09
1.3518398275725916e-09
1.3493798871791378e-09
1.346925936119467e-09
1.3444778305626257e-09
1.342035179272174e-09
1.339598224374617e-09
1.3371669888760178e-09
1.3347421911812597e-09
1.3323232603496625e-09
1.3299095708579951e-09
1.3275012706675084e-09
1.3250987717801378e-09
1.3227019230343219e-09
1.320310728695717e-09
1.3179248196143822e-09
1.3155441389937613e-09
1.3131687737483305e-09
1.3107989575072432e-09
1.3084344903775256e-09
1.3060753029036615e-09
1.3037215964594838e-09
1.3013737309595703e-09
1.299031705885469e-09
1.2966967109540227e-09
1.2943674432425825e-09
1.2920435008359745e-09
1.2897254921296092e-09
1.287413051673279e-09
1.2851062255178986e-09
1.2828048490929357e-09
1.2805088496952166e-09
1.2782186068603367e-09
1.2759337724650042e-09
1.2736544615474854e-09
1.2713810242626437e-09
1.269112719421653e-09
1.2668497019736762e-09
1.2645918588870633e-09
1.2623397210976468e-09
1.2600928324490828e-09
1.2578527596078025e-09
1.255618784586897e-09
1.2533905676752575e-09
1.2511676284723003e-09
1.2489500202224345e-09
1.2467377675704814e-09
1.2445306037479643e-09
1.2423287869560616e-09
1.2401323243385438e-09
1.2379414034365295e-09
1.2357560829347599e-09
1.2335761516920374e-09
1.2314020366139247e-09
1.2292335108899612e-09
1.227070181421936e-09
1.2249119042783062e-09
1.2227592016241865e-09
1.2206119187105405e-09
1.2184698236662806e-09
1.2163336905899772e-09
1.2142033796023312e-09
1.2120786895291377e-09
1.2099591100551618e-09
1.2078449322292049e-09
1.2057362101510695e-09
1.2036329429925465e-09
1.2015349209839341e-09
1.1994425617247274e-09
1.1973556109626697e-09
1.1952740680250094e-09
1.1931974883715322e-09
1.1911259181688732e-09
1.1890598182115597e-09
1.1869991127362091e-09
1.184943335218812e-09
1.1828928677078046e-09
1.1808481874011496e-09
1.178808536797411e-09
1.1767739257019091e-09
1.1747450354870926e-09
1.1727214739427773e-09
1.1707027939443515e-09
1.168689238756162e-09
1.166680785358415e-09
1.1646773558991752e-09
1.162679079836985e-09
1.1606864911310815e-09
1.158698812415664e-09
1.1567163642104761e-09
1.1547387768444931e-09
1.1527665533135018e-09
1.1507993905512687e-09
1.1488375396528093e-09
1.1468805606977712e-09
1.1449292218138389e-09
1.14298335130363e-09
1.141042877120279e-09
1.1391073173136014e-09
1.1371767969180735e-09
1.1352512737015285e-09
1.1333303408576272e-09
1.13141414189006e-09
1.1295029307005303e-09
1.1275966461089718e-09
1.1256949150451392e-09
1.1237976279480143e-09
1.1219051125442138e-09
1.1200181038194455e-09
1.1181366014464953e-09
1.116260838401084e-09
1.1143902870550385e-09
1.1125246028055423e-09
1.110663386353761e-09
1.1088068989895752e-09
1.106955132050464e-09
1.1051080003651606e-09
1.1032654801007229e-09
1.1014282730036877e-09
1.0995958961058365e-09
1.09776785373651e-09
1.095944159629177e-09
1.0941246253007688e-09
1.092309243916737e-09
1.0904981435802692e-09
1.0886916284921653e-09
1.0868895403176417e-09
1.085091856993194e-09
1.083298329495122e-09
1.0815091065345507e-09
1.079725069792897e-09
1.0779459321254628e-09
1.0761710469884287e-09
1.0744004892471309e-09
1.0726343584368384e-09
1.0708724800761917e-09
1.0691147353656568e-09
1.067361697679433e-09
1.0656127579365172e-09
1.063867924118122e-09
1.0621274475002595e-09
1.0603911609050672e-09
1.0586590447157176e-09
1.0569312537321227e-09
1.0552075302355375e-09
1.0534880997061404e-09
1.0517731467902745e-09
1.0500625163449557e-09
1.0483560495015135e-09
1.046654041958905e-09
1.0449568357543064e-09
1.0432639294399786e-09
1.0415754110498825e-09
1.0398918129735168e-09
1.0382124562782198e-09
1.0365371785550566e-09
1.0348660869321008e-09
1.0331994159435026e-09
1.0315368219342573e-09
1.029878287802728e-09
1.0282239146265914e-09
1.0265736678168868e-09
1.0249277172946879e-09
1.0232869789372146e-09
1.0216505711461768e-09
1.0200183859536302e-09
1.0183910753972144e-09
1.0167685065751732e-09
1.015149959812554e-09
1.013535738800804e-09
1.0119260679237637e-09
1.010320293691267e-09
1.0087185351231566e-09
1.007121096360461e-09
1.0055279796102392e-09
1.003938922020726e-09
1.0023536794970184e-09
1.0007727735494897e-09
9.991967961373315e-10
9.976251515445e-10
9.960572923024271e-10
9.94493868223292e-10
9.929349984146727e-10
9.913802640371185e-10
9.8982953624105e-10
9.882828628986344e-10
9.867402373166442e-10
9.852016673014786e-10
9.836668461502516e-10
9.821358655544122e-10
9.806095568258008e-10
9.79087536956139e-10
9.775691651838563e-10
9.76054442426278e-10
9.745432120386262e-10
9.730355850185355e-10
9.715317831648198e-10
9.700318982786181e-10
9.685354299996757e-10
9.670424173471977e-10
9.655527067665178e-10
9.64066440378977e-10
9.625835637073345e-10
9.611039520484093e-10
9.596277763108545e-10
9.581554564385298e-10
9.566867432265707e-10
9.552213730792915e-10
9.537592159148902e-10
9.523007738602514e-10
9.508464444835393e-10
9.493958341262936e-10
9.479484268410697e-10
9.465045364843002e-10
9.450641699425378e-10
9.436269423333166e-10
9.421930719433224e-10
9.40762870193186e-10
9.393360674529581e-10
9.37912630674369e-10
9.364925739383209e-10
9.350762660291103e-10
9.336633602233881e-10
9.322536278959739e-10
9.308470666212141e-10
9.294441638616439e-10
9.28045109484255e-10
9.266495974628507e-10
9.252575346043908e-10
9.238687117834316e-10
9.224829908962177e-10
9.211005894290763e-10
9.197215070033262e-10
9.18345648184439e-10
9.169728962744662e-10
9.156032831707453e-10
9.142369661128238e-10
9.128739455411017e-10
9.115140554597698e-10
9.101573867089149e-10
9.08803992995411e-10
9.074538667346636e-10
9.06106826829015e-10
9.047628744799797e-10
9.034221408688269e-10
9.020848921835842e-10
9.007509835427584e-10
8.994206411246554e-10
8.980939854798816e-10
8.967707209440694e-10
8.95451261914978e-10
8.941354854728926e-10
8.928226780487451e-10
8.915129038559316e-10
8.902063803485715e-10
8.889029344111542e-10
8.876035808089412e-10
8.863076124217723e-10
8.850147599162142e-10
8.83725529397157e-10
8.824394455414776e-10
8.811570454292639e-10
8.79877933311494e-10
8.786018140500109e-10
8.773288764694187e-10
8.760591310744646e-10
8.747925865981895e-10
8.735291757191278e-10
8.722686349697138e-10
8.710108717492569e-10
8.697559132305422e-10
8.685039678281119e-10
8.672553908249805e-10
8.660102943623371e-10
8.647683782933652e-10
8.635295904159272e-10
8.622937341169044e-10
8.610607269737034e-10
8.598303787102261e-10
8.586028977830541e-10
8.573783500912992e-10
8.56156772095347e-10
8.549379017400532e-10
8.537215444296764e-10
8.525076895649579e-10
8.512964221502695e-10
8.500878393180703e-10
8.488817773017014e-10
8.476784003618657e-10
8.464779572443494e-10
8.452804433168395e-10
8.440857154006724e-10
8.428936452395292e-10
8.417041938020751e-10
8.405175703692011e-10
8.39333412201956e-10
8.381517737523595e-10
8.369727834386487e-10
8.35796188342646e-10
8.346220819417525e-10
8.334503317117429e-10
8.322808904566014e-10
8.311138952740186e-10
8.2994922530419e-10
8.287870883854091e-10
8.276275529875997e-10
8.264704688260936e-10
8.253160884527161e-10
8.241644469110673e-10
8.230153111696598e-10
8.218684540024546e-10
8.207240805163664e-10
8.195821921138873e-10
8.184429451537459e-10
8.173061307732168e-10
8.161719813226521e-10
8.150403830506222e-10
8.139117044256715e-10
8.127857798142698e-10
8.116622789948971e-10
8.105412239180926e-10
8.094225568567632e-10
8.083062173941862e-10
8.071921491858292e-10
8.060803947717226e-10
8.049709768215773e-10
8.038638912471478e-10
8.027591095096484e-10
8.016566036144018e-10
8.005567195482742e-10
7.994594552478159e-10
7.983647088530248e-10
7.972725661857869e-10
7.961829757508324e-10
7.950959199830021e-10
7.940113255272857e-10
7.929291067618769e-10
7.918492150758214e-10
7.907718054839051e-10
7.896969683309573e-10
7.886250104213772e-10
7.875556029285812e-10
7.864891334819084e-10
7.854249109923275e-10
7.843630522469964e-10
7.833036560099316e-10
7.822465650425908e-10
7.811923470125e-10
7.801405797677669e-10
7.790912345701115e-10
7.780445654644225e-10
7.770002835965506e-10
7.759582468152112e-10
7.749185254041573e-10
7.738810920529924e-10
7.728458411562562e-10
7.718128446639102e-10
7.707820505316815e-10
7.697536685819926e-10
7.687276373465498e-10
7.677043509249733e-10
7.666834106617402e-10
7.656648297212324e-10
7.646488403400582e-10
7.636351360272986e-10
7.6262380787076e-10
7.616150157963989e-10
7.606083896154543e-10
7.596039792366356e-10
7.586019926619359e-10
7.576022543413059e-10
7.566050623858612e-10
7.556100796339647e-10
7.546171143301562e-10
7.536261586945552e-10
7.526372074593436e-10
7.516505371204974e-10
7.506659200775263e-10
7.496837073706764e-10
7.487038530060864e-10
7.47726021904488e-10
7.467502546246905e-10
7.457768494505036e-10
7.44805621918796e-10
7.438366132566293e-10
7.428699498712808e-10
7.419054008388791e-10
7.409430277798262e-10
7.399829078571801e-10
7.390248712171103e-10
7.38069145692314e-10
7.371154542053293e-10
7.361639269784888e-10
7.352148080318182e-10
7.342676061315938e-10
7.333222874321268e-10
7.323789752829006e-10
7.314378960687878e-10
7.304987102492405e-10
7.295613889165809e-10
7.28626262358093e-10
7.276933635990887e-10
7.267623976033494e-10
7.258335027200151e-10
7.249066127928183e-10
7.239815565366046e-10
7.230583321761559e-10
7.221369423748191e-10
7.212174171956339e-10
7.203000638622293e-10
7.193845696365126e-10
7.1847093090544e-10
7.175591398676742e-10
7.166492218456615e-10
7.157412081013713e-10
7.148350688523115e-10
7.139307958445894e-10
7.130286526239714e-10
7.12128853860235e-10
7.112312264368227e-10
7.103356319178398e-10
7.094419352136536e-10
7.085500741529883e-10
7.076601827240183e-10
7.067724593951719e-10
7.058866894679411e-10
7.050031351268551e-10
7.041216183845526e-10
7.032420608209787e-10
7.023643343735367e-10
7.014884460840506e-10
7.006146124846085e-10
6.997428694215773e-10
6.988732164793324e-10
6.980059834970556e-10
6.971407846398267e-10
6.962777700356606e-10
6.954168332526917e-10
6.945578456568841e-10
6.937009996830822e-10
6.928461281764841e-10
6.919933405641703e-10
6.911423873222377e-10
6.902933491121977e-10
6.894463746283685e-10
6.886013986582843e-10
6.877582053310593e-10
6.869171352363228e-10
6.860779017031196e-10
6.852404419049737e-10
6.844048371424155e-10
6.835710924606207e-10
6.827392677268667e-10
6.819094113152527e-10
6.810815618406223e-10
6.802555351301718e-10
6.794313125984419e-10
6.78609227348315e-10
6.777889443178786e-10
6.76970444312477e-10
6.761537795389459e-10
6.753392275802198e-10
6.745264686477833e-10
6.737157827637298e-10
6.729070926272914e-10
6.72100385064324e-10
6.712955755255447e-10
6.704926723433933e-10
6.696919031624242e-10
6.688927920598794e-10
6.680953755076346e-10
6.672997806676548e-10
6.66505947903242e-10
6.657138868226654e-10
6.649238325196478e-10
6.641354988994181e-10
6.633487938168314e-10
6.625636441606144e-10
6.617800415384591e-10
6.609979851332766e-10
6.602174963524457e-10
6.594386608735329e-10
6.586613557811065e-10
6.578855536938446e-10
6.57111349633482e-10
6.563387476207521e-10
6.555677859517538e-10
6.547986286167596e-10
6.540311799391114e-10
6.532654941152515e-10
6.525013555378002e-10
6.51738739586382e-10
6.509777358629238e-10
6.502184253989974e-10
6.49460695548132e-10
6.487046947755716e-10
6.479501557493143e-10
6.471969827705378e-10
6.464451671739371e-10
6.456947158210638e-10
6.449456248631261e-10
6.44197966475264e-10
6.434518312431265e-10
6.427073506372322e-10
6.419642816776041e-10
6.412225812966632e-10
6.404826147763866e-10
6.397441892696818e-10
6.390072688996042e-10
6.382718721232383e-10
6.375377444646685e-10
6.368050798111795e-10
6.360738391008147e-10
6.353439323871088e-10
6.346153553257089e-10
6.338880020415127e-10
6.331619917254359e-10
6.324373225113696e-10
6.317138619128194e-10
6.309916048512783e-10
6.302705465446665e-10
6.295507380767922e-10
6.288321739375736e-10
6.281148518614272e-10
6.273988288406112e-10
6.266840350746899e-10
6.259704283237244e-10
6.252580064520457e-10
6.245467673178433e-10
6.238367304116237e-10
6.231278823636206e-10
6.224202103014038e-10
6.217137122243995e-10
6.210083861899928e-10
6.203045237479084e-10
6.196022041608052e-10
6.189012779070907e-10
6.18201943967075e-10
6.17503800330023e-10
6.168070521584521e-10
6.161118258917715e-10
6.15417888520474e-10
6.147252197965894e-10
6.140339808407317e-10
6.133440318659555e-10
6.126553339861346e-10
6.119681800091442e-10
6.112822951871934e-10
6.105976750365497e-10
6.09914242419926e-10
6.092322510996732e-10
6.085517167664429e-10
6.078727259299824e-10
6.071948653211924e-10
6.065181709779801e-10
6.058426160255908e-10
6.05168288074001e-10
6.044951681632804e-10
6.038231440699277e-10
6.031522837432291e-10
6.0248260372912e-10
6.018140320772043e-10
6.011467339232092e-10
6.004810327464564e-10
5.998166082165172e-10
5.991532972946698e-10
5.98491107119765e-10
5.978300130457127e-10
5.971700370500463e-10
5.965113089696194e-10
5.958536793855674e-10
5.95197106258504e-10
5.945416704547114e-10
5.938873219678927e-10
5.932341943540055e-10
5.925822484389965e-10
5.919313751658309e-10
5.912816559270099e-10
5.906331367066938e-10
5.899856433552143e-10
5.893392527281828e-10
5.886941934603788e-10
5.880501461338844e-10
5.874072105151775e-10
5.86765274724659e-10
5.861244197864022e-10
5.85484631363224e-10
5.848459778198084e-10
5.842085806647707e-10
5.835721825865594e-10
5.8293686830691e-10
5.823026854989845e-10
5.816696780213542e-10
5.810377272680121e-10
5.804067599307746e-10
5.797770139151517e-10
5.791482726789314e-10
5.785205877069231e-10
5.778938753445717e-10
5.772683369470693e-10
5.766437547911824e-10
5.760202224760936e-10
5.753977873669324e-10
5.747763051893915e-10
5.741557632617209e-10
5.735361713468753e-10
5.729179224137649e-10
5.723006816251316e-10
5.716845097213657e-10
5.710693202555614e-10
5.704550308987787e-10
5.698416399675513e-10
5.692292740406214e-10
5.686180324601869e-10
5.680078539623552e-10
5.673986882310535e-10
5.667904812776369e-10
5.661832109769446e-10
5.655768630890356e-10
5.649716138391105e-10
5.643672441775095e-10
5.637637533885129e-10
5.631612458173928e-10
5.625597790825473e-10
5.619592469324214e-10
5.613596802579219e-10
5.607609789190351e-10
5.601632875183823e-10
5.595665309156017e-10
5.589706491307809e-10
5.583756630787452e-10
5.577817485771249e-10
5.571887132429567e-10
5.565965641572427e-10
5.560053805542503e-10
5.554151918095523e-10
5.548260625686493e-10
5.542379421962081e-10
5.536508093883544e-10
5.530647365639563e-10
5.524795707403377e-10
5.518953426422626e-10
5.513121729056871e-10
5.507299448308862e-10
5.501486398710935e-10
5.495683910805041e-10
5.489890422667086e-10
5.48410599518872e-10
5.478331600974261e-10
5.472566461048129e-10
5.466810168717156e-10
5.461063110456858e-10
5.455324930640183e-10
5.449595765170626e-10
5.443875796045167e-10
5.438164549806582e-10
5.432462457008427e-10
5.426769110331851e-10
5.42108643763094e-10
5.415417419108871e-10
5.409757635057676e-10
5.404107379153166e-10
5.398470889969145e-10
5.392845732502078e-10
5.38723009103529e-10
5.381623523950268e-10
5.376026827293287e-10
5.370440948554249e-10
5.364868239926398e-10
5.359307561748378e-10
5.353755301619562e-10
5.348211559100758e-10
5.342676433647763e-10
5.33714989800149e-10
5.331632872391695e-10
5.326125525248797e-10
5.320628331652482e-10
5.31514087187936e-10
5.309662679145785e-10
5.304193275476804e-10
5.298733802525281e-10
5.293283753590867e-10
5.287843067460566e-10
5.282411581828144e-10
5.276988481591657e-10
5.271575093548074e-10
5.266170713446197e-10
5.260775232208497e-10
5.255388150826263e-10
5.250009855893656e-10
5.244639882368804e-10
5.239279070351075e-10
5.233926888577854e-10
5.228582800961982e-10
5.223246761964901e-10
5.217919192498891e-10
5.212601672644907e-10
5.207292601788512e-10
5.201991855345674e-10
5.196701851909078e-10
5.191420998211798e-10
5.186149237040024e-10
5.180885135286198e-10
5.175628681549611e-10
5.170379865918755e-10
5.165138678814769e-10
5.159905426091414e-10
5.154681244769788e-10
5.149464932684237e-10
5.144256872756716e-10
5.13905698243717e-10
5.133865292384443e-10
5.128682325004965e-10
5.123508116778815e-10
5.118342723207445e-10
5.113185795738085e-10
5.108038535146893e-10
5.102899699000868e-10
5.097769100371962e-10
5.092646634012932e-10
5.087533683327566e-10
5.082428606885314e-10
5.077330817287504e-10
5.072241013006183e-10
5.067158400923981e-10
5.062084138020472e-10
5.057017626494245e-10
5.05195949283078e-10
5.046908693286067e-10
5.04186507373187e-10
5.036828638046e-10
5.031799267255784e-10
5.026778230082342e-10
5.021764748362407e-10
5.016758393387326e-10
5.011760156974497e-10
5.006770057168874e-10
5.001787173434483e-10
4.996811772699859e-10
4.991843765828614e-10
4.986882656849796e-10
4.981928717012666e-10
4.976981646016173e-10
4.972042734520385e-10
4.967111627305397e-10
4.962187279145039e-10
4.95727197211049e-10
4.952364023706008e-10
4.947463112694818e-10
4.942570000485794e-10
4.937684312159044e-10
4.932805427872301e-10
4.927933616347593e-10
4.923069544353007e-10
4.918212461448513e-10
4.913362757403077e-10
4.908519726786445e-10
4.903685268947856e-10
4.898858228279153e-10
4.894040289606786e-10
4.889229534173442e-10
4.884425586433349e-10
4.879628616507619e-10
4.874840402625425e-10
4.870059369278043e-10
4.865285732394513e-10
4.860519293770208e-10
4.855759447823932e-10
4.851006181993375e-10
4.84625948181427e-10
4.841519679933495e-10
4.836787603077898e-10
4.832062313520779e-10
4.82734461932499e-10
4.822634221317151e-10
4.817930972620498e-10
4.813234255275333e-10
4.808544517791634e-10
4.803861501591193e-10
4.799184992528693e-10
4.794515814600728e-10
4.789854157757677e-10
4.785199475522451e-10
4.780551969955134e-10
4.775910993125975e-10
4.771276730534039e-10
4.766649073672307e-10
4.762028782177501e-10
4.757415374129537e-10
4.752808689173838e-10
4.748208493835789e-10
4.743615390932384e-10
4.739029164807416e-10
4.734450827754333e-10
4.729880465372297e-10
4.725316947075575e-10
4.72075977566038e-10
4.716210456748552e-10
4.711670000667673e-10
4.707138913298244e-10
4.702614368593689e-10
4.698096898280003e-10
4.693586760103302e-10
4.68908272437529e-10
4.684586663691738e-10
4.68009784862074e-10
4.675615120160817e-10
4.671138798578143e-10
4.666668966273084e-10
4.662205859970549e-10
4.657750196629818e-10
4.653301055613534e-10
4.648858726300139e-10
4.64442395806673e-10
4.639995591984868e-10
4.6355732851157777e-10
4.6311581832939134e-10
4.626749457860405e-10
4.6223466042364225e-10
4.6179499604873927e-10
4.613560165178963e-10
4.609176818807234e-10
4.60479995339671e-10
4.600428888422458e-10
4.5960636118292555e-10
4.5917041133462753e-10
4.587350383098996e-10
4.583004150721808e-10
4.578664477993899e-10
4.574330769596183e-10
4.570003866926766e-10
4.565683617515895e-10
4.5613690006023874e-10
4.557059982694804e-10
4.5527568271355855e-10
4.5484593235539576e-10
4.54416890325199e-10
4.539885134050222e-10
4.535607488864806e-10
4.531335314908484e-10
4.5270685554542323e-10
4.522807205685141e-10
4.5185515714059537e-10
4.514302068926706e-10
4.5100586300514416e-10
4.5058205194250415e-10
4.501588331179545e-10
4.497362379384473e-10
4.4931433518615007e-10
4.488930751623986e-10
4.4847238855356996e-10
4.4805235286088536e-10
4.4763290527592326e-10
4.472140102390216e-10
4.467956444365528e-10
4.463778041375446e-10
4.4596050087661606e-10
4.455438040028327e-10
4.451276625651047e-10
4.4471203493351233e-10
4.4429694290894696e-10
4.4388259576452623e-10
4.4346889239203706e-10
4.430557985874962e-10
4.426432268904083e-10
4.4223121147718585e-10
4.4181969896872155e-10
4.41408725755835e-10
4.409982549159168e-10
4.4058829383239867e-10
4.401788425918544e-10
4.397699364526686e-10
4.3936153730276715e-10
4.3895363226390065e-10
4.385462197814177e-10
4.3813930225152083e-10
4.3773294012660786e-10
4.373270719507216e-10
4.3692169669276027e-10
4.365168326156489e-10
4.36112524741172e-10
4.357088304600211e-10
4.3530565307507105e-10
4.34903018346428e-10
4.3450091234364077e-10
4.340993056123247e-10
4.3369817262752694e-10
4.3329751148756715e-10
4.328973441795466e-10
4.324977337735572e-10
4.320986414647034e-10
4.3170001702441633e-10
4.3130188518034587e-10
4.3090436164666707e-10
4.3050748537041976e-10
4.3011116006040075e-10
4.2971531291024063e-10
4.293199471455337e-10
4.28925090036178e-10
4.285307147812734e-10
4.2813684875246095e-10
4.277434453337601e-10
4.2735052745804126e-10
4.269581063487901e-10
4.2656614694770816e-10
4.261747537108924e-10
4.2578392524803105e-10
4.253936741442717e-10
4.250039050107847e-10
4.2461462838999566e-10
4.2422589895170665e-10
4.2383774984801033e-10
4.234500454395935e-10
4.2306281512020657e-10
4.226760379926796e-10
4.2228971862857693e-10
4.219038370690256e-10
4.2151839795637385e-10
4.211334879717557e-10
4.2074901120552083e-10
4.2036497923666733e-10
4.199815028088733e-10
4.195984835822431e-10
4.19215889331358e-10
4.1883371897896885e-10
4.1845197205137873e-10
4.180706619427202e-10
4.1768986625120244e-10
4.173095053326922e-10
4.16929611986512e-10
4.1655015129707475e-10
4.1617111992328287e-10
4.157925418294073e-10
4.154143967070656e-10
4.1503667855682625e-10
4.146593922189747e-10
4.142825302308285e-10
4.139061255446926e-10
4.1353018873137247e-10
4.131547189982961e-10
4.127797217416063e-10
4.1240518640829126e-10
4.120310774953498e-10
4.116574126236894e-10
4.1128430765849433e-10
4.10911785043501e-10
4.105397581888731e-10
4.1016817170066246e-10
4.097970248327291e-10
4.094263646741565e-10
4.09056177258454e-10
4.086864628076425e-10
4.0831717560478356e-10
4.079483986475609e-10
4.075800543722277e-10
4.0721218410922744e-10
4.068447629085432e-10
4.064778110923041e-10
4.061113035884125e-10
4.0574520618209865e-10
4.053795196276338e-10
4.05014261591306e-10
4.046494112458534e-10
4.0428496335540133e-10
4.039209405935759e-10
4.03557337356057e-10
4.0319441035016606e-10
4.028319354255982e-10
4.0246989416419557e-10
4.0210830452225663e-10
4.017471657676237e-10
4.0138650743052903e-10
4.0102635437839906e-10
4.0066663298736796e-10
4.0030730526801823e-10
3.999483694591399e-10
3.995898197102562e-10
3.9923170072116067e-10
3.988740042448087e-10
3.985167300024563e-10
3.9815986034141647e-10
3.978034109969686e-10
3.9744738870464986e-10
3.9709177819564884e-10
3.9673666491149803e-10
3.96381955558052e-10
3.960276329000927e-10
3.956736962498093e-10
3.953201451340014e-10
3.949669791821366e-10
3.9461425772938844e-10
3.942620216044713e-10
3.939101662288574e-10
3.9355868996191623e-10
3.9320759329131805e-10
3.9285688126633714e-10
3.925065585172474e-10
3.921566503457929e-10
3.9180718342481577e-10
3.9145817703813244e-10
3.911095500909331e-10
3.9076134812568956e-10
3.9041359788413993e-10
3.9006626006763904e-10
3.8971930629531953e-10
3.8937274748917547e-10
3.8902659517619757e-10
3.8868084205130934e-10
3.8833549197741857e-10
3.8799052727777017e-10
3.876459494725192e-10
3.873017644137519e-10
3.869580102396775e-10
3.866146928912668e-10
3.862718143038999e-10
3.8592946566220034e-10
3.855874990411129e-10
3.8524591371051583e-10
3.8490478305897127e-10
3.845641367073873e-10
3.842238814275393e-10
3.8388402623844816e-10
3.8354457145505205e-10
3.832054879214695e-10
3.828667935319049e-10
3.825285323381728e-10
3.821906455446942e-10
3.8185312830916436e-10
3.815159833003944e-10
3.811792510566519e-10
3.80842963855224e-10
3.805070437334988e-10
3.8017150268570356e-10
3.798363400630457e-10
3.795016091926418e-10
3.7916733886414405e-10
3.7883343075014e-10
3.784998926111741e-10
3.7816671653245646e-10
3.778339267549183e-10
3.775015864742054e-10
3.7716964791346254e-10
3.7683807052694186e-10
3.7650686669826877e-10
3.7617605054725413e-10
3.7584560073556296e-10
3.7551557804029526e-10
3.7518592870106633e-10
3.7485664513488326e-10
3.7452775469081527e-10
3.7419927596653887e-10
3.7387118224162736e-10
3.735434572947937e-10
3.732161030313658e-10
3.72889111835083e-10
3.7256254750230497e-10
3.7223640385818605e-10
3.7191062720143677e-10
3.715852423616635e-10
3.7126027744870044e-10
3.7093573178228503e-10
3.706115439207956e-10
3.7028771524070617e-10
3.6996428105210387e-10
3.696412038660521e-10
3.6931848304899004e-10
3.6899612854743367e-10
3.6867417328233864e-10
3.683525876925758e-10
3.6803138330120407e-10
3.67710576144164e-10
3.673901248639131e-10
3.670700317684522e-10
3.6675036103431703e-10
3.664311659147216e-10
3.6611241922386963e-10
3.657940225936566e-10
3.6547597070808377e-10
3.6515828178175324e-10
3.6484100714266e-10
3.6452411007601186e-10
3.642075560873672e-10
3.638913430704269e-10
3.635754695885063e-10
3.632599493822145e-10
3.6294484018167936e-10
3.6263008254669127e-10
3.623156726207651e-10
3.620016796437412e-10
3.616880807322942e-10
3.613748156511994e-10
3.610618897820983e-10
3.6074930026219646e-10
3.6043704740897925e-10
3.601251314889411e-10
3.5981356485744626e-10
3.5950234732487523e-10
3.591915038050887e-10
3.588810350320937e-10
3.585709061791094e-10
3.582612010301114e-10
3.5795192354259387e-10
3.576430152635558e-10
3.573344424301591e-10
3.570262065310687e-10
3.567183046420994e-10
3.5641073632706217e-10
3.561035009428324e-10
3.557965999708586e-10
3.5549003398995584e-10
3.5518382577748266e-10
3.548780297432321e-10
3.545725792010616e-10
3.542674596797736e-10
3.5396266908356623e-10
3.5365820572791296e-10
3.5335406823373495e-10
3.530502907745694e-10
3.527468728821244e-10
3.524438017074355e-10
3.5214109307415035e-10
3.518387166581199e-10
3.5153667618035926e-10
3.51234965326034e-10
3.509336277721075e-10
3.5063272147884955e-10
3.503321324815618e-10
3.5003185872153637e-10
3.4973189836061734e-10
3.4943225156556747e-10
3.491329283073747e-10
3.488339375265153e-10
3.4853528541017917e-10
3.482369454898383e-10
3.479389169001938e-10
3.4764123845502063e-10
3.4734391612763167e-10
3.470469299857259e-10
3.467502963844724e-10
3.4645399350885587e-10
3.461579962536502e-10
3.458623038013582e-10
3.455669586230984e-10
3.452719440817011e-10
3.449772350336692e-10
3.446828543567211e-10
3.4438878909016013e-10
3.4409503982583615e-10
3.4380162871820905e-10
3.4350860046683055e-10
3.4321589104824993e-10
3.42923483621574e-10
3.426313752584151e-10
3.423395775480022e-10
3.4204807744335626e-10
3.417568942531559e-10
3.414660455036301e-10
3.4117549325333007e-10
3.408852247462946e-10
3.4059523813048913e-10
3.403055315294402e-10
3.400161030802345e-10
3.3972695098439935e-10
3.3943807465735685e-10
3.391494731079175e-10
3.388611661932843e-10
3.3857318260581053e-10
3.382854677975192e-10
3.3799802435993593e-10
3.37710865841392e-10
3.3742397743916774e-10
3.371374515749458e-10
3.3685124277292554e-10
3.3656529533387934e-10
3.3627960764120527e-10
3.3599417811038143e-10
3.3570900522797763e-10
3.3542408757954187e-10
3.35139436579066e-10
3.348550883044878e-10
3.3457098867302976e-10
3.342871372628244e-10
3.3400354326505955e-10
3.337202128222063e-10
3.334371409255813e-10
3.3315433089420725e-10
3.32871777105784e-10
3.325894770277875e-10
3.323074226427043e-10
3.320256339845437e-10
3.317442009139397e-10
3.3146300899613503e-10
3.3118204989121584e-10
3.3090134459941397e-10
3.306208818654142e-10
3.3034066669735666e-10
3.3006075195512655e-10
3.297810939242401e-10
3.2950166629951855e-10
3.2922245859954396e-10
3.289434696501801e-10
3.286646987790506e-10
3.283861704126654e-10
3.281079082118116e-10
3.2782986620656246e-10
3.275520372645629e-10
3.272744180058247e-10
3.2699702216798e-10
3.267198866076312e-10
3.26442972226591e-10
3.261662842448682e-10
3.2588983290245834e-10
3.256135867988744e-10
3.253375482120528e-10
3.2506171379328737e-10
3.24786082160578e-10
3.2451067678965743e-10
3.2423548659185554e-10
3.2396049472811165e-10
3.2368569957054206e-10
3.2341109964159325e-10
3.231366940771818e-10
3.228625168018824e-10
3.225886080796747e-10
3.2231488422618726e-10
3.2204137346447323e-10
3.217680972684261e-10
3.2149500747994616e-10
3.2122214732134254e-10
3.2094951247556267e-10
3.2067710443297524e-10
3.2040487796057614e-10
3.201328267955297e-10
3.1986094993267077e-10
3.1958924652977203e-10
3.1931771575862057e-10
3.1904636684073214e-10
3.187751935129461e-10
3.1850419719900575e-10
3.182333997095004e-10
3.1796282447223197e-10
3.17692435158055e-10
3.174222209216331e-10
3.1715222488921154e-10
3.168824379517646e-10
3.1661283476472287e-10
3.1634340402078177e-10
3.160741334118897e-10
3.158050243613159e-10
3.155360906614324e-10
3.152673186731622e-10
3.149987065475188e-10
3.1473025587318024e-10
3.144619665778344e-10
3.14193837763955e-10
3.1392586342166283e-10
3.1365804838481744e-10
3.133904066701227e-10
3.131229236560709e-10
3.12855592333658e-10
3.1258841185915207e-10
3.1232138193922574e-10
3.120545143294078e-10
3.1178780018191923e-10
3.1152124707220504e-10
3.112548769320924e-10
3.1098868263309517e-10
3.1072268102282996e-10
3.1045683424344546e-10
3.101911358207815e-10
3.099255839162852e-10
3.096601770394119e-10
3.093949139772854e-10
3.091298033636515e-10
3.0886487619351844e-10
3.0860010577376274e-10
3.0833548908991036e-10
3.0807101683824407e-10
3.078066857487972e-10
3.0754250858978787e-10
3.0727850394170673e-10
3.070146415662024e-10
3.067509193605037e-10
3.0648733613711884e-10
3.0622392175766113e-10
3.059606568925161e-10
3.0569753488622644e-10
3.054345551437794e-10
3.0517173309101254e-10
3.0490908528654533e-10
3.046465753715859e-10
3.0438420197126413e-10
3.0412196385979387e-10
3.038598459351685e-10
3.035978669847354e-10
3.0333602515618337e-10
3.0307431862472753e-10
3.0281274602773493e-10
3.0255130630596886e-10
3.022899988158649e-10
3.020288168752959e-10
3.0176777802074484e-10
3.015068724829635e-10
3.012461021575446e-10
3.009854663430494e-10
3.0072496509428464e-10
3.0046466324476137e-10
3.0020453609487e-10
2.9994455619694355e-10
2.9968470336411133e-10
2.994249773922663e-10
2.991653869588794e-10
2.989059710732239e-10
2.98646720487337e-10
2.983875864482396e-10
2.981285771150564e-10
2.978697097543755e-10
2.9761096974314925e-10
2.9735234934636337e-10
2.970938709594852e-10
2.96835529007789e-10
2.9657734610459164e-10
2.9631929138167794e-10
2.960613640413687e-10
2.9580356323276906e-10
2.9554589294071886e-10
2.9528835997019364e-10
2.9503095325784625e-10
2.947736690111931e-10
2.945165057074693e-10
2.9425948483504866e-10
2.940026372704677e-10
2.937459250859706e-10
2.9348934308823187e-10
2.9323289263622733e-10
2.9297657881114627e-10
2.927203912545097e-10
2.9246432983044994e-10
2.9220842168158525e-10
2.919526546438202e-10
2.9169701303224323e-10
2.9144151141610016e-10
2.911861346196535e-10
2.909308981729706e-10
2.906757999046843e-10
2.9042082671761084e-10
2.9016597710928466e-10
2.8991124699861534e-10
2.8965664413253316e-10
2.894021925701571e-10
2.891478645328437e-10
2.8889366321187453e-10
2.886395861649132e-10
2.883856335886191e-10
2.881318118306389e-10
2.878781452871327e-10
2.8762463247522935e-10
2.8737124488054796e-10
2.8711798051261167e-10
2.868648230610446e-10
2.866117867620153e-10
2.8635886950524576e-10
2.8610607912605e-10
2.8585342445559357e-10
2.856008962287572e-10
2.853484958190153e-10
2.850962338797185e-10
2.848440963977324e-10
2.8459208514552917e-10
2.8434022799000836e-10
2.840884925849427e-10
2.8383688260112587e-10
2.8358539545373975e-10
2.833340303991289e-10
2.830827941793337e-10
2.8283167815567807e-10
2.8258069825661236e-10
2.823298545402015e-10
2.820791263963111e-10
2.818285357152577e-10
2.81578073945844e-10
2.813277274911778e-10
2.8107749532179873e-10
2.8082737692637687e-10
2.805773715960607e-10
2.8032747851595614e-10
2.800776969021805e-10
2.798280260218247e-10
2.795784665002351e-10
2.7932901905875783e-10
2.790797056413305e-10
2.7883051791570193e-10
2.78581439547702e-10
2.7833246862432895e-10
2.7808360438220053e-10
2.7783484656763117e-10
2.775862002060671e-10
2.7733769860177534e-10
2.770893787632164e-10
2.7684117367375094e-10
2.765931113246281e-10
2.76345202563511e-10
2.760974309247553e-10
2.758497660572681e-10
2.756022007648869e-10
2.7535473924011385e-10
2.7510738148628454e-10
2.748601158017007e-10
2.7461294221587475e-10
2.7436586069998827e-10
2.7411887115535574e-10
2.738719794330229e-10
2.736252460086179e-10
2.733786113939597e-10
2.731320713673316e-10
2.728856184466471e-10
2.726392526487282e-10
2.7239299947341905e-10
2.7214685018972185e-10
2.71900786935393e-10
2.7165480996656056e-10
2.714089197961719e-10
2.711631363271727e-10
2.709174504975252e-10
2.7067186249310807e-10
2.7042637452263644e-10
2.701809800797787e-10
2.699356787582491e-10
2.69690464251503e-10
2.694453424074139e-10
2.6920033782062784e-10
2.6895541656740336e-10
2.687105779893935e-10
2.684658214475769e-10
2.682211463178799e-10
2.6797655199092926e-10
2.677320378649885e-10
2.6748760978956616e-10
2.6724326311442775e-10
2.6699900117370906e-10
2.667548170979286e-10
2.6651071028329975e-10
2.6626668292164044e-10
2.660227642221655e-10
2.657789295373461e-10
2.6553516841950826e-10
2.652914718681208e-10
2.650478559611581e-10
2.6480433161822296e-10
2.645608931489546e-10
2.643175421891499e-10
2.640742662144671e-10
2.638310666181244e-10
2.635879419356023e-10
2.63344889286827e-10
2.631019078221725e-10
2.6285899674827655e-10
2.6261615475854536e-10
2.6237337495274946e-10
2.6213066605641414e-10
2.618880271715331e-10
2.61645457592693e-10
2.6140295868541345e-10
2.6116052872477695e-10
2.6091819072378223e-10
2.6067596798334257e-10
2.6043380989287247e-10
2.6019171762896196e-10
2.5994969007875373e-10
2.597077264160961e-10
2.594658259535769e-10
2.5922398805484415e-10
2.589822120742348e-10
2.587404928277628e-10
2.584988243952545e-10
2.582572494989748e-10
2.580158316443225e-10
2.5777448576394054e-10
2.575332197888782e-10
2.5729204942975686e-10
2.570509292389175e-10
2.5680985899243793e-10
2.565688387493072e-10
2.563278687149459e-10
2.5608695049954797e-10
2.5584608422150143e-10
2.5560527005921903e-10
2.5536451414067317e-10
2.5512381047251463e-10
2.548831589623482e-10
2.5464255954238413e-10
2.544020121107108e-10
2.5416151588108684e-10
2.539210685147883e-10
2.5368068045928917e-10
2.5344036943782505e-10
2.532001302264591e-10
2.5295994245560586e-10
2.527198055068574e-10
2.5247973528120046e-10
2.5223972294964355e-10
2.5199979096222157e-10
2.517599138747391e-10
2.5152008465565494e-10
2.5128030916148926e-10
2.5104058438069423e-10
2.5080091374727983e-10
2.505613165605941e-10
2.5032176552272037e-10
2.5008225989315594e-10
2.4984282750885194e-10
2.4960346569461155e-10
2.4936414888775024e-10
2.491248762021662e-10
2.4888564699564937e-10
2.4864646082487284e-10
2.4840731740281777e-10
2.481682249865663e-10
2.4792919413434347e-10
2.476902096535254e-10
2.474512670259068e-10
2.4721236712159167e-10
2.4697351165341576e-10
2.4673469996484284e-10
2.464959315495093e-10
2.4625721154711624e-10
2.460185500590989e-10
2.457799328620811e-10
2.4554135899457993e-10
2.4530282763974245e-10
2.450643381002632e-10
2.448258897873523e-10
2.445874821285335e-10
2.443491067966138e-10
2.4411077465177235e-10
2.438724844881008e-10
2.4363427616458426e-10
2.433961170818617e-10
2.4315800282741397e-10
2.4291995007891516e-10
2.4268194763454147e-10
2.4244399022293715e-10
2.422060768187809e-10
2.4196820664585565e-10
2.4173037909961456e-10
2.414925936852506e-10
2.412548499871348e-10
2.410171801026768e-10
2.4077957985747503e-10
2.405420089763847e-10
2.403044823444533e-10
2.400669969208821e-10
2.398295514406651e-10
2.395921398848523e-10
2.393547668393882e-10
2.391174352565723e-10
2.3888017734769115e-10
2.3864297169589775e-10
2.3840580823986564e-10
2.381686866304312e-10
2.379316167171995e-10
2.376945954771608e-10
2.3745761596801706e-10
2.3722068144522687e-10
2.3698378293699366e-10
2.3674692409014143e-10
2.365101085073561e-10
2.362733360128965e-10
2.360366035491384e-10
2.357999120553038e-10
2.35563264205154e-10
2.353266594826906e-10
2.3509009745060024e-10
2.3485357774004857e-10
2.346171000524956e-10
2.34380664149118e-10
2.341442815959459e-10
2.339079469221051e-10
2.3367165497921684e-10
2.3343540588629784e-10
2.331992569273673e-10
2.3296316477130894e-10
2.3272711895641723e-10
2.324911153455992e-10
2.3225515000532028e-10
2.3201923529959626e-10
2.3178337170107655e-10
2.3154754971602568e-10
2.3131176532006268e-10
2.3107601831537094e-10
2.3084030911838125e-10
2.3060463820913128e-10
2.303690060890795e-10
2.301334132465124e-10
2.2989786515058146e-10
2.296623931542127e-10
2.294269622300745e-10
2.2919157229420968e-10
2.2895622548329766e-10
2.2872092000800783e-10
2.2848565567648954e-10
2.2825043264555042e-10
2.2801525107564612e-10
2.2778011112260495e-10
2.275450129044748e-10
2.2730995652358963e-10
2.270749420634435e-10
2.2683997539718998e-10
2.2660506412171324e-10
2.2637020717588252e-10
2.2613541660787577e-10
2.2590067281820696e-10
2.2566596946228452e-10
2.2543130436311194e-10
2.2519668235911898e-10
2.2496210370932353e-10
2.2472758528915916e-10
2.2449312068787852e-10
2.2425870453536534e-10
2.240243343512245e-10
2.2379004347933942e-10
2.2355580112496112e-10
2.2332160287730284e-10
2.2308743923442234e-10
2.228533208318135e-10
2.2261924618630813e-10
2.2238520962861825e-10
2.2215122570361462e-10
2.2191729763823488e-10
2.2168341559535375e-10
2.2144957853943588e-10
2.2121578567673213e-10
2.2098203646007564e-10
2.2074833058002532e-10
2.2051467909265456e-10
2.2028107909183442e-10
2.2004752182404334e-10
2.1981400742033357e-10
2.1958053622136393e-10
2.1934711376028673e-10
2.1911373506266712e-10
2.1888040037563522e-10
2.186471099703902e-10
2.18413864226355e-10
2.1818066786499072e-10
2.179475224249782e-10
2.1771442304515622e-10
2.1748137670226274e-10
2.1724838837982205e-10
2.170154523672185e-10
2.1678256458393216e-10
2.165497154673069e-10
2.1631691566278572e-10
2.160841635694841e-10
2.1585145787371256e-10
2.1561882542269388e-10
2.153862478583831e-10
2.151537144567621e-10
2.1492123541659107e-10
2.1468880949791332e-10
2.1445642739596938e-10
2.1422413584225365e-10
2.1399190798692296e-10
2.1375972380370848e-10
2.1352758356603602e-10
2.1329548696873295e-10
2.1306343452652682e-10
2.1283142678216866e-10
2.1259945925453004e-10
2.123675383544357e-10
2.1213566529006564e-10
2.119038421508074e-10
2.1167207752988234e-10
2.1144036360032116e-10
2.1120872907314308e-10
2.109771700067963e-10
2.1074565790045787e-10
2.1051419308375895e-10
2.102827758470176e-10
2.1005140931815503e-10
2.0982009546088952e-10
2.0958882946984462e-10
2.0935761138562913e-10
2.0912644125242614e-10
2.0889531563092143e-10
2.0866423196139227e-10
2.0843321006194094e-10
2.082022433506242e-10
2.0797132730001503e-10
2.0774046170506802e-10
2.0750964638952212e-10
2.072788812260827e-10
2.070481661368119e-10
2.0681752684182902e-10
2.0658693803293705e-10
2.063563978259351e-10
2.0612590634245564e-10
2.0589546374119116e-10
2.056650702097269e-10
2.054347259491821e-10
2.052044311782616e-10
2.049741861305531e-10
2.0474399334845747e-10
2.0451385016735806e-10
2.0428375773787582e-10
2.0405371681079143e-10
2.0382372780215947e-10
2.0359379095252026e-10
2.0336390641352103e-10
2.0313409341663914e-10
2.0290435447727198e-10
2.0267467079046794e-10
2.0244504042732506e-10
2.0221546183519254e-10
2.019859353903912e-10
2.0175646147954005e-10
2.0152704199722345e-10
2.0129770343055272e-10
2.0106841976307648e-10
2.0083918966583455e-10
2.006100132562239e-10
2.0038089068454479e-10
2.0015182285945726e-10
1.9992281087617646e-10
1.996938673809053e-10
1.9946502289950633e-10
1.992362519416374e-10
1.990075354326513e-10
1.9877887232931886e-10
1.9855026262993907e-10
1.9832169746448925e-10
1.9809319617700664e-10
1.9786475186063496e-10
1.9763636253667122e-10
1.9740803219779206e-10
1.971797632177913e-10
1.9695155154040219e-10
1.967233956233214e-10
1.9649529580944418e-10
1.9626725246309474e-10
1.9603926625506327e-10
1.958113380752163e-10
1.9558347027873281e-10
1.9535568417037194e-10
1.9512796662834475e-10
1.9490031293315787e-10
1.9467273494597448e-10
1.9444521710460323e-10
1.9421775873876652e-10
1.9399035951799583e-10
1.9376301934623625e-10
1.9353573828864658e-10
1.9330851651868994e-10
1.930813542728902e-10
1.928542518266863e-10
1.926272094733208e-10
1.9240022766332907e-10
1.9217331377274878e-10
1.9194650736072168e-10
1.917197873621471e-10
1.914931254979565e-10
1.9126653239251417e-10
1.9103999463983465e-10
1.9081351420277856e-10
1.9058710213972035e-10
1.9036075798006302e-10
1.9013449971246205e-10
1.8990831077370456e-10
1.8968218842279963e-10
1.8945613161436845e-10
1.8923013998859497e-10
1.8900421327533393e-10
1.8877835130248083e-10
1.8855255399692992e-10
1.8832681343092525e-10
1.881011356062046e-10
1.878755282136784e-10
1.876499914959122e-10
1.87424523625658e-10
1.8719915386824008e-10
1.8697387212371395e-10
1.8674868668772539e-10
1.8652357082760537e-10
1.862985233325226e-10
1.8607354352547648e-10
1.8584863670161196e-10
1.8562380832363163e-10
1.8539904296204094e-10
1.8517434914715413e-10
1.8494972713954733e-10
1.8472517943820765e-10
1.8450070193322932e-10
1.8427629529849083e-10
1.8405195977231383e-10
1.8382769448871095e-10
1.8360349762729657e-10
1.833793813289416e-10
1.8315533859223152e-10
1.8293136229486934e-10
1.8270745707113516e-10
1.8248362518441236e-10
1.822598667926546e-10
1.8203618215570197e-10
1.8181258622986816e-10
1.8158906965441757e-10
1.8136562658868305e-10
1.8114226569562634e-10
1.80918985052064e-10
1.8069577867378936e-10
1.8047264652917883e-10
1.8024958860592367e-10
1.8002662260293947e-10
1.7980373322325713e-10
1.795809216344032e-10
1.7935818556278124e-10
1.791355537874028e-10
1.7891300763526997e-10
1.7869053471891016e-10
1.7846816152520274e-10
1.782458665145158e-10
1.7802364483452505e-10
1.778014971889011e-10
1.7757942425283179e-10
1.7735742667684979e-10
1.7713550509532988e-10
1.7691366012867265e-10
1.7669189238300356e-10
1.7647020245517367e-10
1.762485909290942e-10
1.7602705838100713e-10
1.758056053758334e-10
1.7558423247225912e-10
1.75362940217597e-10
1.7514172914853976e-10
1.7492059978821887e-10
1.7469955264289948e-10
1.7447858819837995e-10
1.7425770691752097e-10
1.740369188394421e-10
1.738162215442739e-10
1.7359560772376544e-10
1.7337507800333616e-10
1.7315463304817316e-10
1.7293427342569283e-10
1.7271400795434018e-10
1.7249384130798372e-10
1.7227376046380892e-10
1.7205376221090402e-10
1.718338503204956e-10
1.716140251613917e-10
1.7139428722378396e-10
1.7117463490994243e-10
1.709550641378461e-10
1.7073559904200909e-10
1.7051623401091437e-10
1.7029696508904012e-10
1.7007778980987117e-10
1.69858708114157e-10
1.6963971871901943e-10
1.6942082074347692e-10
1.6920203597437718e-10
1.6898334983570836e-10
1.6876475298718916e-10
1.6854624311989004e-10
1.683278174747298e-10
1.6810948467939103e-10
1.6789124344731283e-10
1.6767309402792344e-10
1.6745503512328863e-10
1.6723706414388664e-10
1.6701918972531042e-10
1.6680141232178843e-10
1.665837237857104e-10
1.6636614091407538e-10
1.661486587670543e-10
1.6593127655132813e-10
1.657139935972833e-10
1.654968093307511e-10
1.6527971513686155e-10
1.6506273347188908e-10
1.6484585987110558e-10
1.6462909075112307e-10
1.644124252494224e-10
1.6419586008795574e-10
1.6397939553277424e-10
1.6376303119709316e-10
1.635467668343987e-10
1.6333060478367038e-10
1.631145581551047e-10
1.6289862708937525e-10
1.6268279428713052e-10
1.624670599092259e-10
1.6225144058671108e-10
1.6203592630072426e-10
1.6182051158225257e-10
1.6160520029942735e-10
1.6138999250047376e-10
1.6117488502085497e-10
1.6095987823741883e-10
1.6074497256344967e-10
1.6053016842776108e-10
1.60315466261204e-10
1.6010086648914415e-10
1.5988636953396925e-10
