790.7216333789887
518.1845558200278
160.68823852223483
73.50552654775014
25.3124164237653
8.190913081533498
2.629372839094372
0.8779369254163104
0.32394709236817804
0.1440389332178652
0.08157211072959104
0.057241489497553165
0.045555988332179435
0.03831083588939511
0.032894517200795434
0.0285061811408758
0.024973599668334227
0.02209276790251046
0.01969815361536587
0.017690539354168183
0.01597195713070623
0.01445794245093737
0.013183296923537032
0.01204549033929344
0.011044420347344193
0.01012902929747956
0.009359237363553135
0.00865893841777294
0.008046500996861442
0.007480935373269134
0.006950763286129133
0.006621728101350222
0.006106413679856958
0.0056996610717797045
0.005347553960261353
0.005036085961644806
0.004757357851179573
0.004505083214076696
0.0042744067385827225
0.0040590263791942015
0.0038561328838130978
0.00366981082403657
0.0035045308805862372
0.0033617004352291383
0.003240018546509966
0.003135897741088802
0.003046544956052791
0.002969012649842819
0.0029014851450161073
0.002842316982138273
0.0027902872983317246
0.002744761073068199
0.0027046430534191875
0.0026695039757570257
0.0026385515201162953
0.0026108521167756676
0.002585598363589532
0.0025619992510702567
0.002539818195617151
0.002518645387847552
0.0024981592485756256
0.0024782210594193324
0.0024584248179461365
0.002438539558613289
0.002418464409601938
0.0023979176353571886
0.002376633250133367
0.0017713478170132931
0.0017576546292465563
0.001749209097033228
0.0017419244015643113
0.0017342582389542895
0.001726072650928127
0.0017172082460683285
0.001707437159632671
0.0016969207180716685
0.0016857563008167837
0.001674005417481393
0.0016617292825207174
0.0016489040020930424
0.0016359050410506123
0.0016225412287908755
0.0016088742302348095
0.0015951060884828174
0.001581169204511195
0.0015669894919189025
0.0015526873589539485
0.001538262470551718
0.001523664068933643
0.001508998421334552
0.0014967973396754492
0.0014778615637546996
0.0014640637494533887
0.0014491268361590264
0.0014343276072015434
0.0014195047624155138
0.0014044741969819992
0.0013895279038018274
0.0013744533699318812
0.0013593981897579738
0.0013442892684523047
0.0013293278436776028
0.0013143228488598623
0.0012994499379590863
0.0012844574453589749
0.0012695951796594938
0.0012547049636345837
0.001240024768901347
0.001225309887976376
0.0012107213180067233
0.0011961965497772973
0.0011816832007904474
0.0011672874807263376
0.0011529875983496175
0.0011387320831510632
0.001124556437148813
0.0011104242756480036
0.001096415472890437
0.0010824825068691353
0.001068571578085557
0.001054604439045912
0.0010406402815778058
0.0010268178149383644
0.001012938301919059
0.0009991374415167754
0.0009853814485082633
0.0009716074306005426
0.0009579261753882307
0.0009442233469257007
0.0009306847284091628
0.0009171352660898079
0.0009035859396697853
0.0008900985649843053
0.0008766202588496872
0.0008631647544289355
0.0008497067695120048
0.0008365161441422779
0.0008232854366403169
0.0008100849172320816
0.0007970675205164053
0.0007840695289877599
0.0007712184477041474
0.0007585148516637059
0.0007458932562536068
0.0007332631768411593
0.0007207306811330918
0.0007083409505845851
0.0006959758742891773
0.0006836644712759414
0.0006714618794265406
0.0006593265965897232
0.0006472984654132724
0.0006353518091790422
0.0006235617632320678
0.000613144543902322
0.0005996634342879502
0.0005886221713788357
0.0005774167901840882
0.0005663235664932209
0.0005551825966194597
0.0005442378871865007
0.0005334005290835506
0.0005227010485484024
0.0005120672904737148
0.0005015752830631876
0.0004912577884859509
0.0004810255473529114
0.00047087066626633217
0.00046076988640724283
0.00045089719580416007
0.0004408869734442643
0.0004310475231991482
0.00042122357879039883
0.0004114127148422184
0.0004015231020454903
0.00039162387849484616
0.0003816790807555573
0.0003716243443671339
0.00036166451300119473
0.00035160513817204
0.00034151786787626484
0.0003313922748890656
0.00032130512923106934
0.000311166844346685
0.0003010691442191734
0.0002908826459981153
0.0002811081269676645
0.0002711879891696807
0.0002614753109569556
0.0002518971042052422
0.0002425148606386409
0.00023337068801293715
0.00022433780145458235
0.00021564273363564753
0.00020716712227898017
0.00019879964098063746
0.00019076333501094768
0.00018294463961459774
0.00017525646908331604
0.00016796543265094622
0.0001608963481538056
0.00015398497513550023
0.00014723176446090395
0.00014082914183347506
0.00013452156364644304
0.0001283706925263841
0.00012246719670150867
0.00011669549113608573
0.00011109709887571564
0.00010556652040735517
0.00010025474414815008
9.503264967873981e-05
9.000833785945979e-05
8.49654769683468e-05
8.006418172976998e-05
7.52942366203976e-05
7.072852804258002e-05
6.616228310812837e-05
6.187460038579833e-05
5.760732386606084e-05
5.3500658901085494e-05
4.95561642000143e-05
4.574159269522944e-05
4.211759923809104e-05
3.863686121513384e-05
3.5448765450178383e-05
3.2519839549036436e-05
2.9978465062055347e-05
2.7869515566793512e-05
2.6287568981333095e-05
2.5309789937502987e-05
2.4976246712349215e-05
2.5295928876916042e-05
2.620347802011506e-05
2.7613018925955466e-05
2.9458293189551265e-05
3.16376719021754e-05
3.40291167035663e-05
3.6597599319722236e-05
3.929121878448037e-05
4.208626863100873e-05
4.4922502790222774e-05
4.781567144235724e-05
5.071814116735618e-05
5.36574265063386e-05
5.66349551551304e-05
5.952650960231665e-05
6.241161169176935e-05
6.526242157180245e-05
6.81907105558457e-05
7.096929604419254e-05
7.36724472288171e-05
7.643650359878565e-05
7.905740723140841e-05
8.165231177147293e-05
8.418376329218993e-05
8.657781540934133e-05
8.897590518632571e-05
9.151596624315745e-05
9.382339159566642e-05
9.608086129887889e-05
9.833162758879981e-05
0.0001005675173800986
0.00010258922196295469
0.00010466237039587231
0.00010668130236163381
0.00010856978356751774
0.00011055235372040691
0.000112444790935411
0.00011427593529361792
0.00011601734164566438
0.00011778781572485537
0.00011942752509951244
0.00012113097401164175
0.00012276382558638557
0.00012431159552349233
0.00012586675228394036
0.00012742800391226227
0.000128869682270332
0.00013029734291295582
0.00013175786111814546
0.000133142768598464
0.00013456475930448888
0.00013582618172530405
0.0001370965254817614
0.0001383639798519908
0.00013957239424593646
0.00014071120909576229
0.000141838838002912
0.0001428809037938865
0.00014395868723965296
0.00014497606348016224
0.00014590823076851726
0.00014685228102445788
0.00014773355261551773
0.0001484699213505406
0.0001493241872127174
0.0001500528544736987
0.00015068149200925525
0.00015151846843247403
0.00015205269453697943
0.00015260560727692598
0.00015312560204841925
0.00015362133371408013
0.00015413813770000595
0.00015458079755405454
0.00015500411374648105
0.0001553030021983408
0.00015567136467295583
0.00015600364132343678
0.0001562675251483144
0.00015656317720299395
0.0001567962457728765
0.00015697957355538061
0.0001571869806671779
0.00015736729400292715
0.00015749252476629266
0.00015761898018498225
0.00015765350006073956
0.0001576920214924273
0.00015770720845872526
0.0001578362518994337
0.00015781924006008985
0.00015777322763729855
0.00015776168336672193
0.00015770904206689014
0.0001576644179295595
0.00015759232018911707
0.00015749475189913168
0.00015736242774048323
0.0001572759748099834
0.00015715961513409847
0.00015702420510917795
0.0001570301573745274
0.00015673196013936308
0.0001565184493793527
0.0001564051651159042
0.00015621544535525316
0.00015608307910016286
0.00015589722971435588
0.00015570721945748668
0.00015552285421150124
0.0001553155943454496
0.00015507318383699227
0.0001549142824382508
0.00015468641494102147
0.00015446804435339563
0.00015422354041928164
0.00015400970990639662
0.00015376047209409214
0.00015353685275315099
0.00015334185841849927
0.0001530209476979446
0.00015410519129235145
0.0001521515138819638
0.00015206612467437398
0.0001519452855408962
0.0001517089037789038
0.0001516677475450291
0.0001511413471253896
0.00015089917990153694
0.00015056426478799286
0.00015030140175391018
0.00014995128483534664
0.00014967317914867106
0.00014940160954386218
0.00014907988049455678
0.00014880060943671053
0.00014850804199405788
0.000148204151314087
0.00014785189267949765
0.00014758700099648766
0.00014728905830644118
0.00014695302609104378
0.00014670048933430687
0.00014641927205332896
0.00014612409863386632
0.00014581630903446035
0.000145570339266215
0.00014526036522478385
0.00014495483521856416
0.00014463612134476666
0.00014442686310421217
0.0001440582550913195
0.00014376053778102028
0.00014350920127166836
0.0001431495190216156
0.00014291170372988354
0.00014263760797364269
0.00014223541656807555
0.00014199823792447402
0.00014173972227646638
0.0001414642185780925
0.0001411387704275928
0.00014090540748740057
0.00014052327327526354
0.0001402367691426363
0.0001399847938869424
0.00013968491952220534
0.00013946733491493126
0.000139124418725754
0.0001388357579429712
0.0001384685249446937
0.00013827982513052084
0.0001379860778314456
0.00013779347437827108
0.0001374165797518545
0.0001371133973264418
0.0001368620417452124
0.00013656202541328732
0.00013623378950536712
0.00013595752629878206
0.0001356072662129923
0.0001353532726455157
0.0001350575826834903
0.00013467753317470646
0.0001344148830805738
0.00013403444358495303
0.0001336667977826809
0.00013341113736209403
0.00013290689994931954
0.00013260872693522023
0.00013226648412307398
0.00013187981631135705
0.00013150886459674857
0.00013112950138586898
0.00013082514005411703
0.00013038977582425688
0.00013006735151455232
0.00012966010141807907
0.00012922272389425654
0.00012893432287450584
0.0001284007154256662
0.00012816787713614325
0.000127684474605371
0.00012733049932835413
0.00012705740682072451
0.00012653718341438475
0.0001262181682663163
0.00012589341943107196
0.00012542681835043577
0.0001250421596733331
0.0001246812173314021
0.00012421788190321715
0.00012402630733958928
0.00012345542210271396
0.00012310457508782257
0.00012281601205200497
0.0001223022647890859
0.00012191219861258296
0.00012138121103756075
0.00012113367165947726
0.00012073210874079504
0.00012032965623468331
0.00011997756301408832
0.00011953395104551527
0.00011915198952646378
0.0001187573044244289
0.00011845692324727116
0.0001179745935178435
0.00011758109750898889
0.00011725796843705439
0.00011680659255428528
0.00011643622318426939
0.00011595319930990794
0.00011559294886080816
0.00011512635723279034
0.00011473206535634268
0.00011433997315855934
0.00011399389664289104
0.00011349909897605425
0.00011311482753966394
0.00011288441549451549
0.00011232118575893548
0.00011192591844391644
0.00011150637799408808
0.00011113502224606389
0.00011071270245518673
0.00011031549149473944
0.0001096044258637132
0.00010945256222817726
0.00010908116242317801
0.00010873349624092107
0.00010825009827626553
0.00010787707531209876
0.00010756566224791329
0.00010711831462559595
0.000106789835628144
0.00010630838863346346
0.00010572049904935539
0.00010559953487554899
0.00010518552100436772
0.00010464810112361266
0.00010437420139192308
0.00010400718118202133
0.00010362718223383211
0.00010315061645116193
0.0001028755564750219
0.00010249833265822462
0.00010205853616615907
0.00010170542138392481
0.00010132223931490824
0.00010093845915040402
0.00010065486302898567
0.00010012137512442627
9.98503313566259e-05
9.947912180916855e-05
9.910626598185248e-05
9.876362074722477e-05
9.83977748612146e-05
9.796188330862348e-05
9.78383074371909e-05
9.732547759214336e-05
9.701148271310711e-05
9.67596008618747e-05
9.6315922359283e-05
9.596938101143207e-05
9.567932440057974e-05
9.538025721969305e-05
9.504843461304288e-05
9.451316162881533e-05
9.402643698573634e-05
9.400687258670037e-05
9.367396229182744e-05
9.330781690548533e-05
9.301939889401583e-05
9.272069410295688e-05
9.236947455550477e-05
9.207546160285804e-05
9.180843164778076e-05
9.146494253190699e-05
9.116457997513267e-05
9.113146691840081e-05
9.053284756254655e-05
9.036948807100617e-05
8.990324501406811e-05
8.965099294289037e-05
8.925049352412216e-05
8.881192637863443e-05
8.886932241317604e-05
8.843681439703308e-05
8.812000168346075e-05
8.783280421901779e-05
8.760094626593047e-05
8.734204510065261e-05
8.706693687480736e-05
8.679488529898483e-05
8.65058819229354e-05
8.636212250053838e-05
8.602251110804687e-05
8.569435533528178e-05
8.527485333339036e-05
8.511883101361242e-05
8.482860318493345e-05
8.454583091080281e-05
8.435105891242083e-05
8.407748866514001e-05
8.392724946748486e-05
8.368131429107574e-05
8.334386256987655e-05
8.307203419879055e-05
8.287029413842978e-05
8.264020340691916e-05
8.279861246314846e-05
8.192009140049056e-05
8.203067586430206e-05
8.176244810593465e-05
8.155675278759436e-05
8.135863478287804e-05
8.108193949899406e-05
8.104556650282548e-05
8.0414011667518e-05
8.060259249384316e-05
8.063911067449768e-05
8.025813379375865e-05
7.99246652356777e-05
7.993417064119129e-05
7.944910214877099e-05
7.941449489548232e-05
7.908412410481126e-05
7.894652321929425e-05
7.880423142681254e-05
7.85457665206917e-05
7.835863278446926e-05
7.821065442380039e-05
7.818359334380633e-05
7.787149042289166e-05
7.795232161965142e-05
7.753361970342238e-05
7.714017105127076e-05
7.745811834056012e-05
7.724952991329706e-05
7.731196968384953e-05
7.708188271155771e-05
7.688359696225413e-05
7.757192604651847e-05
7.660982489838969e-05
7.647544910307743e-05
7.653886438869423e-05
7.623755809498214e-05
7.610143242560061e-05
7.60827366271518e-05
7.589591377937471e-05
7.580969448801835e-05
7.564570775973283e-05
7.545577071004276e-05
7.555617021470417e-05
7.531874260996904e-05
7.526588351927043e-05
7.508573958397196e-05
7.537163378614053e-05
7.490048919237101e-05
7.484951869222249e-05
7.470527338398503e-05
7.456189480254419e-05
7.490862549173856e-05
7.42790461168347e-05
7.39954740865998e-05
7.439872866337358e-05
7.412382506742133e-05
7.415023629223266e-05
7.413774145658854e-05
7.394740028178484e-05
7.389033919778629e-05
7.365027609744242e-05
7.372267191984909e-05
7.36391644367215e-05
7.33207604801344e-05
7.343157644552828e-05
7.293292098333221e-05
7.340235764003837e-05
7.333106604763834e-05
7.325904673078284e-05
7.349967428175684e-05
7.32403770117801e-05
7.325312381584443e-05
7.315158326513106e-05
7.324196559490904e-05
7.321981082064182e-05
7.319410109938249e-05
7.307397453323293e-05
7.282944615663996e-05
7.339497724584703e-05
7.314099007403238e-05
7.316900268850754e-05
7.306482196831523e-05
7.315759792053245e-05
7.326002229082464e-05
7.321684182068092e-05
7.277800609170674e-05
7.323648101780178e-05
7.310119418901746e-05
7.342884172369318e-05
7.33803058095852e-05
7.307917851789457e-05
7.229175490014272e-05
7.437509787437415e-05
7.38418586545254e-05
7.24439446777034e-05
7.296142807404058e-05
7.338678700034683e-05
7.382851132289522e-05
7.269114382835057e-05
7.335095087529932e-05
7.326820377927281e-05
7.357065611271852e-05
7.230535958215009e-05
7.322621646429818e-05
7.34439917655792e-05
7.211319847687225e-05
7.312288805369953e-05
7.37483267351153e-05
7.348899994230017e-05
7.30526739547269e-05
7.424638649696066e-05
7.33130971218417e-05
7.328552991190235e-05
7.352417573011667e-05
7.34774358964611e-05
7.344784494850577e-05
7.299572974724374e-05
7.308022654089074e-05
7.347644529607574e-05
7.352878639522931e-05
7.294907504344472e-05
7.30591930407901e-05
7.329215830927142e-05
7.304132275535033e-05
7.295204999623121e-05
7.313863521206512e-05
7.33420869294198e-05
7.297819322383128e-05
7.271280625116719e-05
7.281102192612338e-05
7.283878724878692e-05
7.281390601298374e-05
7.279150069165688e-05
7.215670785129055e-05
7.262265752624922e-05
7.226991372205572e-05
7.249427686555597e-05
7.21363518916061e-05
7.186602374012608e-05
7.211189158986548e-05
7.159440927604421e-05
7.167555538925776e-05
7.238576422163471e-05
7.181414273506818e-05
7.144585186776485e-05
7.127458153108573e-05
7.142487709110154e-05
7.094996396739129e-05
7.017935736405623e-05
7.095074578367486e-05
7.127427418563697e-05
7.12676897434863e-05
7.089052991608936e-05
7.104452144286327e-05
7.092165009598783e-05
7.11754989589219e-05
7.077866540673803e-05
7.069833142062387e-05
7.037467126988385e-05
7.059607388522379e-05
7.009154562679168e-05
7.042244951828746e-05
7.01955008974064e-05
7.002734612057822e-05
7.001269627693489e-05
6.997689658386662e-05
7.045974703745071e-05
6.948451743556647e-05
7.006655184384662e-05
7.010746273716701e-05
6.994624120114598e-05
7.001870776405084e-05
7.009803757400962e-05
7.011927469712184e-05
7.01603277745014e-05
7.018592144212564e-05
7.022193966122276e-05
7.034774520497411e-05
7.047158928867872e-05
7.096106647802519e-05
7.049461341821028e-05
7.052892689222736e-05
7.049398910041528e-05
7.069877649318012e-05
7.098635105205864e-05
7.087727958952469e-05
7.145719271119317e-05
7.108707938404959e-05
7.128207505988074e-05
7.162714218088039e-05
7.12261898013654e-05
7.164704392831289e-05
7.14612569515437e-05
7.195597554292176e-05
7.201421107651455e-05
7.230134453218383e-05
7.175617204263041e-05
7.252719710761177e-05
7.222986151889107e-05
7.186461833608503e-05
7.24144023669788e-05
7.259717463598774e-05
7.263096961890405e-05
7.301189485628541e-05
7.315016927965761e-05
7.320398342214135e-05
7.268144095028932e-05
7.312409310752313e-05
7.333195663371877e-05
7.32853382796499e-05
7.339121263989472e-05
7.391521191877197e-05
7.373058865663507e-05
7.405074635810043e-05
7.374748051558228e-05
7.41502645266364e-05
7.444022832009952e-05
7.476742307296792e-05
7.461240607472197e-05
7.415111989948107e-05
7.491447232062687e-05
7.482575240457887e-05
7.480282746538372e-05
7.48521092456418e-05
7.528558431601184e-05
7.521723467236406e-05
7.519568508735325e-05
7.562815495310119e-05
7.567359754560965e-05
7.59643550511386e-05
7.634175515446963e-05
7.604999656743502e-05
7.625895175730043e-05
7.618967973761161e-05
7.633001223158643e-05
7.684017373419426e-05
7.651639042949957e-05
7.609140923045512e-05
7.686643674745116e-05
7.689898339089172e-05
7.752058897986399e-05
7.698813059907279e-05
7.729937788787603e-05
7.710567036109387e-05
7.731916588225425e-05
7.737401815091193e-05
7.76470243662216e-05
7.813979191955965e-05
7.797588091280524e-05
7.78290457392494e-05
7.824096889138922e-05
7.805945235346081e-05
7.798592515504705e-05
7.84341833095804e-05
7.857738566305945e-05
7.854804457756815e-05
7.948344387996993e-05
7.855459565515498e-05
7.954485557805103e-05
7.896971153417783e-05
7.984017960976095e-05
7.94408032790788e-05
7.964559530883467e-05
7.958371246593296e-05
7.997779127500377e-05
8.022819708655151e-05
8.019319576775324e-05
8.044424396453219e-05
8.076734691911016e-05
8.030308168556408e-05
8.114163126961146e-05
8.15063843537396e-05
8.138155111896001e-05
8.127991815501929e-05
8.193491612338778e-05
8.223218067177133e-05
8.198065004927336e-05
8.228404616615164e-05
8.253241967321101e-05
8.273362515162157e-05
8.342041014294758e-05
8.295988551313496e-05
8.273864674961062e-05
8.411963771069564e-05
8.390747932957234e-05
8.357431551837618e-05
8.361483633565445e-05
8.426462603044899e-05
8.433120424622546e-05
8.448082389251616e-05
8.551622683562182e-05
8.44177450248181e-05
8.482569486261271e-05
8.53673328523409e-05
8.520321006455258e-05
8.575422769445063e-05
8.585183568260008e-05
8.587136193900548e-05
8.61229831821173e-05
8.647395501576148e-05
8.631514125082167e-05
8.791374894868433e-05
8.618364553685123e-05
8.712570706662078e-05
8.729215071679914e-05
8.782641233551948e-05
8.778800106580022e-05
8.792791258143272e-05
8.826457507799677e-05
8.846268554352368e-05
8.84764658751232e-05
8.866017005772106e-05
8.848290079925401e-05
8.889954014185136e-05
8.947387517968837e-05
8.890300756847083e-05
8.943068406221863e-05
9.19043539289027e-05
8.963762649226827e-05
8.995858971947812e-05
9.004508105603174e-05
8.975003204284052e-05
9.038293315184813e-05
9.018463892846224e-05
9.051817686847842e-05
9.074647120515175e-05
9.093815629936424e-05
9.093711604915671e-05
9.130940193965416e-05
9.1494294917735e-05
9.157646419912703e-05
9.17162633612841e-05
9.142989464448784e-05
9.186105504533193e-05
9.224739422130837e-05
9.243959397950195e-05
9.2652010124143e-05
9.283633266213587e-05
9.297111297249166e-05
9.313668953368763e-05
9.382567630325392e-05
9.37819647877439e-05
9.401006204564251e-05
9.44354407013399e-05
9.49029903660873e-05
9.495514249155202e-05
9.534572270453179e-05
9.557245298183916e-05
9.581739115380525e-05
9.664453654369381e-05
9.660203880851126e-05
9.680797643345058e-05
9.711193984615557e-05
9.739800619806041e-05
9.771300174894e-05
9.804322834498353e-05
9.828469843787834e-05
9.920623852415144e-05
9.915065585927016e-05
9.954264457352665e-05
9.988718008022501e-05
0.0001005465815716391
0.00010078375450810121
0.00010108662892691875
0.00010126566185401363
0.00010160816575862771
0.00010219502076662932
0.0001018842474644822
0.00010254163959406756
0.0001029762247525086
0.00010312523656325632
0.00010330632834034763
0.00010376123499692407
0.00010414699391198707
0.00010419592510176975
0.0001046758686161355
0.00010506786302628755
0.00010488091854174927
0.0001050674602024574
0.00010611865297967543
0.00010572467829724562
0.0001059207274328059
0.00010595698537287875
0.0001060896117959938
0.00010618924969484216
0.00010607457704624952
0.00010623904528748986
0.00010641469464636536
0.00010660865741259487
0.00010615076857107642
0.00010624106051538703
0.0001066818562138948
0.00010667121187247467
0.00010692257111545859
0.00010646351495876072
0.00010709247842275162
0.00010658316744751169
0.00010629702079096624
0.00010659721852862823
0.00010682185848559376
0.00010674466070126106
0.00010633574601732625
0.00010607816664998003
0.00010609633006468936
0.00010603855264338395
0.00010620353081718177
0.00010583733813957978
0.00010579937906410535
0.00010607371774442966
0.00010588294478902788
0.00010598053734259393
0.00010553596663768308
0.00010555166947461305
0.00010529955411601057
0.00010521166451912147
0.00010501275685271321
0.00010495562859145778
0.00010408873129167385
0.00010371374961809781
0.00010447387052180496
0.0001042824407372559
0.00010399190636204781
0.00010358390109716142
0.00010283543466070255
0.00010322529920669897
0.00010307930510301033
0.00010306608810387983
0.00010261708510809082
0.000102629329851182
0.00010239660308269866
0.00010263167763983808
0.00010190612152850628
0.00010175633362176366
0.00010166709508826939
0.00010145673358075224
0.00010090086427440119
0.00010125714603137838
0.00010121712976300338
0.00010084372053773882
0.00010041287592771598
0.00010050248834554366
0.00010036968074701784
0.00010047791691460516
0.00010006995644405035
0.00010027135261261866
9.877305790158805e-05
9.973438664513993e-05
9.95691167296927e-05
9.947652485443747e-05
9.932945388391091e-05
9.928620446086131e-05
9.935745231257337e-05
9.896451352864704e-05
9.919331655403941e-05
9.860918553029603e-05
9.854881364585373e-05
9.844604653813668e-05
9.903294048085609e-05
9.827276328222053e-05
9.852824720694672e-05
9.84347475073306e-05
9.795758258583225e-05
9.755059105884313e-05
9.73678449229629e-05
9.705482269944826e-05
9.67127358473379e-05
9.632553840293707e-05
9.606466117153104e-05
9.573324649856367e-05
9.536748742303775e-05
9.49878334128604e-05
9.498476273911067e-05
9.4441428986732e-05
9.351952037713918e-05
9.344086037704896e-05
9.316566578085702e-05
9.222183977656995e-05
9.2598396120792e-05
9.192236380925298e-05
9.158468945414803e-05
9.125049630197648e-05
9.179761910008531e-05
9.041778062518304e-05
9.015783065113565e-05
8.988971061302804e-05
8.89297121963405e-05
8.961006977899946e-05
8.912484661236906e-05
8.890931744111034e-05
8.868463227279181e-05
8.869694201455389e-05
8.819739515095885e-05
8.784845977534628e-05
8.76810837492487e-05
8.733190389767589e-05
8.716110652682912e-05
8.703477046504931e-05
8.66604117644108e-05
8.641565310698572e-05
8.612249518136052e-05
8.58496506448157e-05
8.596524008046204e-05
8.54370064136947e-05
8.510385521846763e-05
8.484881127635431e-05
8.399710871226277e-05
8.402986386056639e-05
8.385333525430598e-05
8.452011694749655e-05
8.33801179523068e-05
8.31254140428153e-05
8.308262738962918e-05
8.237467627243133e-05
8.210617084093991e-05
8.176097912338711e-05
8.150509293758697e-05
8.128440962314517e-05
8.110975235266651e-05
8.099869429280711e-05
8.089963698604113e-05
8.052304817842754e-05
8.03338572842517e-05
8.023271326907077e-05
7.934832721120118e-05
7.95677367851235e-05
7.933394996471793e-05
7.913469977219035e-05
7.900198709054935e-05
7.88412155808267e-05
7.861422529743958e-05
7.837906683434512e-05
7.794844054112857e-05
7.797688440809472e-05
7.759453876111769e-05
7.752416868858015e-05
7.722265348743504e-05
7.693305277738997e-05
7.70637110323336e-05
7.663540326685607e-05
7.641648834890868e-05
7.625764933408392e-05
7.603544853557812e-05
7.585286868713209e-05
7.578032160009979e-05
7.572905098763173e-05
7.545711872394545e-05
7.538792344076388e-05
7.538615653170582e-05
7.55056727924922e-05
7.541370112307863e-05
7.529855117952537e-05
7.5307630113293e-05
7.520133645425522e-05
7.538567475287197e-05
7.521868127027817e-05
7.523529560694878e-05
7.549344214859175e-05
7.618781310724269e-05
7.602443743155462e-05
7.646980150605086e-05
7.645951333854654e-05
7.691513064348341e-05
7.699715493979759e-05
7.687879117413644e-05
7.75645577922772e-05
7.762059198433915e-05
7.804257833392132e-05
7.81863343379054e-05
7.848426795339834e-05
7.84813278937057e-05
7.876595348341827e-05
7.912940065722289e-05
7.931020931255493e-05
7.97137582604392e-05
7.939759279191332e-05
7.951955706963209e-05
7.971329140380308e-05
7.856565419518956e-05
7.966710912401665e-05
8.004319668551418e-05
8.057616869875158e-05
8.007767606424957e-05
8.103732625577384e-05
7.968857590609481e-05
8.029352546987143e-05
8.041627205955956e-05
8.094571119057492e-05
8.060070522078449e-05
8.03457956807641e-05
8.054138458668541e-05
7.974286124462719e-05
8.029337255797016e-05
7.999897840676452e-05
8.005041545979671e-05
7.978007472600885e-05
7.942535261427696e-05
7.983533563874933e-05
7.955421072984882e-05
7.98543625162133e-05
7.880179158819584e-05
7.806725457017543e-05
7.790494988677482e-05
7.787627025109583e-05
7.703529225441557e-05
7.659283265693247e-05
7.645425237154838e-05
7.584806940041182e-05
7.56264183785213e-05
7.487729112254597e-05
7.474222323949705e-05
7.373027851097131e-05
7.382639390704265e-05
7.318603050089158e-05
7.275817997533007e-05
7.214677033483445e-05
7.180763382822047e-05
7.103772664124997e-05
7.061896570598368e-05
6.984640509981458e-05
6.98729890133869e-05
6.931175186163496e-05
6.886422815120509e-05
6.831581627086392e-05
6.772531593430547e-05
6.781661989102901e-05
6.736342639223649e-05
6.742103350917547e-05
6.696605931912221e-05
6.646091381544677e-05
6.589751723017442e-05
6.568326972238166e-05
6.578712332547906e-05
6.62197860749623e-05
6.529587463643694e-05
6.535553754801439e-05
6.534724547578404e-05
6.488879685188171e-05
6.525793015013113e-05
6.469528607164741e-05
6.454731951923723e-05
6.465072910718406e-05
6.431851352638152e-05
6.459159378673258e-05
6.44412961024799e-05
6.369605343205902e-05
6.391737123366384e-05
6.372519858593569e-05
6.314258330387162e-05
6.399855759780344e-05
6.39303628804943e-05
6.239952228029308e-05
6.260355048389085e-05
6.252098305952261e-05
6.163409833185386e-05
6.326230909356664e-05
6.250181111441594e-05
6.210029304332369e-05
6.192087481083505e-05
6.179657329186156e-05
6.180728051954124e-05
6.161601357318498e-05
6.174824077705917e-05
6.160290315718878e-05
6.106493529094827e-05
6.16205808980409e-05
6.119217377925658e-05
6.169115107845319e-05
6.171993387450967e-05
6.157132839921454e-05
6.170852489948531e-05
6.137670153479512e-05
6.139691595609742e-05
6.1258408186499e-05
6.180124639487659e-05
6.133422830197533e-05
6.111995860529112e-05
6.0923496662497166e-05
6.0754844335485244e-05
6.336963043715534e-05
5.916788689251397e-05
6.035861329010091e-05
6.0498103139473994e-05
6.0758302350056595e-05
6.062564442586862e-05
6.067422255145501e-05
6.077685123078723e-05
6.062163439549116e-05
6.082899313449993e-05
6.088230454444288e-05
6.0114392185391456e-05
6.033371833855622e-05
6.0971351482868746e-05
6.0671515823542445e-05
6.090338182772108e-05
6.081739746010967e-05
6.12139084623701e-05
6.117626284234314e-05
6.098535162247233e-05
6.092264634038579e-05
6.216219012148989e-05
6.150335974759185e-05
6.142235942036098e-05
6.149523937201377e-05
6.106295204581926e-05
6.146289331146232e-05
6.144668156811927e-05
6.165036225147287e-05
6.208610956132276e-05
6.220593163375089e-05
6.201231019082466e-05
6.197955692913559e-05
6.220596289090665e-05
6.213820691804386e-05
6.220808425897668e-05
6.235791372076227e-05
6.222361600176295e-05
6.282992953799503e-05
6.22599661937827e-05
6.244467763050755e-05
6.330692307076158e-05
6.269715621643565e-05
6.277479779062758e-05
6.267709803936482e-05
6.310251001654532e-05
6.30425702237555e-05
6.288926648116533e-05
6.336893306056832e-05
6.345892991812157e-05
6.35264889898765e-05
6.326897507474166e-05
6.363800120736082e-05
6.345924699618073e-05
6.374338661880976e-05
6.387742361321701e-05
6.3834706352288e-05
6.357637740960571e-05
6.367691357033702e-05
6.409226473098214e-05
6.324159103013899e-05
6.361797353890539e-05
6.427853242886425e-05
6.420557320268832e-05
6.434670872582307e-05
6.434519889782824e-05
6.44162091397715e-05
6.476113344739726e-05
6.474010067318399e-05
6.468076733801986e-05
6.460427751763357e-05
6.474716106158576e-05
6.469303508679283e-05
6.47915453055791e-05
6.485228002503042e-05
6.401670578022654e-05
6.41469792321695e-05
6.434829464105708e-05
6.434609757631993e-05
6.456522234184134e-05
6.486477288864778e-05
6.426730819128459e-05
6.4537940848631e-05
6.45296121258974e-05
6.450173979750967e-05
6.476698357243736e-05
6.443516192128445e-05
6.46027556306092e-05
6.453460443094116e-05
6.447076303648328e-05
6.459579955871381e-05
6.502192507698595e-05
6.424599810928105e-05
6.428181141942769e-05
6.453129580512593e-05
6.522688508793937e-05
6.48207644695445e-05
6.443605140322824e-05
6.458776207882604e-05
6.447412642426797e-05
6.425371302139981e-05
6.427077426866834e-05
6.405763776737072e-05
6.418278185620135e-05
6.433634456112512e-05
6.364505540523295e-05
6.406676045526741e-05
6.422128501548389e-05
6.369092394086981e-05
6.352109746933491e-05
6.335674617148335e-05
6.326482996516091e-05
6.297026148753695e-05
6.342770219677619e-05
6.320089568434763e-05
6.2899150808208e-05
6.232061519453969e-05
6.212441790831443e-05
6.223783039303968e-05
6.196094606288156e-05
6.182415071559179e-05
6.17513415979111e-05
6.145351714078046e-05
6.0932075069031156e-05
6.129615757482003e-05
6.109768770873375e-05
6.102233199507992e-05
6.123805748526705e-05
6.0288325150802695e-05
6.04304247274662e-05
6.077566172330008e-05
6.0126506277669785e-05
6.030651585439731e-05
6.024754518452394e-05
6.025911577452262e-05
5.9924750467762286e-05
5.997099176431161e-05
5.985859736946662e-05
5.998159324943743e-05
5.9662710298226844e-05
5.9591617718313227e-05
5.9523854362477296e-05
5.934336204698976e-05
5.9528329528758356e-05
5.950145288629036e-05
5.9428650546357256e-05
5.919908776644765e-05
5.945413206308726e-05
6.008141977766852e-05
5.932153068201663e-05
5.904072097180999e-05
5.854162568982111e-05
5.8762966365573694e-05
5.913387482745879e-05
5.9274325296217225e-05
5.939115678644049e-05
5.913740289523984e-05
5.9079965761031755e-05
5.93169994928087e-05
5.920422075763948e-05
5.8806385715680084e-05
5.9060773257191405e-05
5.922348539013202e-05
5.883835361177981e-05
5.9041651937160445e-05
5.905712812685336e-05
5.900006525922199e-05
5.888346145126581e-05
5.8870281442458996e-05
5.893517161382759e-05
5.8705756109887416e-05
5.909032807373923e-05
5.917864553294591e-05
5.878244801000918e-05
5.882554902295558e-05
5.882039131271372e-05
5.88481226869747e-05
5.855222258244321e-05
5.8711483155347756e-05
5.9087134339318815e-05
5.871783869100114e-05
5.9274478161267554e-05
5.909132092690576e-05
5.905115347887383e-05
5.8681635914700674e-05
5.927023634599643e-05
5.848901066488305e-05
5.8515167979795334e-05
5.9356651168241865e-05
5.8972291185440835e-05
5.8793478194197684e-05
5.861222360376591e-05
5.8295724907971564e-05
5.8651811105218985e-05
5.8894604497188765e-05
5.8709653974804706e-05
5.85787317206697e-05
5.84979766940667e-05
5.855328973216695e-05
5.841301028409896e-05
5.860376364507339e-05
5.8346299885109075e-05
5.8414423631372244e-05
5.849057966571903e-05
5.8231029983072976e-05
5.817497178969893e-05
5.8501644731185426e-05
5.878153217166914e-05
5.8699229438259924e-05
5.891806189715557e-05
5.8493964313907714e-05
5.8231794312613526e-05
5.854413289035033e-05
5.841422845532752e-05
5.829561851956821e-05
5.8374277982218604e-05
5.841892101698642e-05
5.852222387584561e-05
5.846720267121835e-05
5.856935709125647e-05
5.8589935599518694e-05
5.853771392382028e-05
5.9905686306521525e-05
5.905563308194928e-05
5.84869306081104e-05
5.853581095704191e-05
5.8400595083341006e-05
5.834236676438957e-05
5.827231210110701e-05
5.823489148068982e-05
5.839764962911106e-05
5.842063814697846e-05
5.8600049456791264e-05
5.8192086165900825e-05
5.827418775136434e-05
5.823537085055449e-05
5.822788821847261e-05
5.8475757468645355e-05
5.8237990583653914e-05
5.8309779644242876e-05
5.828335064490383e-05
5.821300754526485e-05
5.8228799737071595e-05
5.81055728577989e-05
5.8219326442238224e-05
5.808587306409421e-05
5.8116411193060366e-05
5.807207357112918e-05
5.798020176637238e-05
5.8022753521328844e-05
5.879985374585675e-05
5.7490628319999565e-05
5.788000302857542e-05
5.856388529206027e-05
5.811137625456464e-05
5.789093713407515e-05
5.757817865188919e-05
5.760716734304208e-05
5.7925301827591226e-05
5.8083435661814024e-05
5.779007249566075e-05
5.777824638274626e-05
5.794887012664694e-05
5.795427456891697e-05
5.780254212253545e-05
5.794132021065155e-05
5.7911702983855814e-05
5.787014735098459e-05
5.790300076888049e-05
5.792558272837508e-05
5.790780542004489e-05
5.79967455584904e-05
5.768560499760854e-05
5.7681836076777634e-05
5.777632298422024e-05
5.789288690441268e-05
5.773946532998409e-05
5.8214230084938503e-05
5.8279767203835694e-05
5.782068264871717e-05
5.8032662351038704e-05
5.80718788133807e-05
5.8157149856008617e-05
5.821076372022302e-05
5.835549837486523e-05
5.825120554069427e-05
5.7821853409890554e-05
5.845121200176703e-05
5.816516578937051e-05
5.824816249422904e-05
5.828982465731356e-05
5.90116400776917e-05
5.831968095650737e-05
5.8370004608911416e-05
5.8598713550888065e-05
5.848518977864187e-05
5.839588906887559e-05
5.8485967563496636e-05
5.8894378862635236e-05
5.841945865014681e-05
5.837341115798791e-05
5.858659129291345e-05
5.843169413012282e-05
5.84489379141569e-05
5.7896706830043866e-05
5.83694838528976e-05
5.839370302971512e-05
5.846937312312046e-05
5.85583651822668e-05
5.848589172007581e-05
5.873523734383521e-05
5.863214904432083e-05
5.868358100354389e-05
5.874588613729769e-05
5.881281951581653e-05
5.854972814428513e-05
5.8593126116646124e-05
5.862522974240483e-05
5.8626885283049244e-05
5.864200444235814e-05
5.865931060184952e-05
5.866616633996534e-05
5.8412767755174576e-05
5.855608550365781e-05
5.862038077982171e-05
5.828235800821736e-05
5.877155953700837e-05
5.8633980565590645e-05
5.8920767180142464e-05
5.888831776781941e-05
5.826817147576637e-05
5.8309838499721174e-05
5.822484846331484e-05
5.8587403561025295e-05
5.8776302896340043e-05
5.856119728656977e-05
5.851608284706056e-05
5.8503853093819394e-05
5.8313019945656884e-05
5.850486623101163e-05
5.816291201959089e-05
5.840809000911971e-05
5.817328426805907e-05
5.8473456871088725e-05
5.871534368998584e-05
5.811575212730884e-05
5.838868173648273e-05
5.8391452031672934e-05
5.809003927486158e-05
5.816313399119467e-05
5.821852330958189e-05
5.8571272590556476e-05
5.812840192997679e-05
5.816530149184803e-05
5.820086405328017e-05
5.800718926316783e-05
5.8023672873337543e-05
5.813634262937592e-05
5.7799311862700615e-05
5.774754528514684e-05
5.8084958693350056e-05
5.782004240656276e-05
5.804857443551744e-05
5.8059219506953874e-05
5.788048897920285e-05
5.835654356196281e-05
5.8475797577002684e-05
5.815950842900779e-05
5.794850352509152e-05
5.771091138011e-05
5.790397967773068e-05
5.8044932712431394e-05
5.758593322463977e-05
5.7758898804705574e-05
5.778482270598894e-05
5.7908020762477385e-05
5.784293324999425e-05
5.77434146332545e-05
5.7733077301580174e-05
5.766831070966816e-05
5.7496155043496426e-05
5.791246635535551e-05
5.7579828329038036e-05
5.78517119801039e-05
5.779180136695566e-05
5.786248966918017e-05
5.788431643865989e-05
5.759894091921976e-05
5.76253100164301e-05
5.76955315258633e-05
5.757340401415777e-05
5.792899440907238e-05
5.739724449041773e-05
5.757222678083477e-05
5.757832060337025e-05
5.7614205413036496e-05
5.7482225909560945e-05
5.751198407622124e-05
5.7635304009828826e-05
5.742019147180788e-05
5.754606072902594e-05
5.748576686874613e-05
5.7666449150949424e-05
5.7486301098954036e-05
5.7601013103660876e-05
5.769161894845115e-05
5.74691799213876e-05
5.745010146034558e-05
5.7416111861723674e-05
5.731358741840018e-05
5.7397219101225816e-05
5.740143719131733e-05
5.7603790085434675e-05
5.7474613706285815e-05
5.739970313584328e-05
5.737710826853882e-05
5.687509981055869e-05
5.6731733531815404e-05
5.769076560690112e-05
5.742776343310956e-05
5.722564194361996e-05
5.7247264607601797e-05
5.7345906306064784e-05
5.727377873657164e-05
5.729707732239261e-05
5.7242747776048796e-05
5.722408593856714e-05
5.694871323678172e-05
5.709629278454366e-05
5.684331613862286e-05
5.731066997288489e-05
5.710223046148469e-05
5.734059596571592e-05
5.70536774409853e-05
5.710957193074797e-05
5.727543182549249e-05
5.698999344167563e-05
5.706302737798448e-05
5.6996986938807786e-05
5.694662798564362e-05
5.749874999746438e-05
5.7071351975286295e-05
5.706268374055826e-05
5.717846602085062e-05
5.694150745725157e-05
5.6598145125915404e-05
5.694420760441778e-05
5.690771902522235e-05
5.681367768511971e-05
5.703149058320152e-05
5.696311075124297e-05
5.6728722266644005e-05
5.693625790190546e-05
5.676662805819759e-05
5.659601868695871e-05
5.6793541856631053e-05
5.701606573510233e-05
5.6423311930958824e-05
5.611920139646145e-05
5.647574167649089e-05
5.653400596703618e-05
5.686671334626343e-05
5.657084994304297e-05
5.65538466112282e-05
5.6396297963507505e-05
5.6552145415028675e-05
5.629224272591752e-05
5.5772136790428344e-05
5.665222548236997e-05
5.646431729874131e-05
5.614251154587574e-05
5.630592594105427e-05
5.638628449107504e-05
5.632066765033812e-05
5.626605345836128e-05
5.637652522120705e-05
5.591471948079673e-05
5.586129815688393e-05
5.640992948315512e-05
5.608190759329254e-05
5.607454081569873e-05
5.628304870890691e-05
5.6103622714396766e-05
5.6149965531698275e-05
5.649134693033732e-05
5.580622903122373e-05
5.5763043868177945e-05
5.579132056513767e-05
5.578323076513703e-05
5.615483777787485e-05
5.571555293329786e-05
5.575752194674218e-05
5.578665699440734e-05
5.5546312499984955e-05
5.582133085642367e-05
5.537573967365135e-05
5.55266895529598e-05
5.5541867655025216e-05
5.539965629361117e-05
5.5430984981048394e-05
5.549895628202053e-05
5.5472588772101596e-05
5.5450984102248665e-05
5.5359398092269134e-05
5.5916348987165404e-05
5.5990202765268264e-05
5.522877682678403e-05
5.527478457807368e-05
5.527021166437094e-05
5.521841039715541e-05
5.516612123997791e-05
5.501208980884001e-05
5.499305175568473e-05
5.5265567928168036e-05
5.513960965775768e-05
5.504966468495511e-05
5.508774892011383e-05
5.477574489928328e-05
5.486898966674837e-05
5.493181424682831e-05
5.4844688656951694e-05
5.465909148878722e-05
5.4673164273111285e-05
5.498503518352616e-05
5.474034217903687e-05
5.462169100345933e-05
5.47529544956047e-05
5.5189778158104146e-05
5.483940084325161e-05
5.460004702104601e-05
5.4800119174870524e-05
5.4307937091371846e-05
5.4451591101516087e-05
5.4172491608964816e-05
5.450412410101811e-05
5.449405189040784e-05
5.431341309107965e-05
5.430367839089151e-05
5.431666760055983e-05
5.401240585376339e-05
5.400897311866786e-05
5.426971629816595e-05
5.403703775971916e-05
5.3949235229074136e-05
5.4197310573939534e-05
5.407229349711145e-05
5.429331371786051e-05
5.41501777042342e-05
5.406006131736486e-05
5.4016741934789836e-05
5.395970294347138e-05
5.4097467827576477e-05
5.4251176512109724e-05
5.4012291864575216e-05
5.3829565540298764e-05
5.38297077859141e-05
5.3693460441381206e-05
5.3681793115127484e-05
5.353151029833959e-05
5.367488863872874e-05
5.3449663758073715e-05
5.3489576354452e-05
5.364075229210193e-05
5.338216209003502e-05
5.339245109991825e-05
5.338871421839816e-05
5.342612154600065e-05
5.329114885064743e-05
5.3201344038831496e-05
5.32290077112392e-05
5.320827225490102e-05
5.323679566151665e-05
5.3168741342606494e-05
5.310534830588144e-05
5.3044296377406004e-05
5.304015637517393e-05
5.3017719651643484e-05
5.3182234173483224e-05
5.299128163948181e-05
5.298277200985075e-05
5.282880660361224e-05
5.27542168831777e-05
5.317558194266956e-05
5.282458049106458e-05
5.297613029735216e-05
5.2677736507982956e-05
5.257945741863997e-05
5.249315008001307e-05
5.246602860584058e-05
5.23741606313998e-05
5.242797443776179e-05
5.252473617234421e-05
5.239717182749727e-05
5.251498752482303e-05
5.2591799102013224e-05
5.2519083215812675e-05
5.213305908862985e-05
5.2054525420653946e-05
5.2220934336028365e-05
5.2148571724502636e-05
5.207326150835506e-05
5.192739624812396e-05
5.207220841797349e-05
5.194124742915843e-05
5.190599370071551e-05
5.1862789455565555e-05
5.185489891901781e-05
5.150016422776803e-05
5.160742274447954e-05
5.169337680165837e-05
5.171226773350847e-05
5.16347264616258e-05
5.1591889497774185e-05
5.1537906310845184e-05
5.1660844441190865e-05
5.142857719129247e-05
5.1394134171687184e-05
5.1340260499791565e-05
5.134593905532144e-05
5.129878589621162e-05
5.1219960129273184e-05
5.124279001200261e-05
5.081324244098384e-05
5.069569490725376e-05
5.0986749679111395e-05
5.0988963331340215e-05
5.108792674963551e-05
5.10414107414877e-05
5.091709028607848e-05
5.091334989464852e-05
5.080714516399588e-05
5.087602621106203e-05
5.0620124278943215e-05
5.0745961974525004e-05
5.05107529927049e-05
5.065606370301138e-05
5.059182392044937e-05
5.051236072657277e-05
5.061936575756046e-05
5.072338103206171e-05
5.042358191375594e-05
5.0171494513813156e-05
5.071359123956386e-05
5.032369696498452e-05
5.020714435805512e-05
5.025897887903186e-05
5.0094680604472884e-05
5.0211803888983705e-05
5.006915647036691e-05
4.991518043687285e-05
4.9966002012531176e-05
4.9855431619941715e-05
4.978696524173626e-05
4.978976249010153e-05
4.982814894483779e-05
4.963931217809494e-05
4.965729063061878e-05
4.9637953500943084e-05
4.959991838039458e-05
4.955654764466997e-05
4.947767254080931e-05
4.944579957035196e-05
4.941726539549948e-05
4.939973260071912e-05
4.895965143572884e-05
4.9324407999161e-05
4.924922496304667e-05
4.9221786453920584e-05
4.916566661212678e-05
4.90936966703739e-05
4.912866660803081e-05
4.924284310093811e-05
4.896169224204113e-05
4.893515228484039e-05
4.8934719466671796e-05
4.879862156830899e-05
4.877077248706946e-05
4.8789399506298814e-05
4.8599112031515385e-05
4.8613273861892016e-05
4.857178549828084e-05
4.852109008524105e-05
4.821203046427051e-05
4.8447821056700234e-05
4.833542289935656e-05
4.855158034259879e-05
4.82719447869721e-05
4.8293786127868544e-05
4.818220466340002e-05
4.816135881881912e-05
4.817969226950752e-05
4.789487330126742e-05
4.799919681523125e-05
4.794400944191841e-05
4.789174437708301e-05
4.784127546300899e-05
4.7794829588507864e-05
4.7752131848545265e-05
4.777997824881668e-05
4.7473893213362904e-05
4.7588329815672615e-05
4.763622301280467e-05
4.795453448238183e-05
4.7494616800557735e-05
4.7405641203212675e-05
4.753343267317236e-05
4.7284467096119524e-05
4.6970774669953205e-05
4.736062041859334e-05
4.743134213335416e-05
4.712422692211709e-05
4.709521804980562e-05
4.69778472810951e-05
4.706238480367425e-05
4.6912084159123254e-05
4.691168596474376e-05
4.671191812791173e-05
4.672003469794617e-05
4.6647266552564806e-05
4.6753955717890025e-05
4.657613879250768e-05
4.662517491070333e-05
4.6527970432225806e-05
4.662647709223169e-05
4.641640384292504e-05
4.6291469591469233e-05
4.6807282689519926e-05
4.631752328210442e-05
4.609081472407439e-05
4.621874529959347e-05
4.641558132192972e-05
4.611148717656131e-05
4.617365359803847e-05
4.5915653884813425e-05
4.572474148331295e-05
4.5689968166537564e-05
4.5815500882559205e-05
4.5710968514401505e-05
4.564539518834908e-05
4.492315101493245e-05
4.5363648446241675e-05
4.5407624201962105e-05
4.5384016916159254e-05
4.546734241820585e-05
4.53732219762827e-05
4.5051653097151744e-05
4.509189365989872e-05
4.508048611057396e-05
4.500028873171758e-05
4.507568703231634e-05
4.510140898625609e-05
4.494696656682604e-05
4.489439972211285e-05
4.4868898516902935e-05
4.491879163162482e-05
4.467074013101556e-05
4.4739023852842695e-05
4.4530047453123044e-05
4.450294421658929e-05
4.448087826305296e-05
4.440861223456772e-05
4.44132727265379e-05
4.4092895124826384e-05
4.4213262299948693e-05
4.42520205109452e-05
4.422650050920667e-05
4.411837298670768e-05
4.3867607832864375e-05
4.384404726222639e-05
4.395134124724705e-05
4.38979325260993e-05
4.376471578147564e-05
4.378228615252921e-05
4.358481298207392e-05
4.365835261808556e-05
4.3612011791243283e-05
4.358315438760027e-05
4.351348330996035e-05
4.3699912761653176e-05
4.357698386891837e-05
4.3217295098117684e-05
4.344820992212695e-05
4.328399702668052e-05
4.325833869474347e-05
4.311586060074462e-05
4.304702892820832e-05
4.287172568360152e-05
4.266878388908633e-05
4.273722434184231e-05
4.187234975764473e-05
4.2300832650136684e-05
4.2684269870427796e-05
4.2627655499027044e-05
4.259459530597381e-05
4.2563036844597454e-05
4.2528339844515786e-05
4.243333166843102e-05
4.219106838729804e-05
4.2353777729675534e-05
4.227863603768717e-05
4.2207829692490924e-05
4.200953916379243e-05
4.186447859035584e-05
4.2161924121556945e-05
4.2033646990554484e-05
4.191814530716796e-05
4.1867092807105836e-05
4.1787547431558416e-05
4.195624431036716e-05
4.16088252856963e-05
4.166253746588587e-05
4.152427718607677e-05
4.150062311534866e-05
4.1437677222597306e-05
4.139264053544641e-05
4.132424667144485e-05
4.115890409261001e-05
4.129583339170675e-05
4.116939603545926e-05
4.127057710354775e-05
4.10260195147713e-05
4.100010752420817e-05
4.092991140891583e-05
4.0680257941576346e-05
4.072979143632702e-05
4.099267211622023e-05
4.0638133579576585e-05
4.0609273705843875e-05
4.055391842347611e-05
4.0489929703839005e-05
4.042190203251382e-05
4.035754234606034e-05
4.031167123368058e-05
4.026341394537187e-05
4.035576061557452e-05
4.038649582889346e-05
4.0193647703736226e-05
4.005013940724011e-05
3.995583767546723e-05
3.9845746406541747e-05
3.98350171844885e-05
3.9768731652375874e-05
3.962122945202297e-05
3.965376042426942e-05
3.955434898574513e-05
3.9397502575208123e-05
3.9429483642118465e-05
3.9364958815307855e-05
3.9158571348628104e-05
3.9208415996627534e-05
3.9194526340578955e-05
3.915491654729653e-05
3.908790356435717e-05
3.902628620184113e-05
3.890555206159013e-05
3.920174051857789e-05
3.865732742411279e-05
3.890466274287972e-05
3.875200494323945e-05
3.866780017874839e-05
3.8598275296811794e-05
3.853647941085548e-05
3.838698068947393e-05
3.845225732032926e-05
3.833812258559747e-05
3.8244910455952446e-05
3.822000058693117e-05
3.80099828690859e-05
3.8065740066522295e-05
3.802374085533159e-05
3.814801397134686e-05
3.796203124570504e-05
3.785243175013992e-05
3.76543715442512e-05
3.788977111353694e-05
3.769280446525751e-05
3.759920424165495e-05
3.752892936402787e-05
3.741394872546835e-05
3.730500471350147e-05
3.7375677416114394e-05
3.6935362791166145e-05
3.690531303881084e-05
3.7144551843093766e-05
3.707930284545409e-05
3.693459334224814e-05
3.7150284661287884e-05
3.69485030515501e-05
3.689408634308777e-05
3.6769405637449004e-05
3.6720697260739104e-05
3.663925701740897e-05
3.655534104403835e-05
3.660409406544694e-05
3.640931412580983e-05
3.629789133943757e-05
3.628055750423419e-05
3.583909316035218e-05
3.623627630584282e-05
3.614305066894024e-05
3.6076694679680165e-05
3.602421316153977e-05
3.620974633442804e-05
3.586870524330221e-05
3.578752973998183e-05
3.573466424060825e-05
3.573476598674228e-05
3.554149634338376e-05
2.1000556619263924e-05
2.0774650757766743e-05
2.0710274383103772e-05
2.0678722230596195e-05
2.0578061340499024e-05
2.0559780376516856e-05
2.0637817033120304e-05
2.066621345420389e-05
2.0989440443509052e-05
2.0908371709652574e-05
2.0688836398240613e-05
2.0330496218065678e-05
2.0808825260775154e-05
2.0745527512936096e-05
2.0644938412482687e-05
2.060037093635443e-05
2.0745518785525313e-05
2.081673393922106e-05
2.077595695751157e-05
2.078153914621157e-05
2.0792402114533278e-05
2.0827854096321753e-05
2.075213903443217e-05
2.077063896835486e-05
2.080713570242424e-05
2.0654713039630296e-05
2.0760880339153085e-05
2.0827777669401845e-05
2.083174791635907e-05
2.0840393257848564e-05
2.0848500335669855e-05
2.071862554960263e-05
2.0835323600119448e-05
2.085133060242841e-05
2.085026860225121e-05
2.0857569444992113e-05
2.0696919461207177e-05
2.0740114602918116e-05
2.0747141303972758e-05
2.0852348947848623e-05
2.084529301663544e-05
2.0852928645192678e-05
2.0910901269205525e-05
2.0841248005404566e-05
2.0851830401562492e-05
2.090460119175802e-05
2.0883325590871904e-05
2.0860464128708536e-05
2.0853683691175314e-05
2.0847156217405337e-05
2.084691540144757e-05
2.0840431001195004e-05
2.086779348548722e-05
2.0837144882343214e-05
2.075990228743947e-05
2.0939369554788183e-05
2.083125257694527e-05
2.081949002103414e-05
2.135536940509674e-05
2.1173480264546464e-05
2.0819031150161157e-05
2.0833073449376635e-05
2.0611024641723205e-05
2.0841606684243308e-05
2.0799245744531903e-05
2.0782329325387485e-05
2.0777686925397607e-05
2.0782197527525486e-05
2.075709584053955e-05
2.0750610156245346e-05
2.117468055952348e-05
2.0774265889760836e-05
2.0828230163554703e-05
2.0726244686233532e-05
2.072075254648475e-05
2.07160438448579e-05
2.0721198879370682e-05
2.0722351516881838e-05
2.0707588410283087e-05
2.0679857085750462e-05
2.0680629560487453e-05
2.064388628806617e-05
2.0736480693461367e-05
2.0613361301696996e-05
2.06115310595887e-05
2.0619625182669567e-05
2.0361346722818246e-05
2.0642498941167766e-05
2.060500902331476e-05
2.0577853884333984e-05
2.0535664641356982e-05
2.0577327195785886e-05
2.102621316962947e-05
2.0647804009722752e-05
2.0879470790591612e-05
2.0485499246705396e-05
2.0673744154620842e-05
2.0495316848321603e-05
2.0593925314351085e-05
2.045816931429406e-05
2.0480049302277142e-05
2.0454760658152938e-05
2.057519398218273e-05
2.037901665042908e-05
2.0390560617401358e-05
2.03976934020752e-05
2.040596990861452e-05
2.0351104132489556e-05
2.036265502320281e-05
2.0330153989923603e-05
2.034872108127735e-05
2.0290840924465296e-05
1.981980017411827e-05
2.0300054662027257e-05
2.0278472688604622e-05
2.021499356478617e-05
2.0262249725860962e-05
2.0243817845478995e-05
2.0231128623824716e-05
2.0331806573019443e-05
2.0190669109311054e-05
2.0085493132037648e-05
1.9937259607320903e-05
2.012112374848069e-05
2.013403888087085e-05
2.0116555333527842e-05
2.0105422267388165e-05
2.0088452883220273e-05
2.0078500983373303e-05
2.0061842049520626e-05
2.0045637943952572e-05
2.002738396567315e-05
1.9726829984740387e-05
1.969889305908502e-05
1.9888477430963223e-05
1.991974109157976e-05
1.9957481135886207e-05
1.9974158238546864e-05
1.990321001320425e-05
1.993460541209801e-05
1.993213894843347e-05
1.985950993410857e-05
1.9833589077649065e-05
1.975266142908477e-05
1.979619068595862e-05
1.980337701467296e-05
1.9812487721011946e-05
1.9771814704073624e-05
1.97473833352022e-05
1.9697691574606245e-05
1.9696737989231502e-05
1.969051866841084e-05
1.9679817642464378e-05
1.965085541784616e-05
1.9638263055887905e-05
1.955675359284473e-05
1.966331545991259e-05
1.9667046307491316e-05
1.9578129738289357e-05
1.9558051285392472e-05
1.9306677825843906e-05
1.94194162471555e-05
1.9558300306633617e-05
1.9565923100757904e-05
1.937981377516577e-05
1.94325874389456e-05
1.941958721539326e-05
1.937833584741904e-05
1.9386339159200043e-05
1.9363104611988106e-05
1.9972784127866484e-05
1.9227575833251234e-05
1.928255912197093e-05
1.928356450827623e-05
1.9262980579421047e-05
1.916259989428615e-05
1.921668492128104e-05
1.9201592272118954e-05
1.9187594641338016e-05
1.9218657688654817e-05
1.921407294645899e-05
1.913902447393168e-05
1.9106081845379896e-05
1.9058440443781198e-05
1.909347271811704e-05
1.9046735866600815e-05
1.9096593020508884e-05
1.901101267424468e-05
1.8941978061159803e-05
1.8997870166704718e-05
1.8964005152717788e-05
1.8949125938849248e-05
1.888830255821823e-05
1.8870564362615794e-05
1.8811974530488452e-05
1.8876872804441168e-05
1.8889945194877385e-05
1.879325057552619e-05
1.8604717130858335e-05
1.86933194514441e-05
1.8702336987643954e-05
1.8697498447045714e-05
1.8735392407637006e-05
1.872397137594754e-05
1.86457080237555e-05
1.8618129779472684e-05
1.851803980966171e-05
1.8570352064291633e-05
1.8553283357437794e-05
1.8537847577171322e-05
1.8510387990730507e-05
1.7416489040276378e-05
1.8522559957133487e-05
1.842272364188782e-05
1.826697256809577e-05
1.842379704553796e-05
1.8453342379074013e-05
1.826947191218018e-05
1.832636934792024e-05
1.8326196356938606e-05
1.830881632698657e-05
1.830408748430897e-05
1.761791407651112e-05
1.8392105080217723e-05
1.8232396336393657e-05
1.9040699038071494e-05
1.8349554970708904e-05
1.8182270815336868e-05
1.810724380399406e-05
1.8129933428229285e-05
1.8056635179006043e-05
1.8051571457752738e-05
1.8025493346739865e-05
1.8739271478135607e-05
1.8031604280509942e-05
1.7933257693488926e-05
1.8056853145712582e-05
1.8068305039412838e-05
1.788674451805299e-05
1.7864022388709495e-05
1.7842775937776874e-05
1.7819038199557575e-05
1.779481156980105e-05
1.7655324176966503e-05
1.7679342087233948e-05
1.7707826698703327e-05
1.7697014858414104e-05
1.7678332600996e-05
1.766113152514785e-05
1.7526131255885573e-05
1.7743575591244148e-05
1.7731112685473166e-05
1.7498901623267553e-05
1.755588795619532e-05
1.7220546229684833e-05
1.7519868912967998e-05
1.7479129527887503e-05
1.6747314190638432e-05
1.729481901853125e-05
1.7358997667036192e-05
1.7344569076070943e-05
1.735196649013149e-05
1.7335011256711494e-05
1.7308756239237818e-05
1.7283493754978574e-05
1.7323532506791537e-05
1.7276742791860946e-05
1.721739005088827e-05
1.7171025645891656e-05
1.7151537669862448e-05
1.712079897510877e-05
1.711399801999687e-05
1.7214499644850133e-05
1.696910728171611e-05
1.7001235245940615e-05
1.7008874726982962e-05
1.6875278239645618e-05
1.692204791493298e-05
1.6813014833210526e-05
1.7020403205544124e-05
1.6864777157413825e-05
1.6894436329804445e-05
1.6876801689096458e-05
1.6841183337282056e-05
1.6828031168006048e-05
1.6994698336684863e-05
1.678535596605482e-05
1.6744083288170005e-05
1.671663989404537e-05
1.6681265676378217e-05
1.6500818780822657e-05
1.6592268750036473e-05
1.646602827651722e-05
1.6739981364370315e-05
1.654309100674736e-05
1.6536472314842323e-05
1.652341459836878e-05
1.649450110596559e-05
1.646835864895687e-05
1.6447277956782377e-05
1.6422763560502274e-05
1.6586310970135164e-05
1.6380732915904496e-05
1.635173774401149e-05
1.632601160785678e-05
1.6299732828563445e-05
1.6300295239228993e-05
1.6255516454164268e-05
1.6276237513063038e-05
1.61649935238081e-05
1.6135193571486386e-05
1.627585182671719e-05
1.6147573796838033e-05
1.6109179550657116e-05
1.6080343620446115e-05
1.6054583681162714e-05
1.6029828716810695e-05
1.600189961788564e-05
1.6397412864532312e-05
1.5778530358296194e-05
1.5898707124173414e-05
1.595701195007572e-05
1.589892656454772e-05
1.585745654827124e-05
1.588804872549684e-05
1.5846917944131328e-05
1.579762730297356e-05
1.576754903948025e-05
1.5899528710039286e-05
1.5715486138900133e-05
1.5685925653644954e-05
1.5911372324414576e-05
1.5604879577805557e-05
1.5681122714996287e-05
1.5611369437691874e-05
1.557468266800166e-05
1.5486476360458004e-05
1.550213023518218e-05
1.554214811224126e-05
1.5445728846126537e-05
1.5453931977034655e-05
1.5418757061871472e-05
1.539573074309412e-05
1.5373233604403877e-05
1.5348963401095946e-05
1.5329902820047446e-05
1.53002047357998e-05
1.5275665908123556e-05
1.5253308618888254e-05
1.4987727276657987e-05
