7.490305282362721e-05
4.452601977271513e-05
4.381255421410275e-05
4.36959351527006e-05
4.3691642308652824e-05
4.371637330979924e-05
4.375322235519413e-05
4.3796961930227874e-05
4.3844953663489516e-05
4.389553997532289e-05
4.394764033501029e-05
4.400053981653663e-05
4.405376006050377e-05
4.410697311046545e-05
4.4159941060145576e-05
4.4212487766285054e-05
4.426447993452129e-05
4.431581784648784e-05
4.436642913562941e-05
4.4416262078840613e-05
4.446528055413026e-05
4.4477816858258634e-05
4.4489967550853605e-05
4.450174413631695e-05
4.4513157307076354e-05
4.452421758927193e-05
4.453493708254324e-05
4.4545325005127324e-05
4.455538894279198e-05
4.456513327920264e-05
4.4574560569997495e-05
4.4583670151179825e-05
4.45924601028396e-05
4.460092672382394e-05
4.4609066508749116e-05
4.461687622323863e-05
4.4624351932616e-05
4.4631489709258754e-05
4.463828535100368e-05
4.464473509617985e-05
4.465083626910932e-05
4.465658638967506e-05
4.46619846759568e-05
4.466702851873093e-05
4.4671711375302184e-05
4.467602557815107e-05
4.467996393343268e-05
4.4683519662597105e-05
4.468668893353385e-05
4.468947132231825e-05
4.469187077115695e-05
4.469389448401184e-05
4.4695550880951226e-05
4.469684842487905e-05
4.469779596906554e-05
4.469840364724579e-05
4.469868174982681e-05
4.469864090454675e-05
4.4698291972807854e-05
4.469764760842397e-05
4.46967205820042e-05
4.469552558207162e-05
4.469407776883864e-05
4.469239181544612e-05
4.469048033301416e-05
4.468835546164391e-05
4.468602699187427e-05
4.468350290471292e-05
4.4680790799463875e-05
4.467790075055939e-05
4.46748452339384e-05
4.467163866004456e-05
4.466829492622999e-05
4.4664827372714914e-05
4.466124639693545e-05
4.465756045095532e-05
4.465377766171055e-05
4.464990671715637e-05
4.4645956838793646e-05
4.464193663901589e-05
4.4637853850253224e-05
4.463371491561385e-05
4.4629521396963333e-05
4.462527245860011e-05
4.462096604309722e-05
4.461660123423691e-05
4.461170500049845e-05
4.4605437623699686e-05
4.459910158289543e-05
4.4592700888795315e-05
4.458623956527102e-05
4.4579724065843864e-05
4.457315772226832e-05
4.4566544678071295e-05
4.4559891444847815e-05
4.45532069919186e-05
4.454649649370052e-05
4.453976557364032e-05
4.453302092314018e-05
4.452627018841019e-05
4.451952303355224e-05
4.4512786670805066e-05
4.4506071491334666e-05
4.449938722327085e-05
4.449274153291403e-05
4.4486141016247216e-05
4.447959232055549e-05
4.447309871710486e-05
4.4466661843027687e-05
4.44602838830751e-05
4.44539657920413e-05
4.4447708814939845e-05
4.444151495554432e-05
4.443538296665637e-05
4.4429310406617196e-05
4.442329568972927e-05
4.441733654831748e-05
4.441143240723238e-05
4.440558354019575e-05
4.439978914957215e-05
4.439404847815351e-05
4.438836017458315e-05
4.4382722457028415e-05
4.437713268065649e-05
4.437158870221889e-05
4.436608689180156e-05
4.4360625726409864e-05
4.435520193631195e-05
4.434981223572394e-05
4.434445576445217e-05
4.43391328464059e-05
4.433384690626272e-05
4.432860189480613e-05
4.432340407130198e-05
4.431826233214496e-05
4.431318789133478e-05
4.430819524464312e-05
4.430330012250358e-05
4.42985164190893e-05
4.42938563746274e-05
4.428933189528171e-05
4.428495424193519e-05
4.428073452283545e-05
4.42766843940592e-05
4.427281675909652e-05
4.426914301796134e-05
4.4265672546909464e-05
4.4262413867722236e-05
4.425937417783599e-05
4.425656027837697e-05
4.425397979633866e-05
4.425164229803171e-05
4.424955948185601e-05
4.424774461579675e-05
4.424621232845398e-05
4.424498013543379e-05
4.424406437888015e-05
4.424348057534815e-05
4.4243241996909494e-05
4.4243360416625564e-05
4.424384623631079e-05
4.4244709087615595e-05
4.424595810809643e-05
4.4247601043763376e-05
4.4249643672652304e-05
4.425209206174542e-05
4.4254951647508626e-05
4.425822807989848e-05
4.426192571402193e-05
4.4266049595908895e-05
4.427060607242556e-05
4.427559978348481e-05
4.4281033998419706e-05
4.4286912017251456e-05
4.429323711832347e-05
4.430001390266998e-05
4.4307245641895545e-05
4.431493409319519e-05
4.432308138002489e-05
4.433168871892139e-05
4.4340757798327004e-05
4.4350290690966795e-05
4.4360289850605135e-05
4.437075514868217e-05
4.4381687505487836e-05
4.439308851271922e-05
4.4404958568819424e-05
4.441729530618651e-05
4.4430094032059564e-05
4.444334831252427e-05
4.4457051735267794e-05
4.44711953026405e-05
4.448576639607232e-05
4.4500751311593774e-05
4.4516134126167325e-05
4.453189682584186e-05
4.4548019389104255e-05
4.4564480306690534e-05
4.458125852685064e-05
4.459832852202752e-05
4.461566388037311e-05
4.463323719093958e-05
4.4651020067217104e-05
4.466898341654772e-05
4.468709777286298e-05
4.470533465435602e-05
4.4723669595427924e-05
4.474207755827191e-05
4.476053590221333e-05
4.477902478511214e-05
4.479753114820379e-05
4.481604907223665e-05
4.483457505039104e-05
4.485310769644681e-05
4.487164732428875e-05
4.4890194677134865e-05
4.4908749903535425e-05
4.492730933044414e-05
4.494586676752334e-05
4.496441070709554e-05
4.4982924923282174e-05
4.5001392488610085e-05
4.501979488097429e-05
4.503811478306919e-05
4.5056334477313465e-05
4.507443869760819e-05
4.5092415819786984e-05
4.511025879769145e-05
4.512796558011131e-05
4.51455398497587e-05
4.5162985270147816e-05
4.518030550358502e-05
4.519750374353216e-05
4.521458174755821e-05
4.523153987591796e-05
4.524837840054165e-05
4.526509858886485e-05
4.528170195540768e-05
4.5298187783810934e-05
4.531455335263444e-05
4.533079473923486e-05
4.534690853923349e-05
4.536289413961429e-05
4.537875209427496e-05
4.53944796117045e-05
4.541007561964427e-05
4.542553982062504e-05
4.544087185406887e-05
4.5456073282617686e-05
4.5471145635981165e-05
4.5486091104257443e-05
4.550091916437265e-05
4.551563333214969e-05
4.553023956377225e-05
4.5544744334080025e-05
4.555915564355834e-05
4.557347751883883e-05
4.5587721277108273e-05
4.560188719297153e-05
4.561597660388123e-05
4.562998994930955e-05
4.56439283487918e-05
4.565779284975425e-05
4.567158287878313e-05
4.568529739070489e-05
4.569893368477991e-05
4.571247793807222e-05
4.5725908868285916e-05
4.573919366096936e-05
4.5752295228249005e-05
4.576517050370759e-05
4.5777775489474454e-05
4.57900679660037e-05
4.5802012601011766e-05
4.581356766652245e-05
4.582469341793212e-05
4.583535370608567e-05
4.584552295298764e-05
4.5855175402237636e-05
4.58642901221291e-05
4.5872848726361764e-05
4.5880841964075074e-05
4.588826731489077e-05
4.5895123842589395e-05
4.5901417896808805e-05
4.590716451025778e-05
4.5912382025795984e-05
4.591708837135321e-05
4.592129981571204e-05
4.59250330247847e-05
4.592831228679003e-05
4.593114805803748e-05
4.593354802591399e-05
4.593551855570934e-05
4.593707014610717e-05
4.593821528386939e-05
4.593896445803611e-05
4.5939331220037544e-05
4.5939328468428165e-05
4.593896437556271e-05
4.593824733699183e-05
4.5937184517215984e-05
4.593578024043643e-05
4.593403582599936e-05
4.593194464115655e-05
4.592949810948118e-05
4.592669065663862e-05
4.5923519996558596e-05
4.591998263639374e-05
4.59160714800358e-05
4.591177394191905e-05
4.5907071509018534e-05
4.590194468321654e-05
4.589637783579278e-05
4.589036185094703e-05
4.5883888173413e-05
4.5876947764600415e-05
4.586953264187146e-05
4.5861639324474966e-05
4.585327541627317e-05
4.5844456436509164e-05
4.5835208683915096e-05
4.582556675834004e-05
4.581556868232962e-05
4.580523810800611e-05
4.579458925536603e-05
4.578362091344886e-05
4.5772330350075564e-05
4.5760717282481704e-05
4.574876411319996e-05
4.573645524296568e-05
4.572377723531749e-05
4.5710722940777874e-05
4.569729818038777e-05
4.5683511039324915e-05
4.566937044311584e-05
4.5654881925836885e-05
4.564003534657614e-05
4.5624817454139585e-05
4.560922164885335e-05
4.559324918987517e-05
4.557690526407652e-05
4.5560203743290276e-05
4.5543151496778854e-05
4.552575723220111e-05
4.550803658107062e-05
4.549001787747382e-05
4.5471740553422816e-05
4.545325432622764e-05
4.543460937719828e-05
4.541585280671626e-05
4.539702074652221e-05
4.537813835687729e-05
4.535922044124746e-05
4.534027075524044e-05
4.5321293511451426e-05
4.530229948316912e-05
4.5283307757793364e-05
4.526435085930009e-05
4.524547090003776e-05
4.522671731751392e-05
4.52081451494422e-05
4.518981570327336e-05
4.517178420953612e-05
4.5154087892476854e-05
4.51367524091712e-05
4.51197976060884e-05
4.510323887666162e-05
4.5087091240506385e-05
4.50713741568082e-05
4.505610977105495e-05
4.5041317164099886e-05
4.5027018335929686e-05
4.50132289630455e-05
4.499995373013949e-05
4.4987190710188894e-05
4.497494132207475e-05
4.496123643846255e-05
4.494422593451907e-05
4.4927692617608244e-05
4.491164632450564e-05
4.489607933890351e-05
4.488097821030371e-05
4.486632535835249e-05
4.4852100649809535e-05
4.483828502264232e-05
4.4824861796930554e-05
4.481181960359064e-05
4.479914552303333e-05
4.478683046455516e-05
4.477486196414381e-05
4.4763221200595355e-05
4.47518882698586e-05
4.474082925261552e-05
4.4730002580607684e-05
4.4719366268021355e-05
4.470887632789789e-05
4.46984844598836e-05
4.468814506143807e-05
4.467781175819773e-05
4.4667441568934125e-05
4.465699337047651e-05
4.464642326223032e-05
4.463568333721528e-05
4.4624726029431065e-05
4.4613499368944275e-05
4.460194294599232e-05
4.458999263102021e-05
4.457758659528444e-05
4.45646654800653e-05
4.455117549023962e-05
4.453706846361892e-05
4.452230076584946e-05
4.450683033933931e-05
4.449061839843477e-05
4.4473634199365135e-05
4.4455859068035675e-05
4.443727979634111e-05
4.4417882901047857e-05
4.4397649610307476e-05
4.437656031313522e-05
4.435459914866382e-05
4.4331757746716705e-05
4.430803317803453e-05
4.428343333731108e-05
4.425796945490017e-05
4.423166025387751e-05
4.420453437292387e-05
4.417662861908057e-05
4.414798491628181e-05
4.411864671145591e-05
4.408865654066041e-05
4.405806107120654e-05
4.402691328379562e-05
4.399527252584409e-05
4.396319471807004e-05
4.3930726531517823e-05
4.389790576930107e-05
4.386476671835651e-05
4.383134131591027e-05
4.379766534068094e-05
4.376377283031602e-05
4.372969908762126e-05
4.36954752854815e-05
4.366112474477828e-05
4.362666205586919e-05
4.35920935607189e-05
4.3557414752253595e-05
4.352261100769948e-05
4.3487660675981655e-05
4.3452537062139644e-05
4.34172197747832e-05
4.338169174776975e-05
4.334593456753197e-05
4.330993432030343e-05
4.32736841257378e-05
4.323717935145255e-05
4.3200421367525324e-05
4.3163412970227425e-05
4.312615914804817e-05
4.308867626402898e-05
4.305098880706316e-05
4.301312250891155e-05
4.297511161587063e-05
4.293698067157694e-05
4.289875985890142e-05
4.28604753304983e-05
4.282214411442238e-05
4.278378405760649e-05
4.274540443507496e-05
4.2707002156872394e-05
4.266858274055147e-05
4.2630145470724595e-05
4.259168544219525e-05
4.255320460395656e-05
4.251470681333396e-05
4.247619319411963e-05
4.2437657413481516e-05
4.2399093544030654e-05
4.2360505394561725e-05
4.232188799799109e-05
4.2283237151508726e-05
4.2244554090931236e-05
4.2205832481854014e-05
4.2167070660844815e-05
4.212827240666113e-05
4.208944677687533e-05
4.2050597729266886e-05
4.201173512182733e-05
4.197286185860746e-05
4.193398273577213e-05
4.1895108173969326e-05
4.1856244834772485e-05
4.181740531945048e-05
4.177860938744949e-05
4.173987844489018e-05
4.1701232544520816e-05
4.166268932910643e-05
4.162426491707869e-05
4.158597374368116e-05
4.1547830977727154e-05
4.1509846688489074e-05
4.147202929658039e-05
4.1434383503190064e-05
4.139691396370732e-05
4.135962655409828e-05
4.132252469874795e-05
4.128560960763166e-05
4.124888193941674e-05
4.1212345211731255e-05
4.117599631798221e-05
4.1139833952308035e-05
4.110385537351163e-05
4.106805184416445e-05
4.1032418698882446e-05
4.099694957147329e-05
4.096164111594909e-05
4.092649339350596e-05
4.0891500206665055e-05
4.0856659771144256e-05
4.082196765429765e-05
4.078742117951722e-05
4.075302405158661e-05
4.0718776910935845e-05
4.068467795475135e-05
4.065073043815262e-05
4.061693739694624e-05
4.0583299690173916e-05
4.0549817244110046e-05
4.051649177081045e-05
4.048332332225247e-05
4.0450311417415856e-05
4.041745268873837e-05
4.038474581384928e-05
4.035218713612344e-05
4.0319773998358046e-05
4.0287502529870787e-05
4.025537334316713e-05
4.0223383555085144e-05
4.019153076191782e-05
4.015981323692435e-05
4.012823252631295e-05
4.0096787052445844e-05
4.006547450159267e-05
4.003429347280261e-05
4.0003243981057664e-05
3.997232443927826e-05
3.9941533539142164e-05
3.991087018283488e-05
3.9880334083594195e-05
3.9849926080009544e-05
3.981964487317808e-05
3.9789486546121766e-05
3.975944523182499e-05
3.972951463262329e-05
3.969968449773909e-05
3.966994267659113e-05
3.964027580719652e-05
3.961067260338026e-05
3.958112009071175e-05
3.9551606061100646e-05
3.95221197673285e-05
3.949265296180303e-05
3.946319880417073e-05
3.9433753101087975e-05
3.940431255586041e-05
3.937487499834495e-05
3.934543965463486e-05
3.931600654420191e-05
3.928657618935686e-05
3.9257149990866204e-05
3.922773162662785e-05
3.9198324845732e-05
3.916893354313373e-05
3.913956180676927e-05
3.911021204360746e-05
3.908088526719792e-05
3.905158027601945e-05
3.9022293230978514e-05
3.8993017489598404e-05
3.8963743825363803e-05
3.893446098289137e-05
3.890515653589615e-05
3.8875818619010865e-05
3.884643228575763e-05
3.8816982463571186e-05
3.878745443750387e-05
3.875783416244674e-05
3.8728108434606454e-05
3.869826495866832e-05
3.866829207348146e-05
3.863817844410027e-05
3.860791418807297e-05
3.857748841248186e-05
3.854689070373272e-05
3.851611079908351e-05
3.848513817385224e-05
3.845396319943579e-05
3.842257732835716e-05
3.839097319307559e-05
3.835914457549266e-05
3.832708657266715e-05
3.829479580802494e-05
3.82622709169196e-05
3.8229513092604316e-05
3.81965281584982e-05
3.8163322873125324e-05
3.812990611292823e-05
3.809629004279809e-05
3.806248913935812e-05
3.8028515993466524e-05
3.799438242734665e-05
3.796009992550024e-05
3.7925679125327426e-05
3.789112943343815e-05
3.785645872780769e-05
3.782167324362987e-05
3.7786777600322546e-05
3.7751775101898875e-05
3.7716668359263004e-05
3.7681458089295826e-05
3.7646144150242156e-05
3.761072568131586e-05
3.7575201797334605e-05
3.753957305893541e-05
3.750383872027652e-05
3.7467998900222275e-05
3.7432054886288734e-05
3.739600935089206e-05
3.735986642958897e-05
3.7323631632646267e-05
3.728731158497759e-05
3.725091360434708e-05
3.721444527003249e-05
3.717791500544994e-05
3.714132956901373e-05
3.7104694831435785e-05
3.7068015642320045e-05
3.7031295946635245e-05
3.699453895571439e-05
3.695774635274022e-05
3.692091900690398e-05
3.688405720539511e-05
3.684716072389533e-05
3.681022967927943e-05
3.6773265117464307e-05
3.67362657051468e-05
3.669922993966017e-05
3.666215623666386e-05
3.66250439141536e-05
3.6587891075946314e-05
3.655069687872045e-05
3.651345964603484e-05
3.647617760088759e-05
3.6438849102566e-05
3.640147265261749e-05
3.636404684805503e-05
3.632657053526985e-05
3.6289043632428905e-05
3.6251465163229626e-05
3.6213835971196896e-05
3.617615516111591e-05
3.6138421660744487e-05
3.61006347861349e-05
3.606279385241221e-05
3.602489807275227e-05
3.59869472095732e-05
3.5948941498944395e-05
3.5910880578842733e-05
3.5872764255488937e-05
3.583459245445961e-05
3.579636523950897e-05
3.575808282600381e-05
3.571974601215592e-05
3.568135572038633e-05
3.5642912591399166e-05
3.560441741226093e-05
3.5565871112884845e-05
3.5527275470366096e-05
3.548863196478485e-05
3.544994166845161e-05
3.541120691245722e-05
3.537242912396401e-05
3.533360983226822e-05
3.529475036700556e-05
3.525585145756641e-05
3.5216913736501145e-05
3.5177937736984274e-05
3.513892391621696e-05
3.5099872662990465e-05
3.5060784374897105e-05
3.50216611044553e-05
3.498250340324863e-05
3.494331140470857e-05
3.4904085281186094e-05
3.486482522899259e-05
3.4825531501861416e-05
3.478620443056447e-05
3.474684485050838e-05
3.470745456715611e-05
3.466803412386356e-05
3.462858478386767e-05
3.458910693447047e-05
3.454960096248243e-05
3.451006734300415e-05
3.447050878469318e-05
3.443092560880716e-05
3.439131795505477e-05
3.435168596697532e-05
3.431203075923043e-05
3.4272352879860085e-05
3.4232652374102344e-05
3.419292932163196e-05
3.415318383025594e-05
3.4113416212811175e-05
3.407362850558648e-05
3.403382182518113e-05
3.399399702017957e-05
3.395415423937687e-05
3.3914293711768354e-05
3.387441575153824e-05
3.3834520759784214e-05
3.3794609221893604e-05
3.375468321976307e-05
3.371474375794274e-05
3.3674794423009563e-05
3.3634836370825465e-05
3.359487084796814e-05
3.35548989125871e-05
3.351492136586305e-05
3.34749403853726e-05
3.3434957165069594e-05
3.3394974362098315e-05
3.335499350391821e-05
3.331501542852654e-05
3.327504143263507e-05
3.323507236768256e-05
3.319510897622831e-05
3.315515196633893e-05
3.311520201812035e-05
3.3075259833169436e-05
3.303532615303325e-05
3.29954017821875e-05
3.295548760653142e-05
3.291558482228355e-05
3.287569642610025e-05
3.283582347455377e-05
3.279596715847316e-05
3.2756128808432476e-05
3.271630989262595e-05
3.267651196459279e-05
3.263673665770836e-05
3.2596985663501784e-05
3.255726071421986e-05
3.251756353779244e-05
3.247789583892392e-05
3.2438259585014525e-05
3.239865736534921e-05
3.235909180529559e-05
3.231956417060362e-05
3.228007562106129e-05
3.224062720802315e-05
3.2201219910231225e-05
3.2161854560434866e-05
3.2122531919754596e-05
3.208325269558948e-05
3.2044017380008464e-05
3.200482635411379e-05
3.1965679899310784e-05
3.1926578742651905e-05
3.188752329560419e-05
3.1848514319778644e-05
3.180955187221733e-05
3.177063568146686e-05
3.173176543493497e-05
3.1692940776715855e-05
3.165416132120076e-05
3.1615426655281005e-05
3.157673632670589e-05
3.1538089869170145e-05
3.14994867862112e-05
3.146092654028118e-05
3.142240857159285e-05
3.138393231135499e-05
3.134549730129661e-05
3.1307103462842986e-05
3.1268750859841235e-05
3.1230439157733884e-05
3.119216762619377e-05
3.115393554438209e-05
3.111574221426995e-05
3.1077586941359767e-05
3.1039469038731186e-05
3.1001387830743815e-05
3.0963342654070416e-05
3.092533285337547e-05
3.0887357845243655e-05
3.084941790685255e-05
3.081151231935925e-05
3.077364036852104e-05
3.073580134061822e-05
3.06979945128973e-05
3.066021914918197e-05
3.0622474517487626e-05
3.058475990514271e-05
3.0547074558613255e-05
3.050941819639434e-05
3.0471790054294647e-05
3.043418927029855e-05
3.039661497526509e-05
3.0359066297748014e-05
3.032154236605113e-05
3.028404230708165e-05
3.0246565257035597e-05
3.020911036668915e-05
3.0171676814572218e-05
3.0134263809330944e-05
3.009687059414795e-05
3.0059496460599168e-05
3.002214078683524e-05
2.9984803696708922e-05
2.994748482352373e-05
2.9910183633398628e-05
2.9872899654772982e-05
2.9835632487820362e-05
2.9798381833085805e-05
2.976114765810308e-05
2.9723930134881154e-05
2.9686729198590047e-05
2.964954472929236e-05
2.961237736907577e-05
2.9575227164337983e-05
2.953809410811207e-05
2.950097827024304e-05
2.9463879734493768e-05
2.9426798608858723e-05
2.938973504202393e-05
2.9352689215762708e-05
2.931566136954473e-05
2.927865191164293e-05
2.9241662138427516e-05
2.9204692300542126e-05
2.916774262640398e-05
2.9130813373932928e-05
2.9093904820569954e-05
2.9057017273148396e-05
2.902015104420932e-05
2.8983306457467374e-05
2.8946483851811035e-05
2.8909683578827007e-05
2.887290609787906e-05
2.8836152137526528e-05
2.8799422023763517e-05
2.8762716083339035e-05
2.872603464800905e-05
2.868937804574715e-05
2.865274659711125e-05
2.861614062352233e-05
2.8579560445523996e-05
2.8543006370853814e-05
2.8506478695286905e-05
2.8469977708176787e-05
2.843350368749212e-05
2.8397056902960645e-05
2.8360638002884464e-05
2.832424724606364e-05
2.8287885405359157e-05
2.8251552882152977e-05
2.82152497966406e-05
2.8178976866948064e-05
2.8142734322840947e-05
2.8106522544148696e-05
2.8070341593005473e-05
2.8034191527252696e-05
2.7998072416109732e-05
2.796198431088131e-05
2.7925927271836434e-05
2.7889901383958397e-05
2.7853906719992077e-05
2.781794334596719e-05
2.7782011323333106e-05
2.774611071203037e-05
2.77102415962374e-05
2.76744043408684e-05
2.7638599068485342e-05
2.7602825805167755e-05
2.7567084580223568e-05
2.7531375436840116e-05
2.74956986183419e-05
2.746005425720477e-05
2.7424442335442573e-05
2.738886337358297e-05
2.7353317388855534e-05
2.7317804371612428e-05
2.7282324312863163e-05
2.724687729717669e-05
2.7211464040663497e-05
2.717608452363623e-05
2.7140738650593477e-05
2.710542633133007e-05
2.7070147485610686e-05
2.703490202678067e-05
2.6999689871223048e-05
2.696451094303136e-05
2.692936518534984e-05
2.6894252525865473e-05
2.6859172893501715e-05
2.682412621137314e-05
2.6789112687334677e-05
2.6754132308011198e-05
2.6719184961461677e-05
2.668427053867117e-05
2.664938893191675e-05
2.6614540185356623e-05
2.6579724360566443e-05
2.6544941599564638e-05
2.6510191821956348e-05
2.647547487795567e-05
2.6440790871969166e-05
2.640613987193562e-05
2.6371521701848445e-05
2.6336936413583607e-05
2.63023841299697e-05
2.6267864641770726e-05
2.623337774923176e-05
2.619892354925257e-05
2.6164501895352632e-05
2.6130112595373718e-05
2.609575566305088e-05
2.6061431024471574e-05
2.6027138488783118e-05
2.599287790453886e-05
2.5958649121384066e-05
2.5924451980334166e-05
2.589028633256803e-05
2.585615203820991e-05
2.58220489806791e-05
2.5787977048413234e-05
2.5753936342149736e-05
2.5719926837220618e-05
2.5685948420346685e-05
2.5652001181296764e-05
2.561808513510065e-05
2.5584200254702375e-05
2.5550346771980615e-05
2.551652458043594e-05
2.5482733575057135e-05
2.5448973671083478e-05
2.541524475697152e-05
2.538154679179443e-05
2.5347880112322102e-05
2.5314244612318863e-05
2.528064019923507e-05
2.5247066793914513e-05
2.5213524608920297e-05
2.518001360783554e-05
2.5146533722631123e-05
2.5113084925051575e-05
2.5079667231724873e-05
2.504628063848116e-05
2.5012925223485327e-05
2.497960158209403e-05
2.4946309868716425e-05
2.491305002597929e-05
2.4879822004703268e-05
2.4846625774220232e-05
2.481346132473328e-05
2.4780328693475246e-05
2.474722800053301e-05
2.4714159284684388e-05
2.4681122599100674e-05
2.4648118037721224e-05
2.4615145845222103e-05
2.458220634061324e-05
2.4549299829732956e-05
2.451642637814083e-05
2.448358647942025e-05
2.4450780313540313e-05
2.441800808343026e-05
2.4385270043406925e-05
2.4352566614209718e-05
2.431989776533845e-05
2.428726366622968e-05
2.4254664510466433e-05
2.4222100362142617e-05
2.418957130264571e-05
2.415707743466356e-05
2.412461888126405e-05
2.409219575424373e-05
2.405980817348861e-05
2.402745623626577e-05
2.3995140213496267e-05
2.3962860603501544e-05
2.3930617526505743e-05
2.3898411267076906e-05
2.3866242263644877e-05
2.383411057299332e-05
2.380201615356516e-05
2.3769958976083732e-05
2.37379390012269e-05
2.3705956225058724e-05
2.367401059945911e-05
2.3642102075573144e-05
2.3610230599684407e-05
2.357839612608049e-05
2.3546598586381235e-05
2.3514837938148957e-05
2.3483114332917454e-05
2.3451427899332635e-05
2.3419778685522052e-05
2.3388166822678708e-05
2.3356592261178937e-05
2.332505521080933e-05
2.329355545835271e-05
2.3262092828027168e-05
2.3230667162338968e-05
2.3199278323997265e-05
2.3167926173641283e-05
2.3136610581239516e-05
2.3105331442091966e-05
2.307408862984743e-05
2.304288203081798e-05
2.3011711739458352e-05
2.2980577699817393e-05
2.2949479802301998e-05
2.291841794207047e-05
2.2887392033506813e-05
2.2856401985697265e-05
2.282544771401121e-05
2.2794529219485108e-05
2.2763646745354468e-05
2.2732800241054217e-05
2.270198960637979e-05
2.2671215132278166e-05
2.2640477059831563e-05
2.2609775253469835e-05
2.2579109603539164e-05
2.254847999380695e-05
2.2517886320713967e-05
2.248732849551038e-05
2.2456806441075478e-05
2.2426320155389865e-05
2.239586956129514e-05
2.2365454591079657e-05
2.233507518214022e-05
2.230473152038755e-05
2.227442365968054e-05
2.2244151532602132e-05
2.2213915086987064e-05
2.2183714395594216e-05
2.215354946640918e-05
2.212342022364319e-05
2.209332660237741e-05
2.206326858543304e-05
2.2033246329701974e-05
2.2003259772149893e-05
2.1973309067138664e-05
2.194339416950917e-05
2.1913515008907175e-05
2.1883671545272607e-05
2.1853863906110022e-05
2.1824092018390154e-05
2.1794355826553692e-05
2.176465527129804e-05
2.1734990302433938e-05
2.1705360948367478e-05
2.1675767383875474e-05
2.1646209715961843e-05
2.1616687879150052e-05
2.1587201818728296e-05
2.1557751557334047e-05
2.1528337221186055e-05
2.1498958749755293e-05
2.1469616089648153e-05
2.1440309196327326e-05
2.141103803570075e-05
2.1381802663200263e-05
2.1352603087235375e-05
2.1323439631088528e-05
2.129431236436716e-05
2.1265221212262813e-05
2.1236166108613763e-05
2.1207147003316497e-05
2.1178164001454493e-05
2.114921710674251e-05
2.1120306266814546e-05
2.1091431444757117e-05
2.106259262297019e-05
2.1033789768990657e-05
2.1005022851141507e-05
2.0976292048093043e-05
2.094759745351186e-05
2.0918939029543195e-05
2.0890316732697922e-05
2.086173053482628e-05
2.0833180422659603e-05
2.080466637826947e-05
2.0776188393961038e-05
2.0747746453224386e-05
2.071934053579743e-05
2.0690970631311366e-05
2.0662636734322128e-05
2.0634338847981408e-05
2.060607702154317e-05
2.0577851614124827e-05
2.0549662584567215e-05
2.0521509961452903e-05
2.0493393815194805e-05
2.046531411390206e-05
2.043727082878618e-05
2.040926393410297e-05
2.038129340464499e-05
2.0353359220534855e-05
2.0325461363755244e-05
2.0297599822228232e-05
2.026977458876763e-05
2.024198565937893e-05
2.021423304470315e-05
2.0186516823145772e-05
2.0158837282120412e-05
2.0131194557851926e-05
2.010358871634757e-05
2.0076019724481707e-05
2.00484875457723e-05
2.002099214657248e-05
1.999353350021393e-05
1.9966111584166045e-05
1.99387263808669e-05
1.991137787638142e-05
1.9884066056542853e-05
1.985679091557602e-05
1.9829552457922308e-05
1.9802350678021958e-05
1.9775185584122186e-05
1.974805733993897e-05
1.9720966202378255e-05
1.9693912243372265e-05
1.9666895427483128e-05
1.9639915913790422e-05
1.9612973703880984e-05
1.958606884134082e-05
1.9559201430879958e-05
1.953237141854107e-05
1.9505578749635568e-05
1.947882340407533e-05
1.9452105477823703e-05
1.9425425162042963e-05
1.939878248589228e-05
1.937217737545414e-05
1.9345609892566953e-05
1.9319080015891535e-05
1.9292587679699424e-05
1.926613282554999e-05
1.9239715403397197e-05
1.9213335373250395e-05
1.9186992701544006e-05
1.9160687354697315e-05
1.9134419304971644e-05
1.9108188645612556e-05
1.9081995379165745e-05
1.9055839544178687e-05
1.902972119917764e-05
1.900364031832201e-05
1.897759686368396e-05
1.8951590810604055e-05
1.8925622139656384e-05
1.8899691010521318e-05
1.8873797497131237e-05
1.8847941588601997e-05
1.8822123247294776e-05
1.8796342446314982e-05
1.877059915309564e-05
1.8744893335993452e-05
1.8719224965708925e-05
1.8693594027543052e-05
1.8668000500849716e-05
1.864244443807743e-05
1.861692590857153e-05
1.859144488239728e-05
1.8566001373193597e-05
1.8540595466600147e-05
1.8515227134500784e-05
1.8489896346230307e-05
1.846460307738356e-05
1.8439347306024554e-05
1.8414129012458957e-05
1.8388948182081598e-05
1.8363804807203906e-05
1.8338698877252697e-05
1.8313630384083833e-05
1.8288599320544813e-05
1.8263605680885317e-05
1.823864946652125e-05
1.8213730681790264e-05
1.81888494366296e-05
1.8164005824729683e-05
1.8139199843842657e-05
1.8114431486919758e-05
1.8089700846045023e-05
1.8065007932649086e-05
1.804035273376159e-05
1.8015735421786273e-05
1.7991155958874105e-05
1.7966614310941434e-05
1.7942110475527752e-05
1.7917644542827854e-05
1.789321647796568e-05
1.78688262492122e-05
1.784447382868425e-05
1.7820159268625166e-05
1.7795882611211095e-05
1.7771643836660706e-05
1.7747443017371975e-05
1.7723280109741662e-05
1.769915508579881e-05
1.767506791598413e-05
1.7651018566682274e-05
1.7627007006443205e-05
1.7603033206825833e-05
1.757909721000719e-05
1.7555198984902334e-05
1.753133850453077e-05
1.7507515747746926e-05
1.7483730691565083e-05
1.7459983321332458e-05
1.743627362176808e-05
1.7412601720677654e-05
1.7388967714278797e-05
1.7365371727851226e-05
1.7341813782314534e-05
1.731829382049149e-05
1.7294811798815084e-05
1.7271367895891944e-05
1.724796216906504e-05
1.7224594682723807e-05
1.7201265625334608e-05
1.7177974909391577e-05
1.715472246392139e-05
1.7131508415691236e-05
1.7108332852651447e-05
1.708519569981781e-05
1.7062096866174767e-05
1.7039036436220337e-05
1.701601442891947e-05
1.6993030885495653e-05
1.6970085904411993e-05
1.6947179536808833e-05
1.6924311675052326e-05
1.6901482221602482e-05
1.6878691076179538e-05
1.6855938267165477e-05
1.683322370626915e-05
1.6810547306985397e-05
1.678790901487899e-05
1.6765308891562237e-05
1.6742746909355315e-05
1.6720222993070026e-05
1.6697737172731023e-05
1.667528938835943e-05
1.6652879661914483e-05
1.663050795728252e-05
1.660817420700006e-05
1.6585878447242693e-05
1.6563620605288036e-05
1.6541400602787606e-05
1.6519218364569603e-05
1.6497073893655356e-05
1.6474967149562746e-05
1.645289815805866e-05
1.643086686861347e-05
1.6408873203073653e-05
1.638691710339448e-05
1.6364998646726916e-05
1.6343117755858103e-05
1.6321274438643796e-05
1.6299468855654192e-05
1.6277700926921895e-05
1.6255970602498228e-05
1.6234277892283374e-05
1.6212622697111658e-05
1.61910049366729e-05
1.6169424550419804e-05
1.6147881446525256e-05
1.6126375539476945e-05
1.610490674696302e-05
1.6083474989075207e-05
1.606208019031052e-05
1.6040722277430887e-05
1.6019401325113357e-05
1.5998117437614068e-05
1.597687055772245e-05
1.5955660589030758e-05
1.593448744216361e-05
1.5913351030967452e-05
1.5892251271550855e-05
1.58711880864869e-05
1.5850161402853755e-05
1.5829171144255665e-05
1.5808217238762476e-05
1.578729972210914e-05
1.5766418639537503e-05
1.574557398155377e-05
1.5724765679303795e-05
1.5703993644750144e-05
1.5683257794384854e-05
1.5662558048954025e-05
1.564189433252071e-05
1.56212665635936e-05
1.5600674711842813e-05
1.5580118799064024e-05
1.555959884944795e-05
1.5539114813673398e-05
1.5518666680698873e-05
1.549825436436028e-05
1.547787778846575e-05
1.545753687851724e-05
1.5437231583045192e-05
1.541696202690531e-05
1.5396728149307986e-05
1.5376529862808587e-05
1.5356367084324797e-05
1.533623973463668e-05
1.5316147737685025e-05
1.5296091020602484e-05
1.5276069517225243e-05
1.5256083167885484e-05
1.5236131905344128e-05
1.5216215740088022e-05
1.5196334610835272e-05
1.5176488473242703e-05
1.515667740734825e-05
1.5136901389164368e-05
1.5117160343348389e-05
1.5097454222450134e-05
1.507778302102107e-05
1.5058146666861231e-05
1.5038545092081441e-05
1.501897823654344e-05
1.499944604233394e-05
1.497994846760163e-05
1.4960485527255486e-05
1.4941057183025848e-05
1.4921663630845799e-05
1.4902304903307305e-05
1.4882980910025276e-05
1.4863691560812837e-05
1.484443677366709e-05
1.4825216464719308e-05
1.4806030562494833e-05
1.4786878997925315e-05
1.4767761697386054e-05
1.4748678593404139e-05
1.4729629627016452e-05
1.4710614740501384e-05
1.4691633877841587e-05
1.4672686983812896e-05
1.4653774003484096e-05
1.463489488327982e-05
1.4616049572263143e-05
1.4597238026925545e-05
1.4578460212888458e-05
1.4559716079123385e-05
1.4541005574473997e-05
1.4522328646124908e-05
1.4503685248870178e-05
1.4485075338643086e-05
1.4466498865287604e-05
1.4447955780120471e-05
1.4429446043725606e-05
1.4410969630188688e-05
1.4392526481586484e-05
1.4374116553335502e-05
1.4355739801614897e-05
1.4337396177109116e-05
1.4319085630595953e-05
1.4300808105909406e-05
1.428256355495138e-05
1.4264920338694079e-05
1.4247294511039905e-05
1.4229686369592034e-05
1.4212096306334549e-05
1.4194524779227243e-05
1.4176972274898322e-05
1.41594392827812e-05
1.4141926277061384e-05
1.4124433710374163e-05
1.4106962023307277e-05
1.4089511612654236e-05
1.4072082925782305e-05
1.405467630479174e-05
1.4037292060379444e-05
1.4019930484579915e-05
1.4002591844038954e-05
1.3985276383413906e-05
1.396798433465987e-05
1.3950715907106644e-05
1.3933471336371944e-05
1.3916250897774526e-05
1.3899054821942164e-05
1.3881883274613044e-05
1.3864736430253848e-05
1.3847614435987166e-05
1.3830517437691503e-05
1.3813445528628616e-05
1.3796398791382176e-05
1.377937731234047e-05
1.3762381231862501e-05
1.3745410615711263e-05
1.3728465529590398e-05
1.3711546056211373e-05
1.3694652296748782e-05
1.3677784297442863e-05
1.3660942102137174e-05
1.3644125752509375e-05
1.362733528824815e-05
1.3610570747287756e-05
1.3593832167547087e-05
1.3577119626461398e-05
1.3560433182194774e-05
1.3543772857485433e-05
1.3527138730976801e-05
1.3510530837905602e-05
1.3493949195863557e-05
1.3477393821786204e-05
1.3460864763178883e-05
1.3444362144695596e-05
1.3427885969446238e-05
1.3411436240554188e-05
1.339501295177038e-05
1.3378616104201044e-05
1.336224569818589e-05
1.3345901739726026e-05
1.3329584234790558e-05
1.3313293190728114e-05
1.3297028616346834e-05
1.3280790520229882e-05
1.326457896808629e-05
1.3248393955936255e-05
1.3232235498728565e-05
1.3216103645925808e-05
1.3199998388176079e-05
1.3183919716350684e-05
1.3167867621479972e-05
1.3151842090758333e-05
1.3135843105474528e-05
1.3119870647950395e-05
1.3103924711753423e-05
1.308800529132142e-05
1.3072112484726201e-05
1.3056246382497802e-05
1.3040406961556572e-05
1.3024594199328903e-05
1.3008808073722241e-05
1.2993048562967321e-05
1.2977315702622313e-05
1.296160955932192e-05
1.294593016330587e-05
1.2930277535570465e-05
1.2914651692691656e-05
1.2899052655469633e-05
1.2883480386861555e-05
1.2867934846285326e-05
1.285241599324802e-05
1.283692383276008e-05
1.2821458346278572e-05
1.2806019488075242e-05
1.2790607214658086e-05
1.2775221483305724e-05
1.2759862304942433e-05
1.2744529678866669e-05
1.2729223647408782e-05
1.2713944199775286e-05
1.2698691281333343e-05
1.2683464883136329e-05
1.2668265022081186e-05
1.2653091659858796e-05
1.2637944737160035e-05
1.262282419696479e-05
1.2607729983285751e-05
1.2592662041561997e-05
1.2577620317593065e-05
1.2562604777285396e-05
1.2547615497463405e-05
1.2532652421162962e-05
1.2517715488377987e-05
1.2502804640745277e-05
1.248791981978636e-05
1.24730609680371e-05
1.2458228024046773e-05
1.2443420934962238e-05
1.2428639646225139e-05
1.241388410384146e-05
1.2399154254347605e-05
1.2384450044952182e-05
1.2369771423987716e-05
1.2355118385013396e-05
1.2340490896577848e-05
1.2325888902075163e-05
1.231131234549053e-05
1.2296761171081472e-05
1.228223532342863e-05
1.2267734747237723e-05
1.225325945276297e-05
1.223880938372131e-05
1.2224384491236433e-05
1.2209984770486234e-05
1.2195610160938253e-05
1.2181260603086791e-05
1.2166936038848916e-05
1.2152636410684902e-05
1.213836166171268e-05
1.2124111758127837e-05
1.2109886683238386e-05
1.2095686377699537e-05
1.208151078319304e-05
1.2067359842167651e-05
1.205323349694118e-05
1.2039131691088406e-05
1.2025054371101323e-05
1.2011001488304438e-05
1.199697298787385e-05
1.1982968813964479e-05
1.196898891447769e-05
1.1955033234540486e-05
1.1941101719571839e-05
1.1927194315165317e-05
1.1913310997910393e-05
1.1899451716442733e-05
1.1885616414966764e-05
1.1871805062039704e-05
1.1858017604708404e-05
1.1844253986253974e-05
1.1830514150392947e-05
1.1816798047917417e-05
1.1803105649175384e-05
1.1789436896652694e-05
1.1775791733461074e-05
1.176217010309737e-05
1.1748571952033706e-05
1.1734997226901731e-05
1.1721445872216203e-05
1.17079178329185e-05
1.169441305452329e-05
1.1680931482900132e-05
1.1667473101016896e-05
1.1654037875029079e-05
1.164062574893742e-05
1.162723669707526e-05
1.1613870688873751e-05
1.1600527666132853e-05
1.158720757454937e-05
1.1573910403276047e-05
1.1560636091708585e-05
1.1547384582713446e-05
1.1534155819284941e-05
1.1520949742806504e-05
1.1507766302816861e-05
1.1494605448475066e-05
1.148146712747733e-05
1.1468351285960084e-05
1.1455257869498681e-05
1.1442186823690568e-05
1.1429138094527636e-05
1.141611164487292e-05
1.140310745807047e-05
1.139012547626119e-05
1.1377165642164688e-05
1.1364227922851843e-05
1.1351312292116283e-05
1.1338418690749462e-05
1.1325547060117137e-05
1.131269737277731e-05
1.1299869591885802e-05
1.1287063665224441e-05
1.1274279601999664e-05
1.1261517343315766e-05
1.1248776826379097e-05
1.1236057993883903e-05
1.1223360784748354e-05
1.1210685159488721e-05
1.1198031069355778e-05
1.1185398486555667e-05
1.1172787367355977e-05
1.1160197648341468e-05
1.1147629267547314e-05
1.113508216570978e-05
1.1122556284356898e-05
1.1110051566998806e-05
1.109756795831166e-05
1.10851054175388e-05
1.1072663932385164e-05
1.106024347381075e-05
1.1047844005107952e-05
1.1035465466168396e-05
1.1023107812125344e-05
1.1010771039072563e-05
1.0998455096076711e-05
1.0986159921460427e-05
1.097388545448564e-05
1.096163163559605e-05
1.0949398433472145e-05
1.093718579218648e-05
1.09249936541835e-05
1.0912821960818594e-05
1.0900670653975335e-05
1.088853967690167e-05
1.087642897363467e-05
1.0864338490527364e-05
1.0852268189924957e-05
1.0840218026595033e-05
1.0828187946246679e-05
1.0816177895356502e-05
1.0804187818840772e-05
1.0792217664256091e-05
1.078026738142202e-05
1.076833692324681e-05
1.0756426239578138e-05
1.0744535281058318e-05
1.0732664017667211e-05
1.0720812428519127e-05
1.0708980493763568e-05
1.069716817261237e-05
1.0685375412710679e-05
1.0673602172124784e-05
1.0661848412875959e-05
1.0650114084229801e-05
1.0638399148980209e-05
1.0626703605519523e-05
1.0615027427227225e-05
1.0603370561206623e-05
1.0591732965634178e-05
1.0580114631857743e-05
1.056851550422546e-05
1.055693553404195e-05
1.0545374690001405e-05
1.0533832920675694e-05
1.0522310172201595e-05
1.0510806391798228e-05
1.049932152740354e-05
1.0487855527611753e-05
1.0476408341860573e-05
1.0464979921337843e-05
1.0453570219775338e-05
1.0442179188123223e-05
1.0430806777983695e-05
1.0419452945816282e-05
1.040811765606838e-05
1.039680087483225e-05
1.038550255486428e-05
1.0374222650441635e-05
1.0362961114348669e-05
1.035171789974672e-05
1.0340492960350282e-05
1.0329286250418021e-05
1.0318097724566539e-05
1.0306927337827605e-05
1.0295775045754884e-05
1.028464080415727e-05
1.027352456931964e-05
1.0262426298009306e-05
1.0251345947226146e-05
1.0240283473999398e-05
1.0229238835762748e-05
1.0218211990178988e-05
1.0207202895265322e-05
1.0196211509422797e-05
1.0185237791291643e-05
1.0174281699427581e-05
1.0163343192514662e-05
1.0152422229651225e-05
1.0141518773485136e-05
1.0130632801901965e-05
1.0119764273236258e-05
1.010891314603099e-05
1.0098079379049587e-05
1.0087262932715992e-05
1.0076463766616547e-05
1.0065681840127368e-05
1.0054917112574215e-05
1.0044169543700513e-05
1.0033439093480512e-05
1.0022725722133775e-05
1.0012029390151594e-05
1.0001350058102718e-05
9.990687686814299e-06
9.980042237242552e-06
9.969413683082241e-06
9.958801997309011e-06
9.94820714009571e-06
9.937629071646884e-06
9.927067752405931e-06
9.916523143092683e-06
9.905995204572713e-06
9.89548389773711e-06
9.884989187642607e-06
9.874511056345779e-06
9.86404946353173e-06
9.853604369076483e-06
9.843175734262016e-06
9.83276352222897e-06
9.82236769329233e-06
9.811988208038704e-06
9.801625027223804e-06
9.791278111837362e-06
9.780947423103403e-06
9.770632922517976e-06
9.760334575006161e-06
9.75005234208675e-06
9.739786185497591e-06
9.729536066951386e-06
9.719301948504328e-06
9.709083792337863e-06
9.698881560896758e-06
9.688695216712543e-06
9.678524722473125e-06
9.668370041126363e-06
9.658231135823129e-06
9.648107970535183e-06
9.638000517011606e-06
9.627908740177898e-06
9.61783260478526e-06
9.607772076602775e-06
9.597727120761652e-06
9.58769770243626e-06
9.577683785419847e-06
9.567685332971585e-06
9.557702309608246e-06
9.547734680324684e-06
9.537782408692707e-06
9.527845458578503e-06
9.517923793982547e-06
9.508017379099076e-06
9.498126178236162e-06
9.488250161353241e-06
9.478389296737887e-06
9.468543549049208e-06
9.458712883149655e-06
9.448897263492248e-06
9.439096654625939e-06
9.429311021126689e-06
9.419540328015158e-06
9.409784540385532e-06
9.40004362365791e-06
9.390317537816225e-06
9.3806062445559e-06
9.370909710400885e-06
9.361227901960659e-06
9.351560786120886e-06
9.341908329900647e-06
9.332270500483762e-06
9.322647265222605e-06
9.313038591612928e-06
9.303444447253596e-06
9.29386479978475e-06
9.28429961693096e-06
9.27474887282481e-06
9.265212541387378e-06
9.25569059542563e-06
9.24618300445989e-06
9.236689737289115e-06
9.227210762276365e-06
9.217746047616668e-06
9.20829556143455e-06
9.198859271757786e-06
9.189437146857668e-06
9.18002915735824e-06
9.170635271201709e-06
9.161255456289171e-06
9.151889680511692e-06
9.142537911883676e-06
9.133200118599452e-06
9.123876268980337e-06
9.114566331410046e-06
9.105270274516477e-06
9.095988067197549e-06
9.08671967916246e-06
9.077465079239624e-06
9.068224236316642e-06
9.058997119376171e-06
9.049783698222248e-06
9.040583942426775e-06
9.031397821001646e-06
9.022225303579944e-06
9.013066359623092e-06
9.003920958712312e-06
8.99478907047322e-06
8.985670664612514e-06
8.976565711041083e-06
8.967474179698135e-06
8.958396040474378e-06
8.949331263417472e-06
8.940279818721632e-06
8.931241676634537e-06
8.922216807506364e-06
8.913205181711444e-06
8.904206769599767e-06
8.895221560068766e-06
8.886249528205669e-06
8.877290643280832e-06
8.86834487428355e-06
8.859412190223457e-06
8.850492560487018e-06
8.841585954660351e-06
8.832692342987704e-06
8.823811696967837e-06
8.814943986427718e-06
8.806089181404137e-06
8.797247252963985e-06
8.788418164904169e-06
8.779601887972705e-06
8.770798393010369e-06
8.762007650859193e-06
8.753229632521334e-06
8.744464309054161e-06
8.73571165155859e-06
8.726971631083954e-06
8.718244218811437e-06
8.709529385956608e-06
8.700827103807642e-06
8.692137343723609e-06
8.683460077218249e-06
8.674795275804483e-06
8.666142916001648e-06
8.657502988505827e-06
8.64887546305234e-06
8.640260310014287e-06
8.631657500405715e-06
8.623067012650502e-06
8.614488833013399e-06
8.605922930367254e-06
8.597369274170825e-06
8.58882783415395e-06
8.580298580079888e-06
8.571781481954577e-06
8.56327650946085e-06
8.554783637015399e-06
8.54630284386347e-06
8.537834097601788e-06
8.529377361910043e-06
8.5209326079235e-06
8.512499806914356e-06
8.504078930478771e-06
8.495669950576975e-06
8.487272839271389e-06
8.478887568691738e-06
8.470514111086758e-06
8.462152438892107e-06
8.453802524698846e-06
8.445464341969919e-06
8.437137873253024e-06
8.428823104531246e-06
8.420520007767648e-06
8.41222855477588e-06
8.40394871739107e-06
8.395680467719346e-06
8.3874237780436e-06
8.379178620782559e-06
8.370944968515824e-06
8.362722794036471e-06
8.354512070263442e-06
8.346312770565379e-06
8.338124868329888e-06
8.329948337013599e-06
8.321783150963032e-06
8.313629285147481e-06
8.30548671464994e-06
8.297355414435003e-06
8.289235358617557e-06
8.281126521517929e-06
8.273028877595241e-06
8.264942401589666e-06
8.25686706827385e-06
8.248802852650351e-06
8.240749729977507e-06
8.232707675637729e-06
8.224676670030365e-06
8.21665669824616e-06
8.2086477360191e-06
8.200649758164163e-06
8.19266273958102e-06
8.18468665543834e-06
8.176721481101067e-06
8.168767192097091e-06
8.160823763988095e-06
8.15289117251511e-06
8.144969391984841e-06
8.13705839854352e-06
8.129158168360451e-06
8.121268677819717e-06
8.113389904850224e-06
8.105521829251347e-06
8.097664428916856e-06
8.089817680375478e-06
8.08198156262172e-06
8.074156052143224e-06
8.06634112527239e-06
8.05853675829993e-06
8.05074292759436e-06
8.042959604616844e-06
8.035186765632321e-06
8.027424385725688e-06
8.0196724387424e-06
8.011930902033618e-06
8.00419975341506e-06
7.996478970457432e-06
7.988768530415387e-06
7.981068411160609e-06
7.973378590943824e-06
7.965699046957985e-06
7.958029756407507e-06
7.950370696668635e-06
7.942721845072224e-06
7.93508317905461e-06
7.927454676034343e-06
7.919836314791824e-06
7.912228072722673e-06
7.904629927174847e-06
7.897041855515821e-06
7.889463835252034e-06
7.88189584391376e-06
7.87433785904252e-06
7.866789858208633e-06
7.859251819502591e-06
7.851723720745367e-06
7.844205539601994e-06
7.836697253827711e-06
7.829198841169374e-06
7.821710279679916e-06
7.814231548037109e-06
7.806762623993775e-06
7.799303485443256e-06
7.79185411032871e-06
7.7844144765898e-06
7.776984562311624e-06
7.769564345640125e-06
7.762153804774522e-06
7.754752918028822e-06
7.747361663897016e-06
7.73998002080705e-06
7.732607967257728e-06
7.725245482599481e-06
7.717892545726193e-06
7.710549135217544e-06
7.703215228038885e-06
7.695890802202395e-06
7.688575836641624e-06
7.681270310338887e-06
7.67397420222239e-06
7.666687491301637e-06
7.65941015668215e-06
7.65214217762266e-06
7.644883533438135e-06
7.637634203462204e-06
7.630394168556847e-06
7.623163408653558e-06
7.61594190313959e-06
7.60872963154588e-06
7.601526573496432e-06
7.594332708598425e-06
7.587148016650908e-06
7.579972477521378e-06
7.572806071216003e-06
7.565648777705347e-06
7.558500576998819e-06
7.551361449200626e-06
7.544231374458556e-06
7.53711033291693e-06
7.529998304886896e-06
7.522895270916235e-06
7.51580121148066e-06
7.508716107059711e-06
7.501639938216386e-06
7.494572685602949e-06
7.487514329958051e-06
7.480464852029925e-06
7.473424232696818e-06
7.466392454004957e-06
7.459369497093111e-06
7.452355343174628e-06
7.445349974239947e-06
7.4383533724108835e-06
7.431365518760179e-06
7.42438639450527e-06
7.4174159809800115e-06
7.41045425956406e-06
7.403501211783034e-06
7.396556819238678e-06
7.3896210635941735e-06
7.382693926631423e-06
7.375775390219898e-06
7.3688654363859085e-06
7.36196404706969e-06
7.3550712039886915e-06
7.348186889187268e-06
7.341311084832847e-06
7.334443773151321e-06
7.327584936592871e-06
7.320734557661388e-06
7.3138926189214995e-06
7.3070591030110575e-06
7.300233992655685e-06
7.29341727079341e-06
7.2866089204936356e-06
7.279808924858721e-06
7.273017267188629e-06
7.2662339308278816e-06
7.259458899014916e-06
7.252692155215112e-06
7.24593368303376e-06
7.239183466001452e-06
7.232441487730358e-06
7.225707731923939e-06
7.218982182327645e-06
7.212264822790777e-06
7.205555637227717e-06
7.19885460952603e-06
7.192161723733844e-06
7.185476959011813e-06
7.17880029900745e-06
7.172131728191816e-06
7.165471231145997e-06
7.1588187924930676e-06
7.152174396855239e-06
7.145538028873414e-06
7.138909673279011e-06
7.1322893148181265e-06
7.1256769355315505e-06
7.119072517906929e-06
7.112476047042169e-06
7.105887508054755e-06
7.099306886071304e-06
7.0927341663021675e-06
7.086169333908453e-06
7.079612373121479e-06
7.073063268551362e-06
7.066522005522777e-06
7.0599885694518714e-06
7.053462945813239e-06
7.046945120117508e-06
7.040435077911825e-06
7.033932804711748e-06
7.02743828603795e-06
7.020951507437662e-06
7.01447245457693e-06
7.00800111312942e-06
7.001537468811981e-06
6.995081507349736e-06
6.988633214525732e-06
6.982192576115395e-06
6.975759577991184e-06
6.969334206049237e-06
6.962916446222863e-06
6.956506282813485e-06
6.950103701812734e-06
6.943708689324145e-06
6.937321231438481e-06
6.930941314323552e-06
6.924568924150757e-06
6.918204047085631e-06
6.911846669297846e-06
6.905496776987822e-06
6.899154356375116e-06
6.892819393650341e-06
6.886491874941777e-06
6.880171786630268e-06
6.873859115011876e-06
6.8675538464069305e-06
6.861255967084883e-06
6.8549654633851215e-06
6.848682321992703e-06
6.8424065292926255e-06
6.836138070870962e-06
6.8298769329312435e-06
6.823623102016757e-06
6.817376564737445e-06
6.811137307650031e-06
6.8049053173175005e-06
6.798680580377031e-06
6.7924630834753225e-06
6.7862528131736735e-06
6.780049756294794e-06
6.773853899619411e-06
6.767665229975303e-06
6.7614837341222904e-06
6.755309398899257e-06
6.74914221111248e-06
6.742982157578573e-06
6.7368292252158766e-06
6.730683400958952e-06
6.724544671839841e-06
6.718413024970602e-06
6.71228844748305e-06
6.706170925483629e-06
6.7000604455884855e-06
6.693956995100651e-06
6.6878605612330776e-06
6.681771131297992e-06
6.675688692699516e-06
6.669613227049494e-06
6.663544721809248e-06
6.657483164538579e-06
6.651428542927814e-06
6.64538084459847e-06
6.639340057117073e-06
6.633306168019273e-06
6.627279164810577e-06
6.621259035064158e-06
6.615245766267352e-06
6.6092393459900495e-06
6.60323976174977e-06
6.597247001041875e-06
6.591261051392199e-06
6.585281900318485e-06
6.579309535405526e-06
6.5733439442899965e-06
6.567385114581819e-06
6.561433033877271e-06
6.555487689828739e-06
6.5495490687318765e-06
6.543617157946393e-06
6.537691945131756e-06
6.531773418044575e-06
6.525861564461612e-06
6.519956372205851e-06
6.514057829120498e-06
6.50816592301819e-06
6.502280641731901e-06
6.496401973220998e-06
6.490529905525163e-06
6.484664426752322e-06
6.478805524887854e-06
6.4729531880962625e-06
6.467107404580856e-06
6.461268162561055e-06
6.4554354503074405e-06
6.449609256020566e-06
6.443789568060355e-06
6.437976374676084e-06
6.432169664167752e-06
6.426369424860354e-06
6.420575645095337e-06
6.414788313242264e-06
6.409007417696103e-06
6.403232946903957e-06
6.397464889360681e-06
6.391703233776832e-06
6.385947968998299e-06
6.380199083694824e-06
6.374456566502383e-06
6.3687204060067045e-06
6.362990590739555e-06
6.357267109314783e-06
6.3515499504000615e-06
6.34583910273061e-06
6.340134555039918e-06
6.334436296004254e-06
6.328744314340822e-06
6.323058598777462e-06
6.317379138062629e-06
6.31170592099571e-06
6.3060389363894395e-06
6.300378172999341e-06
6.2947236196895774e-06
6.289075265381631e-06
6.283433099004266e-06
6.277797109541589e-06
6.2721672826655785e-06
6.266543607382712e-06
6.260926073027409e-06
6.2553146688546625e-06
6.249709384154255e-06
6.244110208264101e-06
6.238517130470938e-06
6.23293014013225e-06
6.227349226581812e-06
6.2217743791506505e-06
6.216205587199461e-06
6.210642840190759e-06
6.2050861275823846e-06
6.1995354388799416e-06
6.193990763569465e-06
6.1884520912586e-06
6.1829194115404095e-06
6.177392714113522e-06
6.171871988574431e-06
6.166357224518185e-06
6.160848411578593e-06
6.15534553941505e-06
6.149848597729791e-06
6.144357576289047e-06
6.138872464954872e-06
6.133393253595024e-06
6.127919932055076e-06
6.122452490253172e-06
6.116990918135874e-06
6.111535205513827e-06
6.10608534241124e-06
6.100641318914154e-06
6.095203125155245e-06
6.089770751295006e-06
6.084344187515722e-06
6.078923424033658e-06
6.073508451008898e-06
6.068099258546486e-06
6.062695836885476e-06
6.057298176313287e-06
6.0519062671250005e-06
6.046520099588232e-06
6.041139664048616e-06
6.03576495095993e-06
6.030395950754238e-06
6.025032653998363e-06
6.019675051332207e-06
6.014323133419974e-06
6.008976890910483e-06
6.00363631448033e-06
5.998301394871174e-06
5.992972122961853e-06
5.987648489557377e-06
5.982330485450863e-06
5.97701810155288e-06
5.971711329365813e-06
5.966410160154057e-06
5.961114584945668e-06
5.9558245947690355e-06
5.950540180654821e-06
5.945261333576293e-06
5.939988044604122e-06
5.934720304925531e-06
5.929458105668713e-06
5.924201437020166e-06
5.918950289571808e-06
5.913704654421908e-06
5.9084645227535604e-06
5.903229885788892e-06
5.898000734707813e-06
5.892777060742797e-06
5.887558855027922e-06
5.882346108746974e-06
5.877138813111399e-06
5.871936959341653e-06
5.86674053867561e-06
5.8615495423122655e-06
5.856363961740231e-06
5.851183788239937e-06
5.846009012988544e-06
5.840839627206035e-06
5.83567562208102e-06
5.830516988824803e-06
5.8253637186607925e-06
5.820215802795299e-06
5.8150732324440646e-06
5.809935998919634e-06
5.804804093491311e-06
5.799677507433741e-06
5.7945562319279785e-06
5.789440258210895e-06
5.784329577528693e-06
5.779224181099213e-06
5.774124060167982e-06
5.769029206033715e-06
5.763939610089474e-06
5.7588552636670995e-06
5.753776158051508e-06
5.7487022846102855e-06
5.743633634672093e-06
5.7385701996184285e-06
5.733511970830487e-06
5.728458939786771e-06
5.7234110979485575e-06
5.7183684367732145e-06
5.713330947711073e-06
5.70829862229083e-06
5.703271452091828e-06
5.6982494287359235e-06
5.693232543999303e-06
5.688220789654172e-06
5.683214157344459e-06
5.678212638748747e-06
5.673216225566191e-06
5.66822490997561e-06
5.663238683919884e-06
5.658257539193375e-06
5.653281467523752e-06
5.648310460656108e-06
5.643344510368918e-06
5.6383836084669844e-06
5.63342774673831e-06
5.628476917194854e-06
5.6235311117506545e-06
5.618590322339349e-06
5.613654540869595e-06
5.608723759227804e-06
5.603797969355399e-06
5.598877163270935e-06
5.593961332972824e-06
5.589050470501492e-06
5.584144567872399e-06
5.579243617129761e-06
5.574347610337095e-06
5.569456539581357e-06
5.564570396969822e-06
5.559689174634316e-06
5.554812862210336e-06
5.549941451132157e-06
5.545074933784346e-06
5.540213302549841e-06
5.5353565498221024e-06
5.530504668054415e-06
5.525657649671713e-06
5.520815487083011e-06
5.515978172695685e-06
5.511145699029307e-06
5.506318058641223e-06
5.501495244076531e-06
5.49667724793081e-06
5.491864062769709e-06
5.487055681128681e-06
5.482252095592715e-06
5.47745329880207e-06
5.472659283334852e-06
5.4678700419446525e-06
5.4630855674172435e-06
5.458305852515051e-06
5.453530889982317e-06
5.448760672589438e-06
5.4439951931853746e-06
5.4392344446430415e-06
5.434478419808696e-06
5.429727111635435e-06
5.424980512856162e-06
5.420238613438132e-06
5.415501406704325e-06
5.410768886036602e-06
5.406041044784817e-06
5.40131787630775e-06
5.396599373968179e-06
5.391885531147235e-06
5.387176338893478e-06
5.382471790083295e-06
5.377771878435106e-06
5.373076597606561e-06
5.3683859412002825e-06
5.3636999027841575e-06
5.359018476016945e-06
5.3543416545616585e-06
5.349669432027265e-06
5.34500180202678e-06
5.3403387583372975e-06
5.335680294756732e-06
5.33102640518944e-06
5.326377083496326e-06
5.321732323626532e-06
5.3170921197409685e-06
5.312456465710761e-06
5.307825355430395e-06
5.303198782839785e-06
5.298576741918876e-06
5.293959226645319e-06
5.289346231004603e-06
5.2847377490533385e-06
5.280133774807976e-06
5.275534302332578e-06
5.270939325693297e-06
5.266348839043416e-06
5.261762836502452e-06
5.257181312181909e-06
5.252604260254385e-06
5.248031674871361e-06
5.243463550211053e-06
5.238899880471011e-06
5.234340659872856e-06
5.22978588274321e-06
5.22523554339055e-06
5.220689636148924e-06
5.216148155272748e-06
5.211611095067344e-06
5.2070784498454724e-06
5.2025502121601165e-06
5.198026373886791e-06
5.19350692971465e-06
5.188991874359322e-06
5.184481202561914e-06
5.1799749090391786e-06
5.175472988569651e-06
5.1709754358884106e-06
5.16648224569859e-06
5.161993412679722e-06
5.1575089315105775e-06
5.1530287969506694e-06
5.148553003687246e-06
5.144081546372733e-06
5.139614419680306e-06
5.1351516182938036e-06
5.130693136915478e-06
5.12623897022339e-06
5.121789112867545e-06
5.11734355951237e-06
5.112902304846883e-06
5.10846534355656e-06
5.104032670367916e-06
5.099604279995906e-06
5.0951801671769025e-06
5.090760326588086e-06
5.086344753025854e-06
5.081933441292809e-06
5.077526386173644e-06
5.073123582434395e-06
5.068725024825155e-06
5.064330708196362e-06
5.059940627373799e-06
5.055554777144019e-06
5.0511731523168674e-06
5.046795747730295e-06
5.042422558150582e-06
5.038053578313207e-06
5.033688803003696e-06
5.0293282270868525e-06
5.024971845403623e-06
5.02061965278021e-06
5.016271644060887e-06
5.011927814105831e-06
5.007588157856217e-06
5.003252670200843e-06
4.99892134601195e-06
4.994594180158016e-06
4.99027116748452e-06
4.985952302857009e-06
4.981637581155895e-06
4.977326997250003e-06
4.9730205460933365e-06
4.968718222568204e-06
4.964420021632566e-06
4.9601259379847035e-06
4.955835966141775e-06
4.951550101090208e-06
4.947268337859757e-06
4.942990671434851e-06
4.938717096790136e-06
4.934447608904861e-06
4.930182202792181e-06
4.925920873456162e-06
4.921663615867075e-06
4.917410425089059e-06
4.913161296172782e-06
4.90891622418742e-06
4.9046752041618825e-06
4.900438231196604e-06
4.896205300387288e-06
4.891976406885999e-06
4.8877515457703315e-06
4.883530712140536e-06
4.8793139011154755e-06
4.875101107823872e-06
4.870892327338962e-06
4.8666875547591676e-06
4.862486785194324e-06
4.8582900137676454e-06
4.854097235585849e-06
4.849908445786745e-06
4.845723639481136e-06
4.841542811792392e-06
4.8373659579153255e-06
4.833193073033027e-06
4.82902415232992e-06
4.824859190966408e-06
4.820698184120534e-06
4.816541126924879e-06
4.812388014599714e-06
4.808238842374869e-06
4.804093605467814e-06
4.79995229906907e-06
4.795814918423483e-06
4.791681458783605e-06
4.787551915379428e-06
4.7834262829924855e-06
4.77930455688098e-06
4.77518673229516e-06
4.771072804552657e-06
4.766962768951705e-06
4.762856620767004e-06
4.75875435527268e-06
4.7546559677832035e-06
4.750561453620801e-06
4.7464708092208195e-06
4.742384031556647e-06
4.738301115762904e-06
4.734222056939287e-06
4.730146850191806e-06
4.726075490659387e-06
4.7220079734805615e-06
4.717944293808232e-06
4.713884446951117e-06
4.709828428149173e-06
4.7057762325956455e-06
4.7017278554798596e-06
4.697683291990814e-06
4.69364253738457e-06
4.689605586882697e-06
4.6855724357568635e-06
4.6815430792722585e-06
4.677517512694924e-06
4.673495731337332e-06
4.669477730483924e-06
4.6654635053138246e-06
4.661453051077852e-06
4.657446363039167e-06
4.653443436518558e-06
4.649444266823744e-06
4.645448849239101e-06
4.6414571790862035e-06
4.637469251699082e-06
4.633485062436815e-06
4.629504606695693e-06
4.625527879826918e-06
4.6215548771732644e-06
4.617585594176143e-06
4.6136200262626105e-06
4.609658168849182e-06
4.605700017368832e-06
4.601745567305643e-06
4.597794814195292e-06
4.593847753485551e-06
4.589904380703142e-06
4.585964691354331e-06
4.582028680856966e-06
4.578096344722044e-06
4.574167678518644e-06
4.570242677821547e-06
4.566321338212521e-06
4.5624036552826904e-06
4.5584896236622584e-06
4.554579235650772e-06
4.550672486995958e-06
4.546769373518754e-06
4.542869891072388e-06
4.538974035522984e-06
4.535081802777509e-06
4.531193188725941e-06
4.52730818931148e-06
4.523426800472833e-06
4.5195490181496e-06
4.515674838318355e-06
4.511804256938244e-06
4.507937269978396e-06
4.504073873410753e-06
4.500214063239879e-06
4.496357835470172e-06
4.4925051860986604e-06
4.488656110196069e-06
4.484810602360216e-06
4.480968658774823e-06
4.477130275571439e-06
4.473295448869949e-06
4.469464174796365e-06
4.465636449486822e-06
4.461812269127658e-06
4.457991629876928e-06
4.4541745279252845e-06
4.450360959414165e-06
4.446550920459232e-06
4.442744407164444e-06
4.438941415661688e-06
4.435141942070067e-06
4.4313459824853604e-06
4.4275535330037545e-06
4.42376458972727e-06
4.419979148774477e-06
4.41619720625134e-06
4.412418758242453e-06
4.40864380078795e-06
4.404872329976504e-06
4.401104341903815e-06
4.397339832664247e-06
4.393578798388576e-06
4.389821235220539e-06
4.386067139260421e-06
4.382316506647424e-06
4.378569331793309e-06
4.374825609281464e-06
4.371085335499586e-06
4.36734850672074e-06
4.363615119170288e-06
4.359885169114216e-06
4.3561586528019075e-06
4.352435566439007e-06
4.3487159062744855e-06
4.3449996685258795e-06
4.3412868493949015e-06
4.337577445090338e-06
4.333871451753568e-06
4.330168865495619e-06
4.326469682423279e-06
4.322773898651249e-06
4.319081510317626e-06
4.315392513616936e-06
4.311706904756398e-06
4.308024679903975e-06
4.304345835296322e-06
4.300670367087924e-06
4.2969982713978e-06
4.293329544355719e-06
4.289664182102386e-06
4.286002180791952e-06
4.282343536615014e-06
4.278688245768394e-06
4.275036304444879e-06
4.271387708823039e-06
4.26774245510378e-06
4.264100539472605e-06
4.2604619581014555e-06
4.256826707149324e-06
4.253194782740389e-06
4.249566181077867e-06
4.245940898376859e-06
4.242318930861263e-06
4.23870027475315e-06
4.235084926200398e-06
4.231472881390025e-06
4.227864136519073e-06
4.22425868776114e-06
4.220656531306872e-06
4.2170576634122874e-06
4.213462080286648e-06
4.209869779603218e-06
4.2062807585898565e-06
4.2026950132634595e-06
4.199112539680115e-06
4.1955333339110165e-06
4.191957392035731e-06
4.1883847101837556e-06
4.1848152844743614e-06
4.181249111061945e-06
4.177686186075525e-06
4.174126505694194e-06
4.170570066139617e-06
4.1670168636349875e-06
4.163466894397077e-06
4.1599201546593514e-06
4.156376640664481e-06
4.152836348646173e-06
4.149299274826689e-06
4.1457654154506476e-06
4.142234766767997e-06
4.138707325161886e-06
4.135183086964294e-06
4.131662048458953e-06
4.128144205928588e-06
4.124629555661564e-06
4.121118093971593e-06
4.117609817171699e-06
4.114104721584024e-06
4.110602803522088e-06
4.107104059302967e-06
4.103608485263044e-06
4.100116077725179e-06
4.096626833051248e-06
4.093140747579932e-06
4.089657817694898e-06
4.0861780398089745e-06
4.082701410309104e-06
4.079227925595331e-06
4.075757582082651e-06
4.072290376214232e-06
4.068826304490227e-06
4.06536536338415e-06
4.061907549372482e-06
4.0584528589289496e-06
4.0550012885586264e-06
4.051552834790142e-06
4.048107494138607e-06
4.044665263140994e-06
4.041226138363632e-06
4.037790116342009e-06
4.034357193592868e-06
4.030927366682883e-06
4.027500632171866e-06
4.024076986611587e-06
4.020656426535874e-06
4.017238948543629e-06
4.013824549222135e-06
4.0104132251646655e-06
4.007004972983088e-06
4.0035997892763505e-06
4.00019767074733e-06
3.996798614211399e-06
3.99340261629855e-06
3.990009673683714e-06
3.986619783095403e-06
3.9832329412459904e-06
3.979849144842716e-06
3.976468390588081e-06
3.973090675200536e-06
3.969715995404438e-06
3.966344347957704e-06
3.962975729645031e-06
3.959610137278778e-06
3.956247567618463e-06
3.952888017488193e-06
3.949531483689123e-06
3.9461779630329235e-06
3.9428274523244736e-06
3.939479948400193e-06
3.936135448086504e-06
3.932793948225751e-06
3.929455445688521e-06
3.9261199373650265e-06
3.9227874201401395e-06
3.919457890914556e-06
3.916131346585577e-06
3.912807784095424e-06
3.909487200363428e-06
3.906169592312518e-06
3.902854956882622e-06
3.89954329096201e-06
3.8962345912004926e-06
3.892928854585161e-06
3.889626078081278e-06
3.886326258691148e-06
3.883029393417384e-06
3.879735479219532e-06
3.876444513114703e-06
3.873156492135072e-06
3.869871413309712e-06
3.866589273653981e-06
3.8633100702121346e-06
3.860033800032142e-06
3.8567604601230885e-06
3.853490047548465e-06
3.850222559331664e-06
3.846957992485945e-06
3.843696344026385e-06
3.840437610955092e-06
3.837181790289728e-06
3.833928879050532e-06
3.830678874254084e-06
3.827431772973809e-06
3.824187572226496e-06
3.820946269035238e-06
3.817707860466057e-06
3.814472343585625e-06
3.8112397154312886e-06
3.808009973058237e-06
3.804783113547512e-06
3.8015591339664308e-06
3.798338031387959e-06
3.7951198028806508e-06
3.791904445459374e-06
3.788691956211199e-06
3.7854823322123904e-06
3.782275570547355e-06
3.779071668316232e-06
3.775870622601714e-06
3.772672430477347e-06
3.7694770889914194e-06
3.7662845952413273e-06
3.7630949463140583e-06
3.759908139266626e-06
3.7567241711611456e-06
3.753543039072091e-06
3.750364740083901e-06
3.747189271304742e-06
3.7440166298385323e-06
3.740846812800975e-06
3.7376798173250258e-06
3.734515640529282e-06
3.7313542795659847e-06
3.728195731572451e-06
3.725039993704978e-06
3.7218870631443218e-06
3.7187369370404515e-06
3.71558961259139e-06
3.7124450869879336e-06
3.7093033573942998e-06
3.7061644209454835e-06
3.7030282747680283e-06
3.6998949160037923e-06
3.696764341795321e-06
3.6936365492863437e-06
3.6905115356708743e-06
3.687389298111098e-06
3.6842698337621113e-06
3.6811531397682546e-06
3.678039213256376e-06
3.6749280513789655e-06
3.6718196512818235e-06
3.668714010126416e-06
3.665611125086695e-06
3.6625109933705266e-06
3.6594136094426986e-06
3.6563189705655627e-06
3.653227074068406e-06
3.650137917302819e-06
3.6470514976221587e-06
3.6439678123640657e-06
3.6408868588545996e-06
3.6378086343899955e-06
3.6347331363192828e-06
3.6316603619343857e-06
3.628590308520757e-06
3.625522973417594e-06
3.622458353938434e-06
3.6193964473951955e-06
3.6163372510521016e-06
3.6132807621552858e-06
3.6102269779816207e-06
3.6071758958013964e-06
3.604127512889144e-06
3.6010818264989774e-06
3.598038833907701e-06
3.5949985323752556e-06
3.591960919164311e-06
3.58892599153507e-06
3.5858937467356534e-06
3.5828641820114073e-06
3.5798372944140534e-06
3.5768130811047256e-06
3.57379153934643e-06
3.570772666389153e-06
3.56775645948031e-06
3.5647429158704393e-06
3.5617320328116247e-06
3.5587238075532654e-06
3.5557182373412472e-06
3.5527153194125475e-06
3.5497150510579533e-06
3.5467174295398906e-06
3.543722452105496e-06
3.5407301161169285e-06
3.537740418836161e-06
3.5347533574964635e-06
3.5317689293430124e-06
3.5287871316280703e-06
3.525807961605423e-06
3.5228314165306526e-06
3.5198574936509557e-06
3.5168861902181345e-06
3.513917503479816e-06
3.51095143065636e-06
3.507987968977619e-06
3.5050271156780784e-06
3.5020688679902664e-06
3.499113223212403e-06
3.496160178602767e-06
3.4932097314069008e-06
3.4902618788903695e-06
3.4873166183014963e-06
3.4843739469160803e-06
3.4814338620283363e-06
3.4784963609122216e-06
3.4755614408465443e-06
3.472629099109081e-06
3.4696993329804645e-06
3.4667721397623155e-06
3.4638475167317083e-06
3.4609254612016876e-06
3.458005970483975e-06
3.455089041881136e-06
3.4521746726927266e-06
3.4492628602091546e-06
3.446353601770143e-06
3.443446894689077e-06
3.4405427360869534e-06
3.4376411232670937e-06
3.4347420535611702e-06
3.431845524370045e-06
3.428951533072839e-06
3.4260600770484728e-06
3.4231711537297485e-06
3.4202847604695954e-06
3.41740089464446e-06
3.4145195536139907e-06
3.411640734742262e-06
3.4087644354404064e-06
3.40589065311714e-06
3.4030193851298986e-06
3.4001506288977716e-06
3.3972843818463223e-06
3.39442064136699e-06
3.391559404855912e-06
3.3887006696818815e-06
3.3858444332685602e-06
3.3829906930052843e-06
3.3801394462886644e-06
3.3772906905363287e-06
3.3744444231579163e-06
3.37160064157761e-06
3.3687593432051622e-06
3.3659205254625046e-06
3.363084185770479e-06
3.360250321563286e-06
3.357418930314519e-06
3.354590009483306e-06
3.3517635565138222e-06
3.348939568879103e-06
3.346118044035401e-06
3.3432989794692e-06
3.340482372638592e-06
3.3376682210408923e-06
3.3348565221781692e-06
3.332047273574186e-06
3.329240472734583e-06
3.3264361171377996e-06
3.3236342043003763e-06
3.3208347317508375e-06
3.318037696984021e-06
3.315243097496079e-06
3.3124509307738884e-06
3.3096611942949016e-06
3.306873885535216e-06
3.304089002016914e-06
3.3013065412495753e-06
3.2985265003347295e-06
3.2957488767518738e-06
3.2929736680008164e-06
3.2902008716034417e-06
3.2874304850603007e-06
3.2846625059270673e-06
3.2818969317687513e-06
3.279133760117632e-06
3.276372988508806e-06
3.2736146144896077e-06
3.2708586356192517e-06
3.2681050494804855e-06
3.265353853622241e-06
3.2626050456185393e-06
3.2598586230523355e-06
3.257114582724337e-06
3.2543729201943794e-06
3.251633633266677e-06
3.2488967197271854e-06
3.2461621773706005e-06
3.2434300039614042e-06
3.240700197260024e-06
3.2379727550239313e-06
3.2352476749997868e-06
3.23252495493565e-06
3.2298045925753134e-06
3.2270865856648174e-06
3.2243709319412803e-06
3.2216576291381574e-06
3.2189466749689616e-06
3.2162380671488338e-06
3.2135318034347575e-06
3.2108278815261587e-06
3.208126299174986e-06
3.2054270541084494e-06
3.2027301440159635e-06
3.20003556665911e-06
3.197343319799505e-06
3.194653401162073e-06
3.1919658084689913e-06
3.1892805394481236e-06
3.1865975918310528e-06
3.1839169634170853e-06
3.181238652013531e-06
3.1785626553497133e-06
3.1758889711322297e-06
3.1732175970884177e-06
3.170548530950635e-06
3.1678817704705856e-06
3.1652173134095483e-06
3.1625551575441287e-06
3.1598953006555335e-06
3.1572377405405994e-06
3.154582474963164e-06
3.1519295016961095e-06
3.14927881853099e-06
3.1466304232438125e-06
3.1439843136235688e-06
3.1413404874401517e-06
3.138698942547718e-06
3.1360596767780495e-06
3.133422687991325e-06
3.1307879740083983e-06
3.128155532666319e-06
3.1255253618191024e-06
3.122897459310671e-06
3.120271822979324e-06
3.1176484506675676e-06
3.1150273402218344e-06
3.112408489502861e-06
3.109791896372657e-06
3.1071775586936986e-06
3.104565474329705e-06
3.1019556411394555e-06
3.0993480570101338e-06
3.0967427198157812e-06
3.0941396274233488e-06
3.0915387777382175e-06
3.088940168648979e-06
3.086343798068961e-06
3.0837496639089304e-06
3.081157764077616e-06
3.0785680964781344e-06
3.075980659087736e-06
3.073395449811472e-06
3.0708124665794053e-06
3.068231707313239e-06
3.0656531699425334e-06
3.0630768524068975e-06
3.0605027526513006e-06
3.057930868677642e-06
3.0553611984789455e-06
3.0527937400302983e-06
3.050228491285959e-06
3.047665450202153e-06
3.0451046147543907e-06
3.0425459829261884e-06
3.0399895527053242e-06
3.03743532209272e-06
3.0348832890787162e-06
3.032333451656567e-06
3.0297858078348556e-06
3.0272403556420886e-06
3.0246970931020352e-06
3.022156018230097e-06
3.0196171290480433e-06
3.0170804235748445e-06
3.014545899814338e-06
3.0120135557600764e-06
3.009483389419884e-06
3.0069553988204505e-06
3.004429582016476e-06
3.001905937051276e-06
2.9993844619680175e-06
2.9968651547934844e-06
2.9943480135854233e-06
2.9918330364414933e-06
2.9893202214041837e-06
2.986809566520606e-06
2.9843010698521413e-06
2.9817947294634674e-06
2.979290543443973e-06
2.976788509914419e-06
2.9742886269702005e-06
2.9717908927079727e-06
2.9692953052292087e-06
2.966801862635225e-06
2.964310563049716e-06
2.9618214046064835e-06
2.9593343854367267e-06
2.9568495036648644e-06
2.954366757462766e-06
2.9518861449633147e-06
2.949407664325794e-06
2.946931313719705e-06
2.9444570912917235e-06
2.9419849951944447e-06
2.9395150236084347e-06
2.937047174688314e-06
2.934581446604153e-06
2.9321178375201825e-06
2.929656345609424e-06
2.9271969690498056e-06
2.924739706032185e-06
2.9222845547450193e-06
2.919831513373696e-06
2.9173805801026097e-06
2.9149317531373084e-06
2.9124850307261874e-06
2.910040411074796e-06
2.9075978923738544e-06
2.905157472817712e-06
2.9027191505998594e-06
2.9002829239218145e-06
2.8978487909348933e-06
2.8954167498531523e-06
2.8929867989011595e-06
2.890558936304733e-06
2.888133160295346e-06
2.8857094690991436e-06
2.8832878609480967e-06
2.8808683340867056e-06
2.8784508867505084e-06
2.8760355171461675e-06
2.8736222235147776e-06
2.8712110041349665e-06
2.8688018572669486e-06
2.8663947811925228e-06
2.86398977418528e-06
2.861586834507165e-06
2.859185960399223e-06
2.856787150110813e-06
2.8543904019179274e-06
2.8519957141175825e-06
2.849603084998871e-06
2.8472125128864828e-06
2.8448239960587867e-06
2.842437532799751e-06
2.840053121399625e-06
2.8376707601455395e-06
2.835290447331742e-06
2.8329121812506426e-06
2.830535960213347e-06
2.8281617825524022e-06
2.825789646595234e-06
2.8234195506572386e-06
2.8210514930426795e-06
2.818685472063363e-06
2.8163214860336287e-06
2.813959533265728e-06
2.811599612069348e-06
2.8092417207474455e-06
2.8068858576266723e-06
2.804532021035384e-06
2.802180209266591e-06
2.7998304206278146e-06
2.7974826534512453e-06
2.7951369060648844e-06
2.7927931767953364e-06
2.790451463975406e-06
2.78811176594176e-06
2.7857740810222113e-06
2.7834384075568797e-06
2.7811047438892096e-06
2.778773088373576e-06
2.776443439375421e-06
2.7741157952808084e-06
2.7717901544707305e-06
2.7694665153094496e-06
2.7671448761434432e-06
2.7648252353347753e-06
2.762507591247625e-06
2.760191942244187e-06
2.7578782866872454e-06
2.755566622966181e-06
2.7532569494855904e-06
2.7509492646212468e-06
2.7486435667598086e-06
2.7463398543096835e-06
2.744038125625324e-06
2.7417383790765454e-06
2.7394406130441866e-06
2.7371448259097505e-06
2.73485101607474e-06
2.7325591819318078e-06
2.7302693218819984e-06
2.7279814343312693e-06
2.7256955176700693e-06
2.7234115702908663e-06
2.7211295906035818e-06
2.718849577004602e-06
2.7165715279121246e-06
2.7142954417518826e-06
2.7120213169356265e-06
2.7097491518950946e-06
2.707478945056451e-06
2.7052106948680745e-06
2.7029443997638613e-06
2.700680058168211e-06
2.698417668502635e-06
2.696157229216145e-06
2.693898738756463e-06
2.691642195592256e-06
2.6893875981806223e-06
2.687134944976333e-06
2.6848842344437742e-06
2.6826354650505596e-06
2.680388635264276e-06
2.6781437435523186e-06
2.67590078840246e-06
2.6736597683400893e-06
2.6714206818499924e-06
2.669183527401641e-06
2.6669483034993173e-06
2.664715008650108e-06
2.662483641378275e-06
2.660254200211852e-06
2.658026683660357e-06
2.6558010902165118e-06
2.65357741841431e-06
2.6513556668043087e-06
2.6491358339385557e-06
2.646917918352534e-06
2.6447019185751297e-06
2.6424878331463808e-06
2.6402756606070543e-06
2.6380653994988526e-06
2.63585704837584e-06
2.633650605799361e-06
2.6314460703281473e-06
2.6292434405293517e-06
2.627042714991951e-06
2.6248438923008587e-06
2.6226469710507325e-06
2.6204519498360162e-06
2.6182588272453217e-06
2.616067601886e-06
2.613878272346179e-06
2.6116908372150723e-06
2.609505295095441e-06
2.6073216445864676e-06
2.6051398843078445e-06
2.6029600128821434e-06
2.600782028931047e-06
2.598605931082776e-06
2.5964317179532204e-06
2.594259388175363e-06
2.5920889403770824e-06
2.5899203731840743e-06
2.5877536852564295e-06
2.5855888752453192e-06
2.5834259418181628e-06
2.5812648836508393e-06
2.5791056994066953e-06
2.5769483877351104e-06
2.5747929473241314e-06
2.5726393768693343e-06
2.5704876750812195e-06
2.5683378406478693e-06
2.566189872237728e-06
2.5640437685202645e-06
2.5618995281895918e-06
2.5597571499354186e-06
2.5576166324510913e-06
2.555477974436005e-06
2.5533411746389583e-06
2.5512062317507914e-06
2.549073144482978e-06
2.5469419115763765e-06
2.5448125317699674e-06
2.5426850037844907e-06
2.5405593263155235e-06
2.5384354980958968e-06
2.5363135178574578e-06
2.5341933843423173e-06
2.5320750962846075e-06
2.5299586524234655e-06
2.527844051498592e-06
2.5257312922646934e-06
2.523620373483645e-06
2.521511293918011e-06
2.5194040523199767e-06
2.5172986474453817e-06
2.515195078054146e-06
2.5130933429090865e-06
2.510993440778612e-06
2.508895370435003e-06
2.5067991305933435e-06
2.5047047194150243e-06
2.5026121357390465e-06
2.500521378413533e-06
2.498432446251904e-06
2.496345338079149e-06
2.4942600527339887e-06
2.492176589049064e-06
2.490094945853271e-06
2.488015121969223e-06
2.485937116223576e-06
2.4838609274357797e-06
2.481786554431846e-06
2.4797139960517814e-06
2.477643251166166e-06
2.475574318615307e-06
2.473507197212782e-06
2.4714418858149465e-06
2.4693783832700448e-06
2.467316688418316e-06
2.465256800215018e-06
2.4631987175987247e-06
2.461142439423682e-06
2.4590879645521273e-06
2.4570352918317548e-06
2.4549844201090085e-06
2.452935348229976e-06
2.4508880750481514e-06
2.448842599423628e-06
2.446798920234779e-06
2.4447570363070578e-06
2.4427169464976566e-06
2.4406786496552525e-06
2.4386421446254388e-06
2.4366074302684948e-06
2.434574505444817e-06
2.4325433690125256e-06
2.43051401983147e-06
2.4284864567623366e-06
2.4264606786737354e-06
2.4244366844305376e-06
2.4224144728940008e-06
2.4203940429264617e-06
2.4183753933956576e-06
2.416358523168559e-06
2.4143434311215247e-06
2.412330116134008e-06
2.4103185770488005e-06
2.4083088119405866e-06
2.4063008197132715e-06
2.4042945992752154e-06
2.4022901495401267e-06
2.4002874694167973e-06
2.398286557822798e-06
2.3962874136739894e-06
2.394290035883688e-06
2.3922944233741266e-06
2.390300575049382e-06
2.3883084898243886e-06
2.3863181666208743e-06
2.384329604342948e-06
2.382342801889327e-06
2.3803577581885635e-06
2.378374472166306e-06
2.3763929427605672e-06
2.374413168903941e-06
2.3724351495430225e-06
2.3704588836062097e-06
2.3684843700307766e-06
2.3665116077318525e-06
2.3645405956401464e-06
2.362571332681069e-06
2.360603817792199e-06
2.3586380498934656e-06
2.3566740279183956e-06
2.3547117508040195e-06
2.3527512174979073e-06
2.3507924269415083e-06
2.34883537805655e-06
2.346880069799862e-06
2.344926501111944e-06
2.34297467094684e-06
2.3410245782393102e-06
2.3390762219179345e-06
2.3371296009163006e-06
2.335184714171063e-06
2.333241560619143e-06
2.3313001391937357e-06
2.3293604488232315e-06
2.3274224884400245e-06
2.3254862569911735e-06
2.323551753421254e-06
2.321618976685688e-06
2.319687925719734e-06
2.3177585994658126e-06
2.3158309968596145e-06
2.3139051168612478e-06
2.311980958436185e-06
2.31005852052883e-06
2.308137802080217e-06
2.306218802028813e-06
2.304301519313966e-06
2.302385952879105e-06
2.3004721016565333e-06
2.2985599645899224e-06
2.2966495406262096e-06
2.294740828688296e-06
2.2928338277193655e-06
2.290928536643753e-06
2.2890249540618268e-06
2.2871230783569818e-06
2.2852229085384333e-06
2.283324443592593e-06
2.281427682494841e-06
2.2795326242394644e-06
2.2776392678406292e-06
2.275747612287575e-06
2.2738576565459704e-06
2.2719693996019855e-06
2.2700828404139663e-06
2.2681979779531195e-06
2.266314811191821e-06
2.264433339102226e-06
2.2625535606419085e-06
2.2606754747845333e-06
2.2587990804824275e-06
2.256924376697784e-06
2.2550513623918037e-06
2.253180036514985e-06
2.251310398008633e-06
2.2494424458070036e-06
2.2475761788394686e-06
2.245711596040701e-06
2.2438486963618945e-06
2.2419874787092673e-06
2.2401279420329245e-06
2.23827008527766e-06
2.2364139073775578e-06
2.2345594072699384e-06
2.2327065838745565e-06
2.230855436104845e-06
2.2290059628935647e-06
2.227158163156048e-06
2.2253120358125293e-06
2.223467579782074e-06
2.221624793988614e-06
2.2197836773472203e-06
2.2179442287810833e-06
2.2161064471809157e-06
2.214270331450941e-06
2.212435880485104e-06
2.210603093177895e-06
2.2087719684362934e-06
2.206942505173133e-06
2.2051147022879053e-06
2.203288558680003e-06
2.2014640732469025e-06
2.199641244882254e-06
2.1978200724672284e-06
2.1960005548772935e-06
2.1941826910111153e-06
2.192366479756561e-06
2.190551920007001e-06
2.1887390106396045e-06
2.186927750539049e-06
2.1851181385772263e-06
2.183310173622911e-06
2.1815038545431205e-06
2.1796991802209685e-06
2.1778961495297728e-06
2.1760947613310833e-06
2.17429501447927e-06
2.172496907855669e-06
2.1707004403248208e-06
2.168905610752015e-06
2.167112417995559e-06
2.1653208609188488e-06
2.1635309383787837e-06
2.161742649224372e-06
2.1599559923028063e-06
2.1581709664602263e-06
2.1563875705380127e-06
2.1546058033627525e-06
2.152825663780902e-06
2.1510471506299257e-06
2.149270262743498e-06
2.1474949989666756e-06
2.1457213581032015e-06
2.1439493389981224e-06
2.1421789404762293e-06
2.140410161340435e-06
2.138643000402546e-06
2.1368774564730495e-06
2.135113528354653e-06
2.133351214845213e-06
2.1315905147463645e-06
2.129831426850407e-06
2.128073949944448e-06
2.126318082804575e-06
2.1245638242165385e-06
2.1228111729732994e-06
2.1210601278561197e-06
2.1193106876416055e-06
2.1175628510951966e-06
2.1158166169946817e-06
2.114071984127161e-06
2.112328951266501e-06
2.1105875171798277e-06
2.108847680644161e-06
2.107109440429772e-06
2.1053727938403152e-06
2.103637739588554e-06
2.10190427653401e-06
2.1001724035329406e-06
2.0984421194285793e-06
2.0967134230608117e-06
2.0949863132453796e-06
2.093260788801692e-06
2.0915368485352266e-06
2.089814491250381e-06
2.088093715752847e-06
2.0863745208386833e-06
2.0846569052874156e-06
2.0829408678605487e-06
2.081226407325432e-06
2.0795135224515337e-06
2.0778022119905393e-06
2.076092474695665e-06
2.0743843093181423e-06
2.072677714626412e-06
2.070972689363754e-06
2.0692692322852024e-06
2.067567342125583e-06
2.0658670175992153e-06
2.0641682574164196e-06
2.0624710602887355e-06
2.060775424927262e-06
2.059081350023208e-06
2.0573888342749587e-06
2.055697876379414e-06
2.0540084750341825e-06
2.05232062892668e-06
2.0506343367559696e-06
2.0489495971864356e-06
2.047266408911993e-06
2.045584770629629e-06
2.0439046810208814e-06
2.0422261387519318e-06
2.0405491424873005e-06
2.03887369088261e-06
2.0371997825992225e-06
2.035527416293887e-06
2.0338565906261577e-06
2.032187304241709e-06
2.0305195558030298e-06
2.028853343961441e-06
2.027188667344558e-06
2.0255255245954135e-06
2.023863914354273e-06
2.0222038352654363e-06
2.020545285954976e-06
2.018888265045018e-06
2.0172327711590024e-06
2.0155788029149224e-06
2.0139263589486434e-06
2.0122754378688457e-06
2.010626038280424e-06
2.0089781587899627e-06
2.0073317979937254e-06
2.0056869544851703e-06
2.0040436268787576e-06
2.002401813784402e-06
2.000761513800696e-06
1.9991227255126983e-06
1.9974854475023606e-06
1.9958496783468765e-06
1.994215416614383e-06
1.9925826608829683e-06
1.990951409714997e-06
1.9893216616629056e-06
1.9876934153009326e-06
1.9860666691852042e-06
1.9844414218696972e-06
1.9828176719033375e-06
1.9811954178302337e-06
1.979574658186243e-06
1.9779553915035844e-06
1.976337616311217e-06
1.974721331132279e-06
1.9731065345074955e-06
1.971493224965753e-06
1.969881401004114e-06
1.9682710611302138e-06
1.966662203842151e-06
1.9650548276558637e-06
1.9634489310839535e-06
1.9618445126294815e-06
1.96024157078144e-06
1.958640104033686e-06
1.957040110855183e-06
1.9554415897175076e-06
1.953844539094553e-06
1.9522489574539175e-06
1.9506548432751947e-06
1.9490621950196676e-06
1.947471011141875e-06
1.9458812900995683e-06
1.944293030351911e-06
1.9427062303516635e-06
1.9411208885445985e-06
1.9395370033715136e-06
1.9379545732617783e-06
1.936373596646337e-06
1.9347940719446915e-06
1.93321599759108e-06
1.9316393720228525e-06
1.9300641936584592e-06
1.9284904609004934e-06
1.9269181721552937e-06
1.9253473258386868e-06
1.923777920351415e-06
1.9222099540995614e-06
1.92064342547397e-06
1.919078332863073e-06
1.9175146746348405e-06
1.9159524491743136e-06
1.9143916548539776e-06
1.9128322900417534e-06
1.9112743530984064e-06
1.9097178423819672e-06
1.9081627562413584e-06
1.9066090930303436e-06
1.905056851092402e-06
1.9035060287605146e-06
1.901956624360978e-06
1.9004086362307704e-06
1.898862062699857e-06
1.89731690210498e-06
1.8957731527743145e-06
1.8942308129977667e-06
1.8926898810799315e-06
1.891150355334805e-06
1.8896122340726418e-06
1.8880755155964992e-06
1.886540198208377e-06
1.8850062802026216e-06
1.8834737598626785e-06
1.8819426354594803e-06
1.8804129052790645e-06
1.878884567587221e-06
1.8773576206548852e-06
1.8758320627472998e-06
1.874307892123545e-06
1.8727851070574493e-06
1.8712637058012342e-06
1.8697436866064884e-06
1.8682250477232337e-06
1.8667077873919872e-06
1.8651919038317011e-06
1.8636773952774597e-06
1.8621642599724048e-06
1.8606524961381054e-06
1.8591421019932264e-06
1.8576330757532419e-06
1.856125415612589e-06
1.8546191197712688e-06
1.8531141864354964e-06
1.8516106138063072e-06
1.8501084000667359e-06
1.848607543400068e-06
1.8471080419755053e-06
1.845609893951463e-06
1.8441130974916974e-06
1.8426176507654751e-06
1.8411235519359913e-06
1.839630799158256e-06
1.8381393905822479e-06
1.8366493243469118e-06
1.835160598593605e-06
1.8336732114631617e-06
1.8321871610888232e-06
1.830702445597373e-06
1.8292190631190967e-06
1.8277370117724652e-06
1.8262562896753234e-06
1.8247768949401038e-06
1.8232988256845183e-06
1.8218220800112962e-06
1.8203466560291022e-06
1.8188725518334344e-06
1.8173997655073033e-06
1.815928295133249e-06
1.8144581387969768e-06
1.8129892945679046e-06
1.8115217605118289e-06
1.8100555347009919e-06
1.8085906151988705e-06
1.8071270000621594e-06
1.8056646873379285e-06
1.8042036750801968e-06
1.8027439613346805e-06
1.8012855441444522e-06
1.7998284215583044e-06
1.7983725916056487e-06
1.7969180523250882e-06
1.795464801731739e-06
1.7940128378506491e-06
1.7925621586935264e-06
1.7911127622619464e-06
1.7896646465551713e-06
1.7882178095744575e-06
1.786772249308882e-06
1.785327963742402e-06
1.7838849508745393e-06
1.782443208694043e-06
1.7810027351811798e-06
1.7795635283080012e-06
1.778125586039558e-06
1.7766889063390803e-06
1.7752534871658754e-06
1.7738193264797955e-06
1.772386422235732e-06
1.7709547723749664e-06
1.7695243748475196e-06
1.768095227588466e-06
1.7666673285213192e-06
1.7652406755704849e-06
1.7638152666583662e-06
1.762391099696665e-06
1.7609681725920541e-06
1.7595464832598286e-06
1.7581260295938163e-06
1.7567068094921129e-06
1.7552888208323147e-06
1.7538720614939418e-06
1.752456529345283e-06
1.7510422222664364e-06
1.749629138130089e-06
1.7482172748073986e-06
1.7468066301668768e-06
1.7453972020667922e-06
1.7439889883624283e-06
1.7425819868929188e-06
1.7411761955120078e-06
1.7397716120627596e-06
1.7383682343808564e-06
1.736966060306588e-06
1.735565087657673e-06
1.7341653142477254e-06
1.7327667378938613e-06
1.731369356404637e-06
1.7299731675797906e-06
1.7285781692256942e-06
1.7271843591385416e-06
1.725791735113099e-06
1.724400294934336e-06
1.7230100363883932e-06
1.7216209572617644e-06
1.720233055331763e-06
1.7188463283878484e-06
1.7174607741932318e-06
1.7160763905124656e-06
1.7146931751032876e-06
1.7133111257076765e-06
1.7119302400624467e-06
1.7105505159036697e-06
1.7091719509545072e-06
1.707794542943729e-06
1.7064182896082495e-06
1.7050431886692494e-06
1.7036692378482514e-06
1.7022964348678862e-06
1.7009247774446193e-06
1.6995542632816018e-06
1.6981848900789394e-06
1.6968166555264237e-06
1.695449557324581e-06
1.6940835931714163e-06
1.692718760754114e-06
1.6913550577562811e-06
1.6899924818357973e-06
1.688631030663816e-06
1.6872707019162358e-06
1.6859114932597e-06
1.6845534023554426e-06
1.6831964268584302e-06
1.6818405644227418e-06
1.6804858126943161e-06
1.679132169322314e-06
1.6777796319314715e-06
1.6764281981618699e-06
1.6750778656439197e-06
1.6737286319955512e-06
1.6723804948431519e-06
1.671033451801574e-06
1.6696875004770543e-06
1.668342638484292e-06
1.6669988634329284e-06
1.6656561729132201e-06
1.6643145645188843e-06
1.6629740358305772e-06
1.661634584440842e-06
1.6602962079289022e-06
1.6589589038754105e-06
1.6576226698535888e-06
1.6562875034374258e-06
1.6549534021868707e-06
1.6536203636639552e-06
1.6522883854202746e-06
1.650957465014529e-06
1.649627599994534e-06
1.6482987879013666e-06
1.6469710262791128e-06
1.6456443126607452e-06
1.64431864458737e-06
1.6429940195949663e-06
1.6416704352124468e-06
1.6403478889569038e-06
1.6390263783585544e-06
1.6377059009365948e-06
1.6363864542122261e-06
1.6350680357033025e-06
1.633750642915836e-06
1.6324342733558406e-06
1.631118924529467e-06
1.6298045939399604e-06
1.6284912790815034e-06
1.6271789774499244e-06
1.625867686547651e-06
1.6245574038649738e-06
1.6232481268933424e-06
1.6219398531090791e-06
1.6206325799859469e-06
1.6193263049984153e-06
1.618021025617325e-06
1.6167167393021144e-06
1.6154134435163652e-06
1.6141111357056263e-06
1.6128098133262762e-06
1.611509473829629e-06
1.6102101146684626e-06
1.6089117332869911e-06
1.6076143271194006e-06
1.6063178936016475e-06
1.6050224301649365e-06
1.603727934234539e-06
1.6024344032395575e-06
1.6011418345931492e-06
1.5998502257145524e-06
1.5985595740270273e-06
1.597269876951412e-06
1.5959811319030639e-06
1.594693336297736e-06
1.5934064875481978e-06
1.592120583061085e-06
1.5908356202457837e-06
1.5895515965100502e-06
1.588268509256107e-06
1.5869863558831743e-06
1.585705133810662e-06
1.5844248404346299e-06
1.5831454731508566e-06
1.5818670293603466e-06
1.5805895064668261e-06
1.5793129018639268e-06
1.5780372129384088e-06
1.5767624370622937e-06
1.5754885716336998e-06
1.5742156140408155e-06
1.5729435616622575e-06
1.5716724118705223e-06
1.5704021620480245e-06
1.5691328095715692e-06
1.567864351822388e-06
1.5665967861688414e-06
1.5653301099796731e-06
1.5640643206302691e-06
1.562799415485683e-06
1.5615353919092693e-06
1.5602722472691586e-06
1.5590099789049582e-06
1.557748584179837e-06
1.5564880604519494e-06
1.555228405089719e-06
1.5539696154546325e-06
1.5527116888981019e-06
1.5514546227797847e-06
1.5501984144598493e-06
1.548943061296478e-06
1.5476885606440388e-06
1.5464349098512476e-06
1.5451821062750493e-06
1.5439301472558227e-06
1.542679030150185e-06
1.5414287523112006e-06
1.5401793110931075e-06
1.5389307038557844e-06
1.5376829279456148e-06
1.5364359807326391e-06
1.5351898595530254e-06
1.53394456175479e-06
1.5327000846867672e-06
1.5314564256911917e-06
1.5302135821088818e-06
1.5289715512890364e-06
1.5277303305764033e-06
1.5264899173092753e-06
1.5252503088341305e-06
1.524011502496238e-06
1.5227734956298337e-06
1.5215362855824973e-06
1.5202998696822602e-06
1.5190642452653733e-06
1.5178294096760614e-06
1.5165953602616264e-06
1.5153620943604653e-06
1.5141296093132624e-06
1.5128979024597862e-06
1.5116669711534434e-06
1.5104368127319795e-06
1.5092074245451476e-06
1.5079788039343687e-06
1.5067509482442787e-06
1.505523854816718e-06
1.5042975209960888e-06
1.5030719441263012e-06
1.5018471215547959e-06
1.5006230506249515e-06
1.4993997286778035e-06
1.4981771530601916e-06
1.4969553211250551e-06
1.495734230223371e-06
1.4945138776972128e-06
1.49329426089119e-06
1.4920753771605477e-06
1.4908572238613069e-06
1.4896397983479135e-06
1.4884230979756962e-06
1.4872071200887181e-06
1.485991862043866e-06
1.4847773211929466e-06
1.483563494898192e-06
1.4823503805153384e-06
1.481137975394564e-06
1.479926276874679e-06
1.4787152823109838e-06
1.477504989071989e-06
1.476295394522275e-06
1.4750864960417786e-06
1.473878291001656e-06
1.4726707767634968e-06
1.471463950693779e-06
1.470257810159665e-06
1.4690523525252403e-06
1.4678475751588895e-06
1.4666434754268929e-06
1.4654400507087703e-06
1.4642372983805364e-06
1.4630352158148414e-06
1.4618338003953547e-06
1.4606330494976168e-06
1.4594329605048997e-06
1.4582335308013242e-06
1.4570347577678027e-06
1.4558366387910932e-06
1.4546391712630335e-06
1.4534423525769379e-06
1.4522461801230684e-06
1.4510506512952094e-06
1.4498557634923333e-06
1.448661514116356e-06
1.4474679005752768e-06
1.4462749202827365e-06
1.4450825706435725e-06
1.4438908490661738e-06
1.4426997529621972e-06
1.441509279748335e-06
1.4403194268401713e-06
1.4391301916579206e-06
1.4379415716111982e-06
1.4367535641324563e-06
1.4355661666427948e-06
1.434379376573463e-06
1.433193191357191e-06
1.432007608424685e-06
1.4308226252126293e-06
1.429638239157268e-06
1.4284544477013011e-06
1.4272712483022194e-06
1.426088638406232e-06
1.4249066154600038e-06
1.4237251769167474e-06
1.4225443202309058e-06
1.4213640428611581e-06
1.4201843422714456e-06
1.4190052159243061e-06
1.4178266612883955e-06
1.4166486758335037e-06
1.4154712570346325e-06
1.4142944023673004e-06
1.41311810930808e-06
1.411942375343879e-06
1.4107671979503178e-06
1.409592574623586e-06
1.4084185028436951e-06
1.4072449801185736e-06
1.4060720039444807e-06
1.4048995718171527e-06
1.403727681238036e-06
1.4025563297150097e-06
1.4013855147612836e-06
1.4002152338885734e-06
1.3990454846084054e-06
1.397876264445457e-06
1.3967075709189459e-06
1.3955394015441798e-06
1.394371753854652e-06
1.3932046253974154e-06
1.3920380137040943e-06
1.3908719163050573e-06
1.3897063307468418e-06
1.3885412545775645e-06
1.3873766853491473e-06
1.386212620614191e-06
1.3850490579291713e-06
1.3838859948501672e-06
1.382723428953895e-06
1.381561357816369e-06
1.3803997793276369e-06
1.3792386916399147e-06
1.3780780923457929e-06
1.3769179790126358e-06
1.3757583491875426e-06
1.3745992003918438e-06
1.3734405301545682e-06
1.3722823360357834e-06
1.3711246155962345e-06
1.3699673664093293e-06
1.368810586053442e-06
1.3676542721214294e-06
1.3664984222092853e-06
1.3653430339184563e-06
1.3641881048649867e-06
1.3630336326700462e-06
1.3618796149601038e-06
1.3607260493680355e-06
1.3595729335477695e-06
1.358420265153334e-06
1.3572680418306025e-06
1.356116261236876e-06
1.3549649210511223e-06
1.3538140189454682e-06
1.3526635526028186e-06
1.3515135197057249e-06
1.350363917952903e-06
1.3492147450452764e-06
1.3480659986832078e-06
1.3469176765752816e-06
1.3457697764305252e-06
1.3446222959695293e-06
1.3434752329114374e-06
1.3423285849885622e-06
1.3411823499360466e-06
1.340036525490461e-06
1.3388911093980007e-06
1.3377460994128298e-06
1.3366014932951224e-06
1.3354572888172297e-06
1.3343134837429588e-06
1.3331700758534242e-06
1.332027062930499e-06
1.3308844427662782e-06
1.3297422131535348e-06
1.3286003718903047e-06
1.3274589167827697e-06
1.3263178456407999e-06
1.3251771562760419e-06
1.324036846510596e-06
1.322896914173113e-06
1.321757357101694e-06
1.320618173137258e-06
1.3194793601319388e-06
1.318340915938842e-06
1.317202838423067e-06
1.3160651254384558e-06
1.3149277748615116e-06
1.3137907845662714e-06
1.3126541524449581e-06
1.311517876379311e-06
1.3103819542850746e-06
1.309246384067054e-06
1.3081111636485149e-06
1.3069762909508334e-06
1.3058417638999723e-06
1.3047075804352478e-06
1.3035737384918751e-06
1.3024402360207579e-06
1.301307070976467e-06
1.300174241319312e-06
1.2990417450226515e-06
1.2979095800596713e-06
1.2967777444053406e-06
1.2956462360482906e-06
1.2945150529818683e-06
1.2933841932071359e-06
1.2922536547318476e-06
1.291123435572397e-06
1.2899935337480748e-06
1.2888639472855018e-06
1.2877346742194556e-06
1.2866057125895903e-06
1.2854770604423179e-06
1.2843487158345809e-06
1.2832206768331616e-06
1.2820929415152947e-06
1.2809655079586668e-06
1.2798383742529307e-06
1.2787115384979324e-06
1.2775849988032924e-06
1.2764587532772019e-06
1.275332800052801e-06
1.274207137253958e-06
1.2730817630223648e-06
1.2719566754959362e-06
1.2708318728320385e-06
1.2697073531973097e-06
1.2685831147595166e-06
1.267459155686631e-06
1.26633547416002e-06
1.265212068351342e-06
1.2640889364568305e-06
1.2629660768272945e-06
1.2618434878174127e-06
1.260721167645528e-06
1.2595991145353343e-06
1.2584773267074961e-06
1.2573558023951754e-06
1.256234539828998e-06
1.2551135372516238e-06
1.253992792912467e-06
1.2528723050745094e-06
1.2517520720080246e-06
1.2506320919935842e-06
1.2495123633221083e-06
1.2483928842956876e-06
1.247273653232755e-06
1.2461546684563794e-06
1.2450359283002038e-06
1.2439174310989405e-06
1.2427991752007505e-06
1.2416811589562798e-06
1.24056338073685e-06
1.2394458389280286e-06
1.2383285319134398e-06
1.2372114580819818e-06
1.2360946158385935e-06
1.2349780035998596e-06
1.2338616197905898e-06
1.232745462845909e-06
1.2316295312013046e-06
1.2305138233093572e-06
1.2293983376225618e-06
1.2282830726069236e-06
1.2271680267385138e-06
1.226053198508473e-06
1.2249385864066331e-06
1.223824188934344e-06
1.2227100045992286e-06
1.22159603191486e-06
1.2204822694093168e-06
1.21936871561622e-06
1.2182553690790564e-06
1.2171422283558468e-06
1.2160292920086e-06
1.2149165586080175e-06
1.2138040267368608e-06
1.2126916949820972e-06
1.2115795619402202e-06
1.2104676262116858e-06
1.2093558864184164e-06
1.2082443411903477e-06
1.2071329891649588e-06
1.2060218289888205e-06
1.2049108593203985e-06
1.2038000788219058e-06
1.2026894861631304e-06
1.2015790800227092e-06
1.2004688590951675e-06
1.199358822087398e-06
1.1982489677054335e-06
1.1971392946732052e-06
1.1960298017234172e-06
1.1949204875977739e-06
1.1938113510443956e-06
1.1927023908125647e-06
1.1915936056722614e-06
1.1904849944086066e-06
1.189376555811425e-06
1.1882682886935532e-06
1.1871601918607131e-06
1.1860522641331047e-06
1.1849445043449675e-06
1.183836911332125e-06
1.182729483945996e-06
1.1816222210439253e-06
1.1805151215010368e-06
1.1794081841906266e-06
1.1783014080048385e-06
1.1771947918480117e-06
1.17608833462438e-06
1.1749820352569643e-06
1.1738758926746479e-06
1.1727699058095973e-06
1.1716640736210714e-06
1.1705583950561551e-06
1.1694528690843188e-06
1.1683474946848264e-06
1.1672422708411887e-06
1.1661371965534248e-06
1.1650322708268816e-06
1.1639274926775306e-06
1.162822861134542e-06
1.1617183752266369e-06
1.1606140340063994e-06
1.1595098365244002e-06
1.1584057818486115e-06
1.157301869047325e-06
1.1561980972038766e-06
1.1550944654261091e-06
1.1539909728240897e-06
1.15288761852249e-06
1.1517844016555347e-06
1.1506813213622467e-06
1.1495783767858474e-06
1.1484755670997137e-06
1.147372891467452e-06
1.1462703490756155e-06
1.1451679391207466e-06
1.1440656608091544e-06
1.142963513361944e-06
1.1418614960047401e-06
1.140759607976094e-06
1.1396578485271034e-06
1.1385562169192895e-06
1.1374547124191963e-06
1.136353334302977e-06
1.1352520818722755e-06
1.1341509544139948e-06
1.133049951237204e-06
1.1319490716491344e-06
1.1308483149823756e-06
1.1297476805796358e-06
1.128647167783697e-06
1.1275467759607564e-06
1.1264465044815813e-06
1.1253463527215593e-06
1.1242463200727297e-06
1.1231464059414146e-06
1.122046609736932e-06
1.1209469308877593e-06
1.1198473688306515e-06
1.1187479230116608e-06
1.1176485928911604e-06
1.1165493779415136e-06
1.115450277642713e-06
1.1143512914829433e-06
1.1132524189661389e-06
1.1121536596054687e-06
1.1110550129181762e-06
1.1099564784309865e-06
1.1088580556835144e-06
1.1077597442283775e-06
1.1066615436266495e-06
1.1055634534569062e-06
1.104465473302306e-06
1.1033676027564895e-06
1.1022698414301434e-06
1.1011721889347098e-06
1.1000746449015679e-06
1.0989772089607716e-06
1.0978798807658327e-06
1.0967826599734644e-06
1.0956855462567122e-06
1.0945885392886548e-06
1.0934916387590742e-06
1.0923948443737955e-06
1.0912981558349545e-06
1.0902015728728507e-06
1.0891050952257229e-06
1.0880087226382149e-06
1.0869124548677607e-06
1.0858162916808258e-06
1.0847202328549644e-06
1.0836242781725701e-06
1.0825284274352245e-06
1.0814326804474184e-06
1.080337037028103e-06
1.0792414970076843e-06
1.0781460602268273e-06
1.0770507265379888e-06
1.0759554958070962e-06
1.0748603679101655e-06
1.0737653427322647e-06
1.072670420169675e-06
1.0715756001316861e-06
1.070480882533084e-06
1.0693862673074896e-06
1.0682917543907318e-06
1.067197343732885e-06
1.0661030352857378e-06
1.0650088290216653e-06
1.063914724916278e-06
1.0628207229648483e-06
1.0617268231614535e-06
1.0606330254645538e-06
1.0595393290181172e-06
1.0584457339130817e-06
1.057352240256169e-06
1.0562588481548408e-06
1.0551655577219473e-06
1.0540723690895896e-06
1.0529792823709493e-06
1.051886297699603e-06
1.0507934152176022e-06
1.049700635069005e-06
1.0486079574180158e-06
1.047515382427804e-06
1.0464229102756238e-06
1.0453305411404602e-06
1.0442382752132902e-06
1.0431461126959365e-06
1.0420540538064186e-06
1.0409620987577381e-06
1.0398702477748964e-06
1.0387785010956384e-06
1.0376868589651343e-06
1.0365953216404213e-06
1.0355038893845643e-06
1.0344125624716536e-06
1.033321341177021e-06
1.0322302258094663e-06
1.0311392166633504e-06
1.0300483140467024e-06
1.0289575182821012e-06
1.0278668296983255e-06
1.02677624863586e-06
1.0256857754479673e-06
1.0245954104953463e-06
1.0235051541404142e-06
1.0224150067740407e-06
1.0213249687827957e-06
1.0202350405650926e-06
1.0191452225313063e-06
1.018055515097083e-06
1.01696591868964e-06
1.0158764337512255e-06
1.014787060719949e-06
1.0136978000553835e-06
1.0126086522326104e-06
1.0115196177269272e-06
1.0104306970274428e-06
1.009341890628545e-06
1.0082531989826137e-06
1.0071646226084077e-06
1.0060761620421904e-06
1.0049878178213252e-06
1.0038995904941887e-06
1.002811480622307e-06
1.0017234887748714e-06
1.0006356155259078e-06
9.995478614701789e-07
