0.028395769257408693
0.012721363137848343
0.007966687349289094
0.005685319076648616
0.004346888212881014
0.0034697003822599334
0.0028458297208288803
0.0023790473692343874
0.0020157465484094213
0.001724342541595317
0.0014848606420567174
0.0012842225592211176
0.0011133537483395985
0.0009657915319884231
0.0008368645954370523
0.0007231143707094759
0.000621839723924318
0.0005310024875252443
0.0004265695022157967
0.0019142041886677122
0.0018721621311069557
0.0018267972031114064
0.0019314673418549015
0.0018206749496316782
0.0019411872626575936
0.0018364490415242892
0.001994401222977758
0.0018968851134807682
0.0018018657188521162
0.001709558733344119
0.0019150810288507997
0.0018276986271062111
0.0017421328510146545
0.0006290481998037585
0.0005591937061543226
0.0006820103628991632
0.0007874727117935554
0.0008802599140874928
0.000903729558411063
0.0009874917538114094
0.00100943790675513
0.0010326963433841844
0.0011097894186096766
0.0011777216616496024
0.0011951429940486892
0.001213584899889234
0.0012747818187422398
0.0012903894619690692
0.0013067687831517364
0.001323798694060256
0.0013784006624604124
0.001391589588919995
0.0014381474252932365
0.0014147962710180867
0.0014624235919934664
0.001472716215678241
0.0015123713461466651
0.001489691467058669
0.0015302677624946359
0.001537223553744098
0.001544566042773189
0.0015522137497788711
0.0015854415595416029
0.0015885446363163775
0.00159225602257701
0.0015964697089911686
0.0016010210073227936
0.0016279518997937747
0.0016057948055374473
0.0016334930875557276
0.0016340582055058258
0.0016351357739625505
0.0016558814318578966
0.001570476542599238
0.0016401542532411342
0.0016421191125626385
0.0016439075214794202
0.0016454220650112133
0.0016631490713838104
0.001642394082880764
0.0016604294222187634
0.001640071296704189
0.0016582639894014923
0.001654531993431206
0.0016513337351193485
0.001662687320007247
0.0016411021241110441
0.0016538415206305717
0.0016333513963177437
0.001646746134249517
0.0016407673565674674
0.0016355204716721346
0.0016308116954269977
0.0016264730960560186
0.0014195105532092416
0.0015964029730073295
0.0016091334321981677
0.0015935535845752599
0.0016062200894937085
0.0015886593309228838
0.0015998936379507064
0.0015817320440592597
0.0015925099309140516
0.0015857808493090202
0.0015681060079920297
0.0015790642215352405
0.0015091838100861966
0.0015440438820274278
0.0015324445311896365
0.0015487725566048546
0.0015337354515131743
0.001546058373333386
0.0015403628968862465
0.0015236732706824152
0.0014972561546252494
0.0014693523140068788
0.0014925531150179374
0.001485106408955342
0.0014902393384320306
0.0014919086973618505
0.0014918086325305172
0.001490620538839807
0.0014886905718897122
0.0014862445588567277
0.0014834351317124512
0.0014672587078374826
0.0014824178294146788
0.0014644509197986886
0.0014654620870656805
0.001465203295003903
0.0014641679176305305
0.0014626454716653815
0.0014608068516191177
0.001458760479558008
0.001441530098766847
0.0014599149946757741
0.001440916012594725
0.001443297432461066
0.0014443405083772723
0.0014445948216441427
0.0014443746710226099
0.0014438587702734714
0.0014431572094045272
0.0014251593293230578
0.001447427165379234
0.0014275410718426326
0.0014316434766954373
0.0014342779359697757
0.001436058041658094
0.0014373271617219548
0.0014382739888190385
0.0014390118201194778
0.001420111240999562
0.0014465394640564525
0.0014255176346606227
0.001431344214078958
0.0014547218176841508
0.001432072491099455
0.001436925469225625
0.0014404500844088653
0.0014432319089730875
0.001445582539818534
0.0014476650130224812
0.0014275561416970688
0.0014583806279005987
0.0014576894836378883
0.001436165625629137
0.0014660279215975452
0.001442908469020149
0.0014718347468001022
0.001448215946519914
0.0014552191154248717
0.0014820150563537061
0.0014572826039447068
0.0014637418034221565
0.00146867369534085
0.0014941858792416145
0.0014687282729265666
0.0014749050259765123
0.001479655928269049
0.0015050327200791407
