0.002584524406226852
0.0012177424305772164
0.0007775987300920844
0.0005680767420321435
0.00044684031942805486
0.00036800550878450945
0.0003124939748410812
0.0002711607549393923
0.00023906007883923996
0.00021331058637520997
0.00019211343892584632
0.00017429273550468848
0.00015904387312963816
0.00014579813617326078
0.00013414200040642188
0.0001237675419754895
0.00011444065182073608
0.0001059820100543752
9.999888127067845e-05
9.716647335595308e-05
9.516186748003186e-05
9.317416850390358e-05
9.18598003372565e-05
9.098727277535127e-05
9.056815268363873e-05
9.050991873987221e-05
9.086353151533106e-05
9.151740864297076e-05
9.24385244920661e-05
9.359374918630654e-05
9.50870964721011e-05
9.676259192976756e-05
9.859535479210937e-05
9.989139093738772e-05
9.995388747970042e-05
9.997722840841403e-05
9.995239583825393e-05
9.987158205683103e-05
9.989584249762993e-05
9.984166987792144e-05
9.987691305759717e-05
9.999005010646207e-05
9.999742840826538e-05
9.99018172352123e-05
9.98824032624369e-05
9.992963500187751e-05
9.985669040791529e-05
9.984893431037444e-05
9.989829922630233e-05
9.99974959285285e-05
9.99570666176192e-05
9.997106624256411e-05
9.984790258240622e-05
9.99692668582064e-05
9.993732941080919e-05
9.99525754848125e-05
9.982096690550688e-05
9.993317558938977e-05
9.98840747955825e-05
9.987951545515683e-05
9.991384102691877e-05
9.998199056790224e-05
9.988785642430723e-05
9.98413047984662e-05
9.983582456170324e-05
9.986574898846342e-05
9.992647545191668e-05
9.982114502469082e-05
9.995605083583866e-05
9.991433139234787e-05
9.991160624561798e-05
9.994247293856876e-05
9.980900990932422e-05
9.999765858849574e-05
9.994380729054568e-05
9.991335040994378e-05
9.991505094842194e-05
9.99456297491419e-05
9.980959637010161e-05
9.991304178915184e-05
9.983860306758269e-05
9.999354922527536e-05
9.996259245575617e-05
9.996396351009653e-05
9.999183512105397e-05
9.985223533032676e-05
9.994709809689023e-05
9.986188157950303e-05
9.999981124678648e-05
9.994963966649889e-05
9.992858572693025e-05
9.993028708160183e-05
9.994953283460948e-05
9.998231501983539e-05
9.990657384784304e-05
9.998748578625073e-05
9.9862762109479e-05
9.995205327138578e-05
9.985289684004372e-05
9.996303210132226e-05
9.987870802321147e-05
9.999843995960472e-05
9.991985318937869e-05
9.98599413317944e-05
9.999425316615086e-05
9.992326366197432e-05
9.988294160745085e-05
9.982847938191068e-05
9.996134814685789e-05
9.98834043177455e-05
9.999717770634505e-05
9.990217612004573e-05
9.981863979609941e-05
9.992247601570622e-05
9.993584513122891e-05
9.996305428788547e-05
9.983304813658848e-05
9.989988624295261e-05
9.993946871494e-05
9.995705738030957e-05
9.995658839737292e-05
9.994077386874341e-05
9.991149942464431e-05
9.987013063090737e-05
9.981770296058582e-05
9.99410548493858e-05
9.983233948907023e-05
9.991318340132016e-05
9.995640169057069e-05
9.997095280968368e-05
9.996272552117465e-05
9.993568062572384e-05
9.989262928671407e-05
9.983566597203848e-05
9.995960325112671e-05
9.983983648853124e-05
9.991785112730751e-05
9.995547873984616e-05
9.996314982268855e-05
9.994753515278321e-05
9.991309273741893e-05
9.986298607423453e-05
9.979957568149467e-05
9.992712759638563e-05
9.979905317537698e-05
9.988131598332502e-05
9.99216718759072e-05
9.993197524671723e-05
9.991957236805523e-05
9.988929855759831e-05
9.984455646644821e-05
9.978787244426956e-05
9.993500803658827e-05
9.981239672080122e-05
9.991566710852743e-05
9.997547249253359e-05
9.978563756827391e-05
9.984241520565212e-05
9.986526763327484e-05
9.986531650337975e-05
9.984905859658077e-05
9.982061924166125e-05
9.978285075483129e-05
9.996750429075305e-05
9.986323305393215e-05
9.977438778002262e-05
9.992673730719759e-05
9.979405559509599e-05
9.992125335122264e-05
9.976824236680964e-05
9.988432842254812e-05
9.996208783154158e-05
9.977304807749238e-05
9.987059256831198e-05
9.993596029772346e-05
9.998264391680857e-05
9.976842367581512e-05
9.985748272132471e-05
9.991877621534718e-05
9.996536835216668e-05
9.974869525547667e-05
