2.054943091264748e-07
1.873273702780056e-07
1.6866658566627486e-07
1.5042600284161504e-07
1.3301841879568675e-07
1.1672618424692632e-07
1.0266389202948124e-07
9.103481525651779e-08
8.332111872164997e-08
8.006226202133507e-08
8.187203843940222e-08
8.822749475900253e-08
9.820317934982909e-08
1.1075848667322129e-07
1.2503059309274313e-07
1.4055787739644462e-07
1.5686631037244024e-07
1.733057256442255e-07
1.841244293527967e-07
1.8529513254364715e-07
1.8646240631805493e-07
1.875125505845391e-07
1.884470066180649e-07
1.8936313153276053e-07
1.901619136077758e-07
1.909402115276701e-07
1.9159975908480988e-07
1.9223722657701025e-07
1.9285135586948652e-07
1.934409579194799e-07
1.939101999018612e-07
1.9435473146449924e-07
1.9477384702284622e-07
1.955384298903495e-07
1.9700349739859262e-07
1.985045531286544e-07
2.0003845716397856e-07
2.0160397138753262e-07
2.0311385282358688e-07
2.0466017595731296e-07
2.0615816843999795e-07
2.076110185937254e-07
2.0910626112171206e-07
2.1063997865919297e-07
2.1211780417401172e-07
2.1353120203729467e-07
2.1495631120696504e-07
2.1630063917128156e-07
2.1755965301051674e-07
2.1873004955772058e-07
2.1988694484710934e-07
2.2094715003849007e-07
2.219825975891487e-07
2.2284162981287484e-07
2.2366755621524877e-07
2.2438437564405544e-07
2.2505540492147045e-07
2.2554770614416048e-07
2.2598841919431636e-07
2.2631325846352886e-07
2.2652329073670954e-07
2.266200787929412e-07
2.2665523645954176e-07
2.2657601791728772e-07
2.2638449628359576e-07
2.2608293051927629e-07
2.256737063063813e-07
2.2519686022914962e-07
2.245778185476142e-07
2.2389103339689107e-07
2.2310198190991404e-07
2.2221281528047915e-07
2.2125154064185714e-07
2.2013606885256615e-07
2.1897507553307147e-07
2.1771961036619302e-07
2.163711109038083e-07
2.1493182609120818e-07
2.1341646874366868e-07
2.1180238736739123e-07
2.1011305711455532e-07
2.083348782849828e-07
2.064827687423019e-07
2.045533618316766e-07
2.0254955618427467e-07
2.0047179709760856e-07
1.9832759955565348e-07
1.961114459899714e-07
1.9383872938489803e-07
1.9149624507449813e-07
1.8909519991690368e-07
1.8663864503932162e-07
1.8412964413878508e-07
1.8157126433287332e-07
1.789765481016021e-07
1.7633012771515858e-07
1.7362413693253866e-07
1.7090285029902372e-07
1.681229935815003e-07
1.6533648325676943e-07
1.624945497649196e-07
1.596544751391032e-07
1.5676229598291953e-07
1.5384963476460493e-07
1.509507577256971e-07
1.4800445706653388e-07
1.4504978346695952e-07
1.4208371638625313e-07
1.3914585079960983e-07
1.361668064622874e-07
1.3322269967085726e-07
1.3024081182212304e-07
1.2726159244354305e-07
1.2432623471073778e-07
1.212886946668078e-07
1.1837056761935132e-07
1.1542022631780788e-07
1.1252383273543631e-07
1.0964146154970051e-07
1.0677506001444135e-07
1.0392633153484631e-07
1.0109700088322984e-07
9.828877512962174e-08
9.55032483973405e-08
9.274200302942487e-08
9.005016288332481e-08
8.734068233803101e-08
8.47039307688729e-08
8.209614450904841e-08
7.95188336418454e-08
7.697347643043054e-08
7.446155786805206e-08
7.19845986362283e-08
6.954411861636537e-08
6.718445167306397e-08
6.481982042858566e-08
6.253857280326193e-08
6.029810129693694e-08
5.810013200226362e-08
5.59465362049134e-08
5.383928052517306e-08
5.1780512296701376e-08
4.977252442851279e-08
4.785560380711035e-08
4.5954810772919956e-08
4.414869565486781e-08
4.2401323200949995e-08
4.071592805565778e-08
3.909602316475381e-08
3.754538159802664e-08
3.606813999719028e-08
3.466865261386026e-08
3.337661908697394e-08
3.214396150850361e-08
3.1024009258691505e-08
2.9995721318200215e-08
2.9048023881310326e-08
2.82192179158205e-08
2.749448666879002e-08
2.6876853619775234e-08
2.6368441338939403e-08
2.5970272801765757e-08
2.5682131450428173e-08
2.549654595350901e-08
2.5419817078018597e-08
2.544479109426281e-08
2.555135703878756e-08
2.5761098417794137e-08
2.6034533551145163e-08
2.640307269250305e-08
2.6816432849218334e-08
2.7288823832678065e-08
2.7842026579212125e-08
2.841372432235295e-08
2.902546605716116e-08
2.9671731956097425e-08
3.038122852498875e-08
3.1081736645095874e-08
3.1802750685996754e-08
3.254048153891441e-08
