0.34175508856958486
0.017960487722124333
0.011876294182196547
0.009052960084478005
0.007370141165061674
0.006234635803464863
0.0054082721667205414
0.0047748518959804705
0.004270667557369812
0.0038576195775660966
0.003511358294988295
0.003215585946620202
0.0029589195287098398
0.0027331556892999445
0.0025322201735313407
0.002351518676987282
0.0021875015836692675
0.0020373870006778617
0.0012813671993973502
0.00020904460069673684
0.00020582889699440182
0.00019241663647562665
0.0001799353298867894
0.0001777876802661659
0.00016639902362948426
0.00016502909864994273
0.0001545143911122451
0.00015380242953343093
0.00015331540266480819
0.0001530372567324963
0.00014364546895537082
0.00014384766074972182
0.0001442088585796721
0.00018212086603891522
0.00025666909936819076
0.0002643165487911946
0.0002717655284752044
0.00027898977753478465
0.00027697982405425014
0.00028404326739893903
0.0002819813413312138
0.00028005724617068985
0.0002869842186508574
0.000293601814800181
0.0002913223013879288
0.00028917206875114614
0.0002955864133585246
0.00029328696126204086
0.00029110940081246645
0.0002890459027951374
0.0002952739046180458
0.0002930270566645522
0.00029894480674005073
0.00028853387991180384
0.0002945600897365571
0.0002923555866024859
0.000298066054534733
0.0002879376917956942
0.00029376711776520965
0.0002916070605562704
0.00028956726560639746
0.00028764348870965035
0.00029329740894276196
0.00029119006362530455
0.00028921459411627445
0.0002873664890689216
0.0002856416897703119
0.0002912554860875476
0.00028219793519281873
0.0002879818340261362
0.00028635057069601073
0.00028485230201946384
0.00029050100997679514
0.0002749351103470005
0.00028797384350884786
0.0002865794568062259
0.0002853387292714566
0.0002842340776219595
0.0002900970167444637
0.0002820650853967366
0.0002881377238060532
0.00028039422797390744
0.0002866569716732285
0.00028591080328933664
0.0002852765520226119
0.00029146378810331183
0.00028399979146456587
0.00029037039193956357
0.00028312265461620956
0.00028964913776347874
0.00028925106234000607
0.0002889352146417612
0.00028869213981953183
0.0002885131125803367
0.00028155246600582227
0.0002882005324513528
0.000294759108000545
0.0002877962587441266
0.0002944727275900254
0.0002876055820511332
0.0002943470032413886
0.0002875341583076399
0.0002943125177265233
0.00029417755088798195
0.00028740985243967085
0.00029420988456955213
0.0002943878819994564
0.00029407224441426664
0.0002872524210245799
0.0002939932675061151
0.00028716440265037655
0.000293877230345753
0.00029366557198542834
0.000286796316432068
0.00030863426766600537
0.00028711514597388197
0.0002936026354798115
0.00028656357323961234
0.0002864076106832854
0.0002862227323430789
0.00028600502223801914
0.00028575301962756945
0.00028546606454565496
0.0002851438811536161
0.0002847864501412809
0.0002777912357254845
0.000284183658176878
0.0002771176178539072
0.0002768303453199109
0.0002764955483673552
0.00027611656058640924
0.0002756960379092079
0.0002752361965525324
0.0002747389618417822
0.0002676818058193027
0.0002738450556994604
0.0002667277063039213
0.00026629919348297645
0.000265827142698125
0.0002653155538205205
0.00026476759916824747
0.00026418591175124607
0.0002635727585772315
0.0002565168959832342
0.00026245733502542625
0.00025536038263775237
0.0002548369444000173
0.00025427699741048754
0.00025368476013057877
0.0002530635179853654
0.0002524159597291108
0.00025174436973037515
0.00024477064180425075
0.00025052744162680957
0.0002435302535402263
0.00024297260618272022
0.00024860315588698644
0.00024158755672664008
0.00024096992103208033
0.00024032901000369761
0.0002396683552900628
0.00023899065141474724
0.00023829808381226747
0.0002314944741448132
0.00023705997438922964
0.00023631544426792758
0.00022952156102406897
0.00023499735748854975
0.00022821180573306835
0.00023363067477473543
0.00022686358442311916
0.00022627409155481274
0.00023161066752265633
0.00022487383795707236
0.0002242670791819164
0.00022364924732083612
0.00022889379310495498
0.00022221354222417408
0.0002215975933427769
0.00022097482784160774
