8.309954460836687e-08
9.503441701962853e-09
9.362373062215283e-09
9.118052322334708e-09
8.670980410865916e-09
8.09822565787532e-09
7.494448186210695e-09
6.898492976965238e-09
6.38278320417419e-09
5.9596564137519875e-09
5.627953451961045e-09
5.395875634915766e-09
5.235691527495959e-09
5.102996178470053e-09
4.981400363740682e-09
4.8768908381890185e-09
4.780385984926103e-09
4.682456828756659e-09
4.589814573178838e-09
4.48222960070266e-09
2.8174060372240264e-09
2.850006357997992e-09
2.8688255560377366e-09
2.8766930588634616e-09
2.8769942062465484e-09
2.8630872684997884e-09
2.833638156415257e-09
2.7979080928262854e-09
2.761602746547294e-09
2.725286258120445e-09
2.6868532475348147e-09
2.6471287044406986e-09
2.6088767028051456e-09
2.57353733522563e-09
2.540583078400344e-09
2.509139508952192e-09
2.479785967997262e-09
2.4534325653069543e-09
2.428548296959866e-09
2.4038676122290816e-09
1.7035174506440124e-09
1.7192105602865264e-09
1.7354793978242878e-09
1.7519354076664593e-09
1.7676191693427156e-09
1.7822098820354593e-09
1.7953998935023532e-09
1.8065952642117732e-09
1.8158370249527247e-09
1.824727013826716e-09
1.8343326156909537e-09
1.8439163686963269e-09
1.8530931285426508e-09
1.8611761606687964e-09
1.8680927678445402e-09
1.874005383525175e-09
1.8783916329462835e-09
1.8818720970398586e-09
1.8849043467070226e-09
1.886821134782133e-09
1.8875421190591836e-09
1.8876380040778678e-09
1.8871207369318986e-09
1.885968326261272e-09
1.884475698314398e-09
1.8827245005098697e-09
1.880815334654092e-09
1.879076987074769e-09
1.8775831790621022e-09
1.8762216669027787e-09
1.874537227356112e-09
1.87231725673728e-09
1.869506423635841e-09
1.8662007477713544e-09
1.8624420125919004e-09
1.8586155729763615e-09
1.8552714969324437e-09
1.8529699138227539e-09
1.8517387195399893e-09
1.8511960164361317e-09
1.8506769563305918e-09
1.8493006427790326e-09
1.8467518937517087e-09
1.8435292155273236e-09
1.8402401394323103e-09
1.837150963223541e-09
1.834592088095552e-09
1.8324595984384056e-09
1.8304156532563905e-09
1.8283732536928748e-09
1.8264894534379409e-09
1.824737234804786e-09
1.8228653274986207e-09
1.8207339749773454e-09
1.8182452744308364e-09
1.8151114013781118e-09
1.811227899411067e-09
1.8067818126739675e-09
1.8018445688231858e-09
1.796450584549184e-09
1.790730009708175e-09
1.7848670992489595e-09
1.778982110210245e-09
1.773154045294461e-09
1.767454611430538e-09
1.7618491829031113e-09
1.7562851548515436e-09
1.7507093723704634e-09
1.74508305711203e-09
1.7393523066508995e-09
1.733361530338161e-09
1.726874163882076e-09
1.7199113202760591e-09
1.7125612015153321e-09
1.7049074524731061e-09
1.6970209586230573e-09
1.688923489666174e-09
1.6806233127740786e-09
1.6722727612244667e-09
1.66408349141519e-09
1.6561380854461526e-09
1.6483880103741966e-09
1.6406822654260628e-09
1.6330133758127306e-09
1.625452634784754e-09
1.6181590174008727e-09
1.6112223292037555e-09
1.6047568160798766e-09
1.5988184091222927e-09
1.5933127399518727e-09
1.5882048290841768e-09
1.5834169137633529e-09
1.5789341712594617e-09
1.5746884111378176e-09
1.570643400095247e-09
1.5667874062549935e-09
1.5631436477397513e-09
1.559792128151446e-09
1.5566933745155414e-09
1.5538555171142396e-09
1.5512762581352774e-09
1.5489739618037626e-09
1.5469038761654676e-09
1.545075486013061e-09
1.54348659818975e-09
1.54208685177417e-09
1.540843551294922e-09
1.5397308699810904e-09
1.5387474806762012e-09
1.5378755511761967e-09
1.5371400473802472e-09
1.5365530367306567e-09
1.5360980324281957e-09
1.5357483458348171e-09
1.5354936883630635e-09
1.535319345108706e-09
1.5352146654541601e-09
1.5351520252822547e-09
1.5350722362437373e-09
1.5349124939505085e-09
1.534618748131855e-09
1.5341715382289564e-09
1.5335804302390526e-09
1.532839397484824e-09
1.5319523236456218e-09
1.5309188696275653e-09
1.5297451799716137e-09
1.5284419179553043e-09
1.5270211101614983e-09
1.5254694413970492e-09
1.523781746963711e-09
1.5219503491743567e-09
1.5199583107555976e-09
1.517834701597307e-09
1.5156208820110777e-09
1.513375539764537e-09
1.511157438823898e-09
1.509000308321043e-09
1.5069310434126783e-09
1.504966487929991e-09
1.5030854500936495e-09
1.5012585377977193e-09
1.4994668120748164e-09
1.497694769453919e-09
1.4959337425927614e-09
1.4941948166061368e-09
1.492476981395853e-09
1.4907788468224505e-09
1.4891040111861338e-09
1.4874492650975593e-09
1.4858289809338675e-09
1.4842384299917758e-09
1.482683335986128e-09
1.481170831775965e-09
1.4797011652487842e-09
1.4782959997383215e-09
1.4769524438064344e-09
1.4756774611907386e-09
1.4744697192398903e-09
1.4733360905561304e-09
1.4722618789988436e-09
1.4712389472438483e-09
1.4702678274419247e-09
1.4693335137045142e-09
1.4684097531314097e-09
1.4674832813204738e-09
1.4665480107774399e-09
1.4656054115372166e-09
1.4646745888709765e-09
1.4637493663291407e-09
1.4628429978294804e-09
1.4619610272516074e-09
1.4611096858185315e-09
1.4603017875425907e-09
1.459541069710122e-09
1.4588380000414468e-09
1.458191522846371e-09
1.457597046137211e-09
1.4570405001974707e-09
1.4565103637557715e-09
1.4559862962867533e-09
1.455456124291957e-09
1.4549043854879222e-09
1.4543256016230792e-09
1.45371688077829e-09
1.4530720940094803e-09
1.4523914429200356e-09
1.4516764072146509e-09
1.4509294660862861e-09
1.4501467798149201e-09
1.449330470373146e-09
1.448473777128737e-09
1.4475696392423605e-09
1.4466072217375856e-09
1.4455827605628401e-09
1.4444945098493316e-09
1.4433409293863229e-09
1.4421261396910867e-09
1.4408543756147867e-09
1.4395298975775371e-09
1.4381531136680018e-09
1.4367334843441955e-09
1.4352766025993168e-09
1.4337918690018072e-09
1.432286102485114e-09
1.4307744891685e-09
