0.005755760217993905
0.0017609222009999865
0.000562147379329541
0.00021931191098074763
0.00013974427684541361
0.0001208579547458314
0.0001116956345899858
0.00010467004627816586
9.86743823311425e-05
9.342313910782825e-05
8.877208245448936e-05
8.46232044345409e-05
8.090288880332419e-05
7.755310789814183e-05
7.452691836539654e-05
7.17847152544688e-05
6.92917061733422e-05
6.701795443957096e-05
6.493754168573883e-05
6.302746859981054e-05
6.126840663531723e-05
5.966077989449967e-05
5.816625399898534e-05
5.677311173422275e-05
5.547093545381549e-05
5.4250619991970405e-05
5.310455130843715e-05
5.2026209845683005e-05
5.100978542824417e-05
5.00500423302133e-05
4.914235294230803e-05
4.8282644995835024e-05
4.746729941858333e-05
4.669298536632561e-05
4.595655661870009e-05
4.525505450582583e-05
4.458574846535321e-05
4.394609199459342e-05
4.333370843984293e-05
4.2746395286895224e-05
4.218218294785523e-05
4.16419191237564e-05
4.1120557975551504e-05
4.0616867525154055e-05
4.0129751874901506e-05
3.965823588894058e-05
3.9201477224695396e-05
3.875872059625229e-05
3.832927316157749e-05
3.791250601239935e-05
3.750786347252255e-05
3.7114832650819025e-05
3.6732895067340754e-05
3.636154573496347e-05
3.6000285876711945e-05
3.564864424816879e-05
3.5306179841782326e-05
3.497247458935618e-05
3.464714572805488e-05
3.432982475398279e-05
3.402014349536432e-05
3.3717745850937966e-05
3.3422308791300194e-05
3.313354542531508e-05
3.2851205422067887e-05
3.25750739986091e-05
3.23049586231883e-05
3.2040678624623555e-05
3.178206258948319e-05
3.152895062486814e-05
3.1281189341800526e-05
3.1038621621229897e-05
3.0801086103768665e-05
3.0568414623444915e-05
3.0340440319500998e-05
3.0117005279258943e-05
2.9897956054151244e-05
2.9683144132693563e-05
2.9472433927234065e-05
2.9265684853017902e-05
2.9062752057293235e-05
2.886348480466389e-05
2.866771313472662e-05
2.847526124635636e-05
2.828596577846104e-05
2.809968316455397e-05
2.7916282528213635e-05
2.7735649291869888e-05
2.7557665838509458e-05
2.7382217282256864e-05
2.7209202437045452e-05
2.7038544416385722e-05
2.6870180268602338e-05
2.670405338779508e-05
2.6540113861817103e-05
2.6378316895221436e-05
2.6218624564197908e-05
2.6061004876114784e-05
2.5905433648738538e-05
2.57518880731004e-05
2.5600345211252483e-05
2.5450785918787855e-05
2.530319797149593e-05
2.515757479676159e-05
2.501391161981144e-05
2.4872200792904278e-05
2.4732432219966696e-05
2.4594593658025515e-05
2.4458671323159404e-05
2.4324647814761235e-05
2.41924988730853e-05
2.4062192191754266e-05
2.393368830786678e-05
2.380694289367319e-05
2.368190645822527e-05
2.355852712026644e-05
2.3436753854381084e-05
2.3316537786208796e-05
2.31978365136009e-05
2.3080618942683082e-05
2.296486678109116e-05
2.285056690127742e-05
2.273770357812838e-05
2.2626256270493263e-05
2.25162018229637e-05
2.2407517888338375e-05
2.230018126822017e-05
2.2194166660329185e-05
2.2089450368389986e-05
2.1986014085250662e-05
2.1883846145774836e-05
2.1782939184622687e-05
2.1683287533295295e-05
2.1584884845837825e-05
2.148772414593844e-05
2.1391797455623646e-05
2.1297095708596748e-05
2.1203608856821833e-05
2.111132605755079e-05
2.1020237524947145e-05
2.0930334299968443e-05
2.0841607935870755e-05
2.0754050275159607e-05
2.0667653105555986e-05
2.058240753208258e-05
2.0498304161913652e-05
2.0415334364600244e-05
2.0333488786980542e-05
2.0252756938508507e-05
2.017312651711212e-05
2.009458274835734e-05
2.0017107487866415e-05
1.9940679183657847e-05
1.9865273379321327e-05
1.9790863079213565e-05
1.9717419114027488e-05
1.964491150452072e-05
1.9573310109756962e-05
1.950258565102532e-05
1.9432709347695592e-05
1.9363653075774094e-05
1.929538885295675e-05
1.9227887994893635e-05
1.9161121104734695e-05
1.9095058811458378e-05
1.902967125224466e-05
1.896492958133851e-05
1.890080637836625e-05
1.8837275823527127e-05
1.877431372786358e-05
1.8711897413011457e-05
1.8650005468265278e-05
1.8588617972448508e-05
1.8527716752339518e-05
1.846728526022217e-05
1.8407308711306605e-05
1.8347774113294105e-05
1.8288670406300134e-05
1.8229987722379717e-05
1.8171718233305403e-05
1.8113857172442507e-05
1.805640092352887e-05
1.7999346729267204e-05
1.7942692979935424e-05
1.7886438713416206e-05
1.7830583267671487e-05
1.7775126269947215e-05
1.7720067312718702e-05
1.766540610877714e-05
1.7611142455772203e-05
1.7557275688448793e-05
1.7503805132458403e-05
1.7450729969975542e-05
1.7398049346279353e-05
1.7345762322946187e-05
1.7293867794749947e-05
1.724236499965998e-05
1.719125240081001e-05
1.7140528423393748e-05
1.7090191352918866e-05
1.7040239605447313e-05
1.6990671884055535e-05
1.694148694140382e-05
1.6892683487622148e-05
1.684426067421777e-05
1.6796217686413505e-05
1.6748553916441503e-05
1.6701268819385068e-05
1.6654362198063547e-05
1.6607834070477607e-05
1.6561684918045737e-05
1.651591540859884e-05
1.64705264064569e-05
1.642551857986361e-05
1.6380892154606765e-05
1.633664672012935e-05
1.6292781243515314e-05
1.6249294466582204e-05
1.6206184221821097e-05
1.6163447958791874e-05
1.6121082884982945e-05
1.607908607271113e-05
1.6037454491006942e-05
1.599618481432468e-05
1.5955273544158423e-05
1.5914716879609373e-05
1.5874510810147176e-05
1.5834651096165472e-05
1.5795133355530046e-05
1.5755953124167753e-05
1.5717105829079717e-05
1.567858710608155e-05
1.5640392520139953e-05
1.560251757829106e-05
1.556495786204008e-05
1.552770894425425e-05
1.5490766236198418e-05
1.545412502144219e-05
1.541778042706036e-05
1.53817274272806e-05
1.5345960882395938e-05
1.531047550554446e-05
1.5275265911661578e-05
1.5240326447596524e-05
1.5205651413415255e-05
1.5171235160632369e-05
